16
43
39
42
31
23
22
20
23
23
14
11
12
11
18
12
6
16
12
13
10
8
15
7
4
4
2
5
3
16
31
35
50
28
8
8
7
12
11
15
5
7
11
7
7
9
4
9
8
7
3
5
5
18
25
46
54
17
20
12
8
4
8
7
6
7
13
12
5
8
9
9
13
5
9
7
5
15
35
45
50
24
19
10
16
11
15
9
11
8
8
6
11
8
12
17
15
11
12
12
14
12
14
29
37
38
35
29
13
21
14
16
21
18
19
17
16
15
8
19
14
17
11
13
18
11
21
25
28
36
31
17
14
8
16
19
16
16
15
8
4
6
2
13
15
4
7
9
8
8
34
37
38
21
11
10
7
11
8
7
5
10
5
8
4
13
13
9
5
3
4
2
6
14
35
41
50
36
19
13
11
11
12
11
7
3
6
5
8
9
5
9
5
5
6
1
7
10
31
51
63
25
6
12
7
5
10
12
8
16
8
9
8
10
4
5
5
1
5
3
1
12
37
50
44
30
21
10
8
8
3
7
5
8
9
8
2
5
8
9
9
12
6
7
7
12
35
34
53
21
11
11
10
10
6
5
7
8
12
6
11
9
16
25
21
26
8
8
11
18
16
24
29
28
37
26
17
20
13
21
22
13
25
11
13
14
19
24
21
28
11
11
16
16
21
17
22
37
33
31
28
18
21
18
13
12
8
9
14
14
13
14
11
3
3
8
13
17
31
49
57
27
14
19
8
8
13
11
7
7
3
4
6
3
6
8
11
3
3
6
9
20
30
55
57
22
13
12
15
12
9
10
5
9
9
7
13
9
8
7
9
6
8
2
9
13
35
48
69
24
14
14
18
14
8
17
10
13
4
2
5
11
5
8
12
6
3
4
3
14
36
49
44
28
16
12
10
11
13
9
3
14
7
5
6
5
10
11
11
10
1
8
9
13
39
49
66
27
27
16
12
10
14
11
6
9
11
21
9
11
19
19
14
16
14
7
8
13
22
25
29
31
32
14
10
20
14
13
11
21
17
20
12
21
24
20
22
21
11
11
15
8
24
19
25
34
34
23
20
20
14
12
13
9
14
12
12
11
22
20
10
12
9
1
14
13
30
23
20
20
20
11
11
12
8
11
7
5
10
4
4
5
7
7
5
7
4
5
6
17
31
50
44
19
14
9
14
7
8
4
6
9
4
8
10
6
4
12
9
0
3
6
3
10
37
58
55
27
23
28
21
17
10
7
10
9
7
9
5
10
12
7
5
5
5
4
4
13
46
50
65
26
21
16
12
16
12
11
10
6
15
4
8
10
6
13
5
3
11
5
9
17
42
62
67
32
19
18
9
12
10
12
9
14
4
15
10
15
9
18
14
25
13
13
5
14
29
24
33
30
30
21
17
16
14
16
17
15
28
24
22
19
12
15
23
18
11
9
12
14
20
21
19
34
28
24
17
12
18
14
12
13
7
7
4
6
8
15
13
9
6
7
5
14
30
61
53
24
23
17
13
21
10
11
4
7
8
7
13
2
9
6
6
8
8
3
1
20
30
45
51
27
12
27
6
9
8
9
5
7
6
4
8
5
6
10
5
8
4
2
5
11
27
62
50
26
11
15
8
9
11
13
8
9
7
5
4
6
6
12
7
7
4
3
6
17
47
64
42
21
20
10
11
9
20
9
9
9
9
11
6
5
15
7
8
7
8
6
7
15
31
50
57
28
20
16
11
11
7
7
3
7
17
17
19
17
16
19
14
12
9
16
20
17
35
28
43
35
26
15
19
19
13
15
20
15
17
19
17
27
20
21
16
14
14
11
16
14
22
20
18
37
30
28
18
16
12
21
21
24
18
12
20
13
14
31
18
10
9
8
8
12
37
59
50
24
10
11
7
8
13
10
13
9
7
4
7
7
4
9
9
5
6
2
7
8
26
56
58
35
15
7
9
10
7
6
6
7
11
4
8
5
5
9
5
2
6
6
6
13
37
54
53
23
21
6
17
11
8
6
8
14
9
8
12
9
12
9
7
7
4
5
7
15
51
48
56
34
16
11
15
9
20
16
5
3
10
3
5
2
9
9
5
6
6
5
8
9
38
54
44
20
9
9
7
8
12
6
5
3
8
4
9
6
7
7
6
10
0
5
4
8
12
9
9
11
17
13
13
19
9
5
11
18
20
23
13
16
15
18
13
15
15
10
13
7
16
26
19
25
25
18
9
16
12
12
8
12
11
7
5
5
6
10
17
5
6
5
5
15
47
55
60
25
10
15
12
12
11
5
3
10
10
3
4
3
8
14
3
9
6
2
4
8
34
38
51
28
12
13
9
11
10
6
6
10
7
4
7
1
6
8
7
4
6
5
9
12
36
49
60
33
16
14
7
10
11
10
5
10
8
7
4
5
4
7
8
6
7
3
8
15
52
52
56
20
21
12
11
16
15
12
7
8
11
16
13
6
9
8
4
15
8
9
16
16
38
53
59
27
14
11
8
10
18
15
8
15
11
8
19
14
11
10
16
9
12
5
17
7
33
13
23
39
38
19
11
20
13
17
10
12
29
18
20
22
18
25
18
20
26
20
22
18
23
23
25
32
31
34
17
19
19
15
14
17
19
20
14
13
14
13
15
11
9
3
14
5
17
31
26
22
22
8
13
9
14
14
7
16
16
15
8
9
14
17
8
6
5
4
5
21
26
37
49
20
11
6
8
10
12
8
12
41
14
6
13
6
5
9
13
5
2
6
5
18
41
40
52
18
7
11
5
10
14
10
9
6
7
7
5
6
5
9
6
7
7
2
5
18
29
31
61
26
19
12
6
9
12
11
6
12
4
5
9
8
13
19
8
8
6
2
9
19
35
43
68
27
17
11
9
10
13
6
11
8
10
5
15
9
14
25
20
17
5
11
15
10
33
19
31
41
25
17
20
20
16
19
14
16
30
20
14
15
18
27
15
17
20
13
10
13
26
21
25
30
27
28
17
18
11
25
8
19
8
13
9
9
10
9
19
12
6
7
6
14
40
35
47
27
9
7
9
13
9
8
11
5
7
5
7
9
9
8
7
7
9
5
6
19
39
46
56
25
11
9
10
11
10
5
7
6
5
5
4
9
7
10
9
2
3
5
1
13
49
88
91
36
17
14
14
14
13
4
7
9
10
5
5
10
8
7
5
8
11
8
9
17
37
53
66
36
16
15
13
12
8
7
10
7
8
10
7
5
9
13
14
9
7
8
6
16
34
38
46
21
18
24
15
10
15
11
6
12
11
8
8
18
10
18
11
18
10
19
14
15
34
30
27
39
32
20
20
20
14
22
16
14
25
27
15
23
23
24
16
20
17
8
13
21
17
28
33
30
40
30
23
17
18
13
13
14
20
8
13
11
10
18
9
9
4
4
12
17
41
46
55
21
10
11
8
15
14
15
6
7
8
9
10
6
14
5
4
4
4
2
7
15
35
55
57
13
23
7
9
14
9
6
6
8
4
9
7
7
8
11
6
7
6
7
7
14
35
43
58
23
16
15
5
13
15
7
3
9
10
8
5
4
3
7
7
9
5
3
6
19
34
53
61
16
16
6
10
6
10
13
6
7
5
4
6
7
5
8
15
7
3
9
11
10
34
40
53
27
12
14
9
8
8
9
13
9
9
12
11
14
19
23
11
12
3
11
10
12
27
22
27
42
26
22
21
14
16
14
18
22
19
29
19
22
21
25
19
20
16
21
18
21
23
34
32
32
32
17
23
20
19
14
11
14
13
18
15
12
19
11
11
2
4
6
13
37
49
41
27
12
11
17
11
9
6
4
5
5
7
9
9
7
9
8
9
6
4
9
23
50
42
53
22
13
12
11
8
8
13
5
4
3
7
6
4
11
10
5
2
3
3
7
17
31
59
54
27
12
9
13
13
13
8
8
11
10
10
7
11
7
7
9
5
8
11
4
25
41
61
64
25
19
14
5
6
11
5
7
17
6
4
7
4
11
11
13
13
11
5
11
21
40
55
57
35
12
19
20
22
15
12
10
11
6
9
12
13
13
15
22
17
12
12
9
21
35
41
36
70
37
30
21
21
28
21
9
30
22
15
26
24
18
41
20
20
25
15
22
10
27
23
31
49
37
45
29
17
17
24
13
14
23
16
11
10
14
20
21
16
5
7
18
16
45
46
64
24
13
19
6
9
12
7
7
7
8
7
9
9
9
9
7
4
2
9
7
15
39
51
60
35
11
14
11
13
10
11
6
9
12
4
5
0
9
11
11
3
5
7
11
13
36
53
52
16
10
13
9
9
9
6
8
9
7
6
6
7
12
8
10
7
5
11
7
15
41
47
52
31
18
7
14
8
5
3
10
17
17
12
15
10
11
15
9
9
10
5
12
18
38
59
63
22
18
15
19
8
7
12
13
4
10
14
13
17
9
20
21
18
14
14
18
23
26
24
26
44
34
22
22
16
13
13
22
10
25
23
17
15
24
20
21
24
21
19
15
2
28
24
21
33
25
25
21
16
25
17
14
5
13
9
7
9
13
13
9
12
3
10
10
20
42
45
45
24
18
15
11
6
5
10
11
5
4
7
8
7
8
11
8
10
10
7
7
13
36
38
50
29
16
7
9
10
8
8
7
5
8
5
6
8
9
13
8
14
6
4
5
18
36
34
44
25
12
7
10
9
10
16
7
8
9
8
7
8
4
5
6
9
6
8
8
13
34
48
52
27
12
15
9
7
5
11
12
9
10
7
2
6
16
9
7
16
8
8
13
18
26
34
42
23
32
18
10
10
13
10
15
7
16
12
10
9
13
19
18
11
14
13
16
15
18
12
21
30
21
18
17
16
20
15
7
16
19
12
17
10
20
23
20
19
14
12
17
11
21
25
14
22
29
24
26
21
12
15
13
8
14
11
8
10
12
9
8
7
6
4
8
17
33
34
39
25
12
14
8
6
5
10
10
6
5
10
7
8
7
6
12
6
9
4
8
10
30
38
49
29
17
10
7
10
10
10
8
10
3
3
6
8
6
6
8
4
4
4
7
13
39
48
41
17
15
11
5
11
8
10
4
5
6
8
7
5
7
8
5
6
6
3
5
18
33
61
54
24
4
8
12
8
10
6
6
10
10
7
7
7
15
16
6
15
10
3
9
16
25
51
61
33
22
9
7
15
11
10
9
6
11
7
9
11
22
15
16
14
13
12
13
14
25
24
22
37
29
11
23
11
9
6
17
15
19
15
24
16
14
16
15
13
16
19
15
14
20
11
21
29
29
30
22
13
17
10
10
10
9
8
6
7
11
8
13
12
6
5
11
13
38
41
39
22
13
11
14
7
8
6
4
7
6
4
4
9
7
5
9
7
3
4
5
12
25
40
44
19
16
13
10
7
5
4
6
6
11
8
5
3
7
11
5
8
8
4
6
14
35
33
48
19
15
7
14
15
13
5
13
5
3
6
4
3
10
4
3
8
8
3
7
16
35
56
51
29
25
4
6
5
11
4
6
8
5
7
11
10
11
11
19
4
4
8
10
18
31
46
57
30
6
8
8
7
10
11
7
7
3
11
5
14
6
15
16
17
11
15
13
13
20
26
31
31
23
26
13
9
12
12
10
13
19
17
12
13
33
25
25
21
10
19
11
13
24
13
26
30
32
26
15
12
12
15
6
13
12
8
8
13
8
15
17
9
3
6
14
9
68
57
42
24
15
13
15
8
9
9
9
8
7
10
10
6
14
11
9
7
8
5
6
13
28
43
43
22
7
9
10
8
11
9
4
9
4
6
5
6
6
8
6
6
4
4
8
15
34
55
48
34
12
14
6
4
15
10
7
7
9
3
6
4
6
14
8
8
6
7
7
17
31
57
50
29
16
11
7
9
7
10
6
8
7
6
8
5
15
9
11
10
9
4
11
14
26
42
53
20
16
12
7
8
14
10
10
9
12
12
9
14
10
14
15
18
12
8
19
16
25
23
27
35
18
27
14
7
14
12
9
15
20
10
16
15
14
10
36
18
23
11
13
17
21
20
21
24
29
33
51
17
11
20
9
10
6
10
4
11
8
17
12
4
7
2
9
12
29
34
40
21
7
10
10
6
7
4
3
5
7
7
7
4
8
6
8
3
5
5
7
19
38
49
52
29
13
15
6
10
6
3
6
8
3
10
9
15
14
10
8
11
3
8
6
9
37
49
49
19
14
6
12
8
4
5
3
5
10
2
6
8
13
13
4
10
10
5
12
21
32
48
49
26
15
11
9
7
8
10
7
11
9
7
7
5
11
12
7
2
7
2
9
8
36
46
57
23
15
13
8
11
5
11
7
6
15
9
7
11
11
17
24
23
11
6
20
13
24
21
30
22
29
24
13
6
7
15
12
11
20
17
14
12
17
25
26
16
11
10
17
11
18
14
24
25
18
21
14
15
15
9
17
8
10
12
8
10
5
3
9
8
7
4
10
12
40
37
44
22
10
7
8
6
7
6
8
9
5
8
4
6
8
12
3
5
3
2
2
10
36
42
45
18
9
10
8
9
10
7
10
7
4
4
7
6
6
5
