27
75
88
103
84
39
26
19
10
16
7
13
9
14
22
12
10
6
10
7
13
20
22
18
16
24
8
14
9
15
14
14
13
8
3
8
7
4
8
9
6
4
6
9
7
16
15
19
18
22
12
9
9
4
9
12
10
5
5
5
6
5
8
5
7
3
3
12
10
8
12
20
18
17
13
15
17
7
15
12
5
5
3
5
2
6
9
2
4
1
3
5
10
9
12
24
33
39
29
27
35
15
9
13
15
10
12
13
6
7
10
9
10
3
7
8
12
19
8
18
59
53
27
41
36
6
13
13
13
18
18
6
11
11
4
6
5
6
11
8
14
15
16
16
17
16
6
2
13
10
17
16
13
8
5
3
6
7
6
2
4
4
4
3
9
7
11
18
24
8
6
9
5
7
8
6
5
8
4
7
7
5
6
3
5
4
4
3
9
9
15
12
17
9
12
8
9
13
10
11
7
5
1
7
2
1
6
2
1
3
7
5
1
6
11
10
24
22
9
12
10
6
11
20
9
1
1
6
6
4
7
5
1
3
7
9
9
10
13
26
16
19
17
11
11
11
16
12
15
3
5
2
4
7
8
4
3
7
16
15
9
15
12
16
33
35
41
27
20
10
8
13
18
14
11
7
8
8
5
2
4
3
9
9
14
16
13
19
38
41
45
55
42
12
12
12
14
17
13
7
7
4
7
7
7
10
10
10
15
13
15
21
18
16
9
5
8
7
16
8
9
2
4
9
5
3
4
0
0
0
2
3
6
12
11
20
13
13
11
5
5
4
9
19
5
5
4
5
2
5
6
10
5
2
5
5
7
9
14
15
30
16
12
7
12
3
13
13
16
6
9
8
8
5
6
2
5
4
8
8
8
17
21
19
28
19
8
8
7
19
15
19
11
7
4
4
3
7
7
5
8
5
7
7
8
10
16
13
21
24
16
15
7
10
13
17
11
9
4
7
7
7
5
8
6
6
13
7
15
14
22
20
49
42
45
37
29
21
13
10
18
14
12
8
10
12
9
6
8
8
11
20
8
9
21
17
36
46
42
53
34
19
11
11
10
15
10
11
6
9
7
3
9
11
5
18
22
11
30
29
36
29
22
14
9
6
7
7
9
2
4
6
4
8
2
5
12
8
6
10
12
11
9
15
14
13
6
5
8
7
9
14
11
4
4
3
6
3
9
3
8
6
2
3
8
10
10
23
20
11
9
4
7
9
10
11
7
4
2
3
2
4
6
6
3
3
6
5
7
12
21
12
16
15
9
10
7
7
9
16
12
6
4
5
4
2
1
4
7
5
2
5
9
14
13
17
27
23
13
14
16
9
14
29
12
7
7
5
2
1
10
1
6
9
8
6
8
17
21
29
34
43
46
38
27
16
12
14
12
12
6
8
5
2
5
6
7
13
10
10
13
12
10
27
49
65
43
48
43
23
9
7
13
10
7
9
9
9
9
8
4
8
13
8
17
19
15
15
23
14
9
8
13
7
10
21
12
3
4
0
5
3
4
0
2
6
5
1
11
11
6
31
20
14
15
7
5
4
9
10
4
4
1
4
5
6
7
0
3
6
2
7
6
4
10
29
15
10
11
6
4
4
10
10
10
6
5
3
5
6
7
3
4
4
1
7
3
13
14
17
24
16
13
14
14
6
11
18
9
6
7
5
3
4
4
7
2
2
4
8
6
14
17
22
31
19
28
17
8
7
15
24
17
11
2
5
9
10
8
6
5
1
10
14
9
19
28
36
51
66
47
32
23
9
14
9
26
16
15
9
9
9
7
10
8
6
10
13
6
11
24
23
50
48
55
40
37
16
14
12
12
14
13
14
15
6
8
6
9
12
17
7
24
20
13
53
34
21
13
9
12
7
13
20
13
8
6
5
5
9
5
8
3
4
1
6
2
13
10
15
13
12
9
9
7
7
11
14
8
1
6
4
6
4
6
7
4
3
5
3
3
11
13
16
15
16
8
18
3
4
9
16
5
8
4
7
1
5
4
3
3
6
4
7
8
13
17
15
18
22
9
13
8
8
12
12
6
8
4
5
12
7
10
2
1
7
2
6
9
11
11
15
15
26
15
19
16
6
14
9
17
9
4
3
1
4
4
6
2
6
5
9
7
6
15
12
14
13
8
2
13
5
7
8
3
5
7
2
8
0
4
3
4
6
10
5
12
20
11
27
41
52
43
46
29
18
13
11
8
13
14
8
5
7
5
7
12
9
5
7
15
10
20
19
19
17
13
13
3
8
9
15
16
5
6
9
4
1
5
4
6
2
4
2
2
6
11
14
18
18
10
6
5
9
14
13
6
3
5
2
3
4
4
9
2
4
5
8
2
4
10
17
26
16
8
8
8
6
10
15
15
7
5
4
1
6
4
1
4
2
3
5
4
13
11
20
25
18
13
8
12
4
13
9
10
13
10
8
9
3
7
3
1
6
10
9
12
12
17
25
37
27
15
22
12
7
14
13
11
8
6
1
3
4
7
4
10
4
12
8
13
16
18
24
45
53
44
37
37
13
12
18
15
20
9
6
7
12
4
4
9
9
8
15
11
13
24
36
46
51
53
35
41
15
16
8
13
16
17
15
9
7
12
5
8
10
12
8
23
21
16
42
38
20
22
14
14
7
20
8
9
7
5
10
8
4
4
7
4
5
8
15
12
18
20
25
24
14
10
7
4
2
6
8
5
6
3
2
2
3
3
7
2
0
6
2
10
7
16
14
14
13
9
8
10
3
12
18
5
5
5
2
2
4
5
2
5
4
5
8
8
14
11
13
20
19
6
6
2
8
10
12
8
7
1
3
4
6
7
2
4
4
6
6
6
6
24
17
20
13
19
12
11
7
8
21
14
12
5
9
4
4
7
9
1
3
10
10
7
12
17
25
44
53
50
39
33
13
14
14
16
10
17
7
7
10
6
8
9
11
12
12
13
8
13
31
41
55
54
54
44
18
11
15
15
18
9
9
11
10
9
8
9
7
12
7
13
18
14
22
38
12
12
12
9
8
14
16
9
4
2
7
4
3
5
3
5
3
1
6
6
6
12
25
14
19
8
12
3
4
11
11
6
4
3
1
3
2
5
2
1
8
0
7
3
5
23
19
23
20
12
8
8
9
14
19
11
11
6
5
7
9
5
9
4
1
7
7
10
12
22
17
14
16
12
7
5
7
7
16
9
5
4
7
9
5
5
4
6
4
7
8
6
11
16
18
24
23
18
10
6
5
11
13
9
16
9
7
7
8
9
10
6
3
10
8
10
12
22
25
41
58
47
49
35
20
13
18
22
12
18
10
10
8
10
10
4
10
13
13
14
11
21
29
44
35
65
50
41
17
13
11
14
14
18
12
13
8
4
7
10
13
13
11
13
19
23
19
23
8
12
6
5
4
11
11
8
1
3
7
8
7
7
6
4
4
1
6
4
12
14
11
11
14
10
5
3
6
8
14
8
7
2
2
4
6
6
8
2
2
6
3
3
10
8
21
17
22
8
7
5
6
15
19
10
2
8
7
5
10
8
3
5
4
2
10
12
16
9
21
18
9
7
1
8
2
9
18
10
7
4
5
2
5
5
1
2
4
4
3
12
8
13
13
15
21
11
12
18
9
13
21
10
8
8
7
3
4
5
4
3
5
5
6
8
10
16
25
28
34
41
29
24
21
16
12
16
15
8
12
10
5
11
3
5
4
9
11
14
15
17
22
41
59
79
56
23
22
16
13
15
22
21
10
7
13
3
4
11
8
10
9
22
23
29
21
23
15
10
8
11
6
22
12
7
5
6
5
7
3
2
4
5
3
5
6
12
15
17
21
17
10
11
7
5
11
9
14
6
3
7
2
3
5
3
6
6
3
4
5
8
7
21
22
16
11
16
8
5
9
16
15
4
2
5
5
4
8
4
3
7
6
3
5
13
19
21
28
22
19
8
10
3
15
13
18
5
7
4
5
9
1
2
6
6
6
4
11
9
18
18
27
33
20
12
14
8
20
19
8
9
7
10
5
8
9
7
5
4
10
3
10
14
17
24
34
61
44
49
37
12
12
18
22
10
15
6
8
12
6
8
6
18
11
18
14
17
25
43
46
46
60
42
50
22
18
15
17
14
24
12
11
7
15
2
7
10
15
18
10
23
27
33
32
23
11
14
19
20
15
13
17
3
5
7
10
2
8
9
3
6
11
3
10
8
14
28
23
25
7
10
3
8
10
24
11
3
6
3
5
5
4
3
5
4
3
5
6
13
25
19
24
21
16
7
8
8
10
12
8
9
6
9
5
5
3
4
3
4
10
5
5
11
22
26
27
11
6
7
10
11
19
17
13
12
5
6
2
4
6
6
5
4
7
10
12
14
27
36
22
20
15
13
10
7
12
14
13
8
3
5
12
6
7
6
5
3
6
9
12
9
25
26
58
59
53
40
38
14
15
10
20
14
7
5
14
12
9
7
3
8
7
11
15
17
25
27
46
56
58
61
45
21
12
19
15
19
20
7
11
11
7
9
8
8
12
10
21
26
30
21
20
23
15
6
8
13
13
9
5
6
8
6
6
9
2
7
7
5
2
2
11
11
11
15
24
17
11
7
4
6
7
11
9
3
2
7
2
3
2
2
4
6
3
5
10
8
19
21
28
27
13
8
10
9
13
12
5
1
10
0
3
8
5
3
1
2
6
3
13
18
12
23
26
18
12
11
9
5
11
11
13
6
4
4
4
5
8
5
3
2
4
5
8
7
9
17
29
36
22
21
18
10
20
15
11
7
5
5
6
8
9
3
5
4
8
9
11
12
20
35
37
40
40
28
36
17
17
12
18
15
10
10
10
8
11
9
7
4
3
11
16
11
17
30
38
52
42
60
38
16
17
15
17
21
11
16
10
13
10
5
6
10
13
8
18
18
23
18
27
17
14
7
8
11
12
21
9
6
6
7
7
6
3
5
6
11
1
4
5
14
18
15
25
23
13
7
3
7
8
17
5
3
6
5
2
2
5
2
3
3
8
7
8
16
12
11
19
22
8
6
8
11
9
20
7
5
3
3
5
2
6
1
3
8
3
3
13
13
17
27
22
23
10
9
10
8
15
16
11
5
8
1
3
5
3
2
0
5
6
7
12
19
20
21
24
25
33
10
14
10
18
12
4
8
8
2
3
2
6
3
3
3
4
7
7
18
23
37
46
52
43
28
42
12
17
19
21
18
17
9
16
7
3
11
6
9
6
7
10
18
13
28
41
50
55
50
33
14
13
13
17
17
15
12
11
7
8
5
5
5
5
9
2
13
23
29
33
29
16
10
12
12
18
15
2
7
3
9
2
4
13
5
1
4
4
12
6
9
18
17
18
16
7
6
6
5
16
14
11
3
2
1
1
7
1
3
0
9
0
8
11
11
11
19
17
20
13
12
11
7
9
15
9
5
1
4
5
4
5
3
2
5
5
14
11
8
12
23
24
17
12
11
15
5
16
14
13
11
3
3
5
2
10
2
2
6
5
5
6
19
12
22
28
26
19
12
12
13
20
19
16
4
5
9
2
2
10
7
1
2
7
7
11
16
17
31
28
51
42
35
30
15
14
17
24
15
17
7
9
5
1
7
6
10
7
13
12
11
19
25
50
46
53
48
49
21
18
10
11
19
9
14
9
6
5
6
4
10
8
12
8
19
17
28
29
21
14
8
9
8
15
16
7
2
2
5
3
9
7
4
3
0
6
10
7
12
19
18
21
18
11
3
8
7
6
5
12
4
2
9
1
3
4
3
10
4
9
1
8
6
12
12
20
18
11
11
8
7
12
4
12
9
0
3
4
8
4
7
3
3
8
1
10
10
21
19
23
12
23
6
15
10
10
13
16
4
2
7
5
4
4
3
4
3
4
2
7
12
14
23
30
24
17
15
12
11
13
14
17
5
8
7
4
11
8
1
2
6
11
12
12
12
23
32
39
49
65
55
31
22
16
14
26
15
12
6
7
4
9
4
10
7
3
10
15
15
17
34
51
71
62
54
51
13
17
18
17
21
16
7
9
13
4
6
8
10
10
7
8
16
28
23
20
14
15
10
9
15
17
21
9
3
4
3
5
8
5
1
5
3
2
3
9
15
12
15
15
16
10
6
5
8
19
16
10
6
6
2
2
7
5
1
3
4
2
10
8
9
25
13
19
16
7
12
10
11
11
9
14
5
1
5
1
5
3
2
10
2
4
3
11
13
16
14
18
20
10
8
14
7
12
20
8
8
6
9
3
2
3
5
6
2
5
5
8
5
19
16
19
21
21
17
7
10
9
12
9
10
5
8
3
9
12
7
5
6
8
5
11
16
15
22
41
46
45
41
37
11
7
13
13
16
10
3
7
5
6
6
6
9
8
8
14
12
22
25
50
56
56
49
34
18
14
7
11
17
18
10
6
10
6
9
4
7
15
8
12
13
22
22
19
14
15
7
5
3
8
12
11
6
6
4
3
4
9
6
3
3
4
5
5
9
11
13
9
17
4
2
8
6
10
17
12
4
4
5
5
7
7
5
0
3
6
2
9
12
16
23
