31
29
18
21
2
3
2
7
6
27
17
29
36
51
61
32
22
22
10
7
6
7
5
4
3
1
1
2
1
3
17
45
35
60
41
90
43
88
52
37
32
55
41
23
18
12
14
6
2
1
0
0
0
3
23
42
48
65
55
80
48
83
64
34
15
45
28
34
23
14
15
9
3
2
0
1
1
2
22
44
58
86
60
93
27
64
60
34
27
55
47
44
30
17
21
15
14
6
7
3
1
1
5
6
9
32
35
83
57
99
68
44
41
60
67
51
37
21
51
19
34
21
8
0
0
1
2
2
11
26
42
50
50
64
56
32
33
35
20
24
12
12
13
5
2
1
1
1
3
3
25
38
71
71
50
44
22
30
49
18
26
31
40
24
17
12
15
10
7
4
0
0
1
2
21
44
73
95
63
48
26
35
36
18
23
37
28
33
32
20
16
3
3
3
0
0
0
7
21
40
52
60
61
66
40
47
42
20
22
34
36
23
23
22
22
10
5
2
0
0
0
2
15
50
46
78
57
52
26
39
57
21
29
42
44
44
30
35
33
14
7
5
2
2
0
3
21
39
47
70
57
49
44
40
44
30
20
55
70
50
18
15
24
17
11
9
5
4
0
2
5
2
15
41
41
39
49
63
54
38
39
42
42
41
31
36
46
31
50
29
23
13
9
2
3
2
10
29
31
49
34
46
41
30
38
35
26
22
16
11
19
8
3
5
4
0
3
2
23
50
106
107
49
35
26
27
29
25
13
40
48
33
13
22
12
7
4
1
0
2
0
2
20
47
82
112
68
43
42
41
33
19
21
41
48
48
42
38
34
10
1
2
0
0
1
3
13
49
52
64
56
46
41
32
22
19
23
41
64
57
34
38
20
14
7
4
0
0
1
3
13
38
52
67
44
46
47
47
44
46
25
45
55
35
28
55
64
51
14
5
3
2
3
4
19
34
63
75
51
50
45
45
36
20
22
53
52
52
42
41
34
14
26
12
6
2
2
4
2
4
18
40
48
52
66
56
67
38
29
46
45
41
49
26
52
46
15
13
17
2
4
0
2
1
8
26
36
49
45
39
50
35
30
39
30
23
20
14
21
7
9
7
2
2
3
3
7
23
58
49
39
39
39
46
44
27
30
40
34
24
18
15
10
10
2
4
0
2
1
5
10
42
72
80
68
50
48
44
48
19
23
40
53
32
17
14
16
9
4
1
1
2
0
6
8
53
54
77
54
32
41
42
42
34
28
47
50
34
32
27
22
8
2
0
1
0
1
2
7
43
41
42
50
64
36
36
40
25
22
52
44
41
25
39
26
10
10
3
0
2
0
7
10
38
67
66
46
53
45
40
34
24
20
41
49
46
32
24
24
12
8
16
3
0
1
2
3
4
26
38
27
54
45
44
61
37
25
41
40
25
32
35
40
33
43
24
8
9
1
0
1
7
20
21
24
47
36
55
64
30
30
28
31
18
22
8
12
7
0
4
1
5
4
4
13
40
82
78
63
36
28
31
29
16
16
25
52
27
26
17
12
3
1
0
0
0
0
2
15
50
79
80
66
50
42
37
28
33
13
32
38
74
45
27
13
12
2
2
0
0
1
2
8
52
68
80
53
52
42
28
36
24
21
36
45
51
40
27
21
5
7
1
0
0
1
1
8
38
51
55
43
45
33
34
40
26
23
44
57
64
44
33
21
13
7
2
1
0
1
1
17
46
47
57
53
39
30
42
50
34
21
43
45
56
30
24
24
12
26
15
13
5
1
2
2
12
23
27
24
55
48
50
82
35
15
59
56
43
39
26
38
33
28
11
10
6
3
1
1
7
12
25
22
47
35
45
42
29
34
42
18
14
17
15
19
27
10
3
1
2
1
2
15
46
46
51
51
53
42
44
37
19
18
29
31
33
22
55
32
7
3
1
0
0
0
2
7
41
55
59
46
42
34
37
33
20
24
27
49
26
13
20
18
6
2
0
0
1
0
0
18
50
43
46
48
59
24
36
36
28
20
47
36
31
37
13
18
31
9
1
0
0
1
3
17
61
49
61
54
68
42
55
37
31
22
39
53
38
39
49
29
23
10
7
2
0
1
3
12
36
42
44
36
47
33
34
25
22
24
12
10
15
11
14
7
5
2
1
1
0
1
0
0
2
1
8
13
12
13
23
29
18
19
24
43
45
40
21
29
24
20
11
6
5
3
1
1
8
8
22
37
65
55
49
51
28
26
22
10
15
14
7
17
4
7
0
0
0
0
2
10
51
87
107
63
51
28
34
29
20
18
27
34
34
15
21
16
6
1
2
0
1
0
0
9
48
100
74
54
53
43
34
43
25
18
39
38
37
13
12
17
8
2
2
1
0
1
1
20
57
65
80
54
61
37
28
43
29
19
44
51
58
52
73
52
16
6
0
2
1
2
2
16
57
61
54
70
66
42
45
43
30
18
55
64
45
35
17
47
36
4
8
2
3
3
5
26
58
49
69
74
56
38
60
49
36
27
37
44
45
34
32
35
17
15
12
8
1
2
1
7
8
13
27
44
59
52
40
54
35
28
46
40
53
32
24
66
39
21
17
10
14
0
1
4
4
11
16
50
58
50
57
59
29
33
53
41
37
23
10
23
17
9
4
3
1
3
0
10
20
33
64
59
73
50
65
52
28
20
54
29
25
17
3
11
2
4
4
3
1
0
1
13
68
50
65
54
55
48
46
61
15
23
38
41
31
15
20
19
17
3
1
1
0
0
2
19
60
49
65
61
70
58
47
54
19
17
37
47
47
22
39
30
9
3
1
1
2
1
4
33
59
50
65
76
73
51
49
54
35
20
49
40
40
27
34
22
14
7
2
1
2
0
6
20
40
55
68
61
56
39
41
41
22
30
54
64
57
32
29
35
29
14
10
9
3
1
4
7
5
9
30
42
61
58
49
44
37
25
39
50
39
49
31
46
52
37
28
16
25
8
2
9
6
14
33
34
60
42
54
38
21
25
25
28
14
9
11
11
5
4
0
0
0
0
5
28
52
65
89
80
63
59
41
41
19
25
33
45
40
24
21
23
5
4
2
0
0
0
2
26
51
68
89
63
62
36
44
32
29
26
37
42
37
20
22
13
8
2
2
0
2
0
3
22
51
47
49
62
65
38
39
23
16
17
26
44
38
27
21
17
16
3
0
2
2
1
6
22
42
46
65
69
73
41
45
26
22
22
34
43
41
35
37
40
10
7
0
1
2
1
4
19
35
42
66
63
61
39
38
41
26
21
49
65
39
33
23
30
23
17
19
5
6
2
3
7
1
12
45
50
76
48
47
76
40
39
45
44
43
54
43
38
21
36
17
16
10
3
1
3
1
7
28
35
71
49
38
35
23
22
34
21
22
17
21
21
6
2
1
0
0
1
4
18
41
47
70
63
73
41
42
57
23
17
46
50
37
20
14
14
12
8
1
0
0
0
3
22
51
55
81
77
73
57
38
40
28
23
41
54
28
26
24
34
13
9
1
0
4
0
2
19
41
50
63
61
59
46
35
36
22
28
24
39
40
27
18
26
10
5
3
0
1
0
3
9
52
46
54
70
47
42
43
29
25
10
51
55
40
50
47
27
19
11
1
2
1
3
3
12
33
41
60
56
54
47
37
24
28
28
43
38
60
35
39
55
17
29
16
10
5
1
1
6
2
10
43
47
75
75
55
78
49
28
54
55
37
38
27
38
26
19
12
12
3
4
3
3
11
28
29
86
72
60
60
30
20
32
35
23
16
18
25
5
2
0
1
0
1
5
23
27
42
78
64
78
42
45
54
29
21
37
39
22
18
17
26
3
7
4
1
0
1
4
22
48
45
67
56
74
33
48
51
24
16
35
41
38
25
27
20
9
2
3
0
2
0
3
18
47
61
58
61
71
57
69
44
34
24
42
43
43
30
37
24
16
4
3
4
4
0
3
21
40
48
85
59
82
43
49
47
38
20
39
63
60
30
15
12
11
11
2
1
0
0
2
24
34
74
108
79
71
39
57
43
36
27
46
80
58
41
33
41
24
10
12
4
6
3
0
2
2
23
42
54
73
60
72
54
52
22
50
55
42
28
37
44
49
28
29
17
4
0
1
2
0
4
10
9
70
34
40
51
42
30
38
31
22
22
18
14
11
3
2
0
1
1
0
12
33
53
63
60
75
45
32
48
26
13
34
37
26
25
21
12
5
2
0
0
1
0
4
15
37
46
70
70
65
33
42
34
25
18
32
30
30
19
20
14
7
8
1
0
1
1
5
27
37
41
82
73
68
34
40
54
54
25
34
36
40
23
30
16
9
4
0
0
2
1
3
15
46
54
82
56
57
44
38
35
34
24
35
40
30
30
21
18
22
6
3
1
1
0
4
19
29
61
68
66
66
42
38
40
57
18
63
55
51
40
33
32
13
16
4
7
3
1
2
0
3
13
33
49
82
83
66
86
53
30
57
47
47
51
46
57
34
32
24
18
10
1
1
2
1
14
27
43
61
36
56
72
51
27
44
25
17
11
16
13
1
1
1
0
0
1
5
20
30
54
68
65
73
49
47
40
26
21
29
30
28
16
19
8
5
3
0
0
0
0
2
13
31
69
64
68
71
43
45
77
67
29
45
54
30
21
20
22
6
5
0
0
3
0
5
17
60
68
83
82
75
50
55
62
46
22
58
64
60
40
32
24
11
3
0
0
1
0
1
10
33
72
92
89
84
58
48
75
55
24
46
74
62
34
36
45
20
12
1
3
0
0
2
2
15
44
95
89
84
60
59
91
70
43
59
76
58
41
43
31
18
15
9
7
0
0
1
3
4
21
44
56
101
62
69
104
71
34
67
72
42
64
39
41
24
8
11
5
4
0
1
2
1
8
26
25
61
37
41
47
48
30
36
28
25
26
11
9
3
2
1
0
0
2
5
7
30
66
66
75
72
49
42
56
43
29
58
41
25
23
5
10
1
6
0
0
1
1
3
8
37
64
78
64
88
46
52
63
28
26
47
48
35
26
25
35
36
35
5
1
0
1
3
15
34
58
75
71
61
60
42
57
31
25
49
58
54
45
48
21
14
5
0
1
0
1
2
10
40
61
76
73
73
52
45
64
58
18
50
73
52
29
39
34
23
9
4
1
0
3
6
10
35
66
84
85
67
60
58
46
39
29
43
70
58
35
31
26
14
17
12
7
3
2
0
2
5
27
59
49
74
57
34
77
61
37
50
55
69
70
57
42
31
19
11
8
16
2
2
1
3
12
39
39
57
53
62
44
41
35
30
35
28
19
23
22
7
0
0
0
0
0
4
18
51
53
52
57
75
49
53
42
35
26
38
42
33
28
19
14
12
5
0
0
0
3
1
14
50
54
70
64
59
46
32
63
48
19
47
60
58
35
19
11
8
2
1
2
0
0
1
12
42
58
58
58
59
45
50
41
35
29
42
56
56
14
15
26
10
7
3
5
1
1
3
10
43
54
69
74
51
39
40
43
33
30
43
44
40
31
24
22
13
7
4
1
1
1
3
14
41
59
74
71
60
37
43
34
25
25
38
53
55
29
26
19
14
9
10
8
5
1
1
1
6
28
50
47
65
41
53
78
53
32
39
42
48
48
42
37
30
19
16
6
1
5
1
1
2
14
36
52
61
40
58
75
33
38
36
26
28
21
20
13
8
3
2
1
2
1
0
11
40
65
102
67
64
51
51
35
23
32
39
49
49
13
14
11
8
1
1
0
0
1
4
7
48
57
72
69
75
46
58
58
41
26
33
55
45
22
11
22
8
2
1
0
0
1
0
10
45
49
75
62
81
52
51
62
38
21
46
55
61
32
19
14
12
6
2
0
0
0
0
14
51
66
67
57
65
52
53
42
29
29
48
60
47
29
30
39
31
6
8
1
1
1
0
12
39
50
59
52
58
49
40
48
32
37
31
64
70
34
49
26
38
31
17
5
0
3
1
1
11
33
39
36
78
49
57
63
55
51
49
49
55
51
32
50
45
24
11
5
4
5
1
3
14
22
28
37
72
56
66
74
47
28
42
31
26
22
17
15
6
2
4
0
1
1
1
10
40
68
88
58
61
32
48
59
26
22
38
49
31
28
15
16
11
2
0
1
0
0
1
19
59
81
97
60
50
47
41
50
32
28
44
53
42
33
36
27
17
5
3
2
0
0
2
18
60
53
92
67
63
43
47
58
41
28
59
60
44
27
48
37
10
5
4
0
0
2
2
12
58
78
97
58
66
52
42
57
41
22
42
60
44
52
40
53
43
15
4
1
0
0
3
14
38
56
75
71
57
44
55
63
40
32
50
67
62
46
33
46
46
24
20
10
2
0
0
4
8
27
44
44
55
86
75
56
88
30
38
62
60
56
30
36
36
25
9
6
6
2
6
3
6
20
26
24
64
83
64
70
74
41
58
39
33
29
8
17
6
1
1
1
1
1
2
14
45
89
75
60
42
48
42
29
30
20
21
54
59
23
8
10
2
0
2
1
2
1
0
15
52
66
81
48
46
61
56
42
38
23
42
51
56
28
49
27
10
