942
702
586
514
454
285
220
160
161
170
237
359
488
556
551
515
571
558
650
630
509
467
455
335
216
122
125
76
59
75
282
502
703
727
595
503
563
644
626
628
606
720
819
936
798
710
596
405
293
202
156
121
80
93
310
504
755
864
694
595
623
670
747
683
597
788
1071
1064
991
912
782
593
433
251
158
85
95
103
297
535
754
859
658
604
674
682
757
716
652
782
1028
1215
1149
1022
1008
1136
1041
766
612
389
224
104
93
135
219
390
515
639
754
800
815
865
862
883
982
1210
1075
1000
1073
1142
1027
876
686
479
307
105
104
98
197
284
466
599
687
807
777
734
723
817
715
709
654
508
437
365
268
147
88
60
65
107
320
657
759
830
559
521
507
538
674
625
562
661
938
944
798
722
641
500
282
161
127
73
76
107
372
610
814
950
712
602
593
666
674
686
603
814
981
991
985
932
808
535
314
182
124
89
79
113
336
691
859
860
650
647
685
741
769
701
580
706
986
1121
1073
974
879
632
397
218
149
100
62
121
323
647
911
929
722
684
662
695
767
701
647
793
1086
1233
1133
1083
971
851
601
310
218
116
106
114
304
650
851
973
718
696
724
800
834
787
676
776
1091
1285
1314
1245
1133
1014
991
773
654
401
267
125
111
143
280
453
610
725
848
915
844
845
869
956
1090
1205
1204
1107
1146
1273
1147
1079
993
635
363
177
107
174
191
333
468
669
827
833
863
805
733
806
806
726
607
559
579
507
276
171
114
70
72
117
357
643
795
867
638
587
630
637
686
688
583
781
914
981
883
909
887
575
325
201
81
66
58
107
341
631
881
941
718
685
736
770
899
811
720
822
1108
1171
1187
1076
1034
773
406
253
166
84
76
110
365
657
770
996
778
768
790
800
837
718
678
893
1144
1157
1080
1027
1030
707
456
297
167
91
89
102
375
694
890
903
776
692
682
751
853
738
611
837
1159
1236
1188
1091
1041
900
557
379
228
145
109
141
340
676
883
1037
804
779
817
801
821
718
665
816
1078
1308
1242
1245
1206
1133
1113
851
724
474
311
154
166
193
294
484
608
742
799
880
926
897
860
896
1111
1215
1141
1091
1153
1301
1207
1038
818
524
364
174
99
134
196
289
478
622
757
804
810
793
755
854
1007
898
809
798
795
721
542
367
210
133
119
96
106
200
428
487
495
602
700
741
823
851
687
771
880
860
742
676
646
420
221
161
96
54
69
112
354
670
950
929
809
712
719
795
801
856
720
931
1222
1261
1224
1053
909
584
314
183
117
79
49
114
357
725
967
1158
851
760
818
885
889
857
733
915
1234
1310
1321
1134
987
731
354
237
128
59
69
127
344
657
886
1072
789
753
821
816
809
864
776
919
1225
1416
1413
1194
1003
989
578
329
203
95
90
114
318
678
1003
1100
869
779
844
871
909
865
737
805
962
1174
1194
1154
1036
847
901
810
633
390
232
111
122
179
378
614
792
933
1077
1112
1061
1107
937
917
1333
1517
1454
1327
1319
1039
1067
1040
1002
581
330
162
97
145
263
387
591
780
939
1007
967
898
818
871
1005
878
759
634
601
433
265
148
100
64
94
110
361
640
839
960
706
653
733
741
818
809
644
804
1096
1084
933
905
731
486
291
183
110
55
64
126
347
633
841
953
703
717
727
753
817
758
651
911
1206
1211
1123
1053
905
673
404
229
128
69
61
111
341
697
875
968
809
693
755
796
814
744
651
805
1138
1202
1083
1042
1016
745
474
270
189
84
79
122
339
682
904
974
816
740
790
794
845
840
688
904
1262
1378
1298
1227
997
932
637
366
212
139
125
126
344
664
861
1048
881
993
906
943
856
745
684
928
1136
1341
1519
1327
1190
1082
1056
1055
852
576
296
152
117
231
413
643
782
1008
1108
1176
1132
1114
873
961
1330
1474
1454
1369
1170
1050
966
1041
811
537
311
170
120
153
254
401
569
753
934
941
953
858
892
889
1094
717
712
675
645
699
375
200
142
79
114
124
351
646
799
995
702
681
708
737
747
752
664
842
1091
1121
1062
905
736
469
283
149
91
40
50
102
364
678
823
1041
786
730
788
808
873
773
615
868
1179
1162
1243
1066
906
621
383
203
114
69
73
101
332
679
871
976
785
766
820
860
857
793
681
884
1223
1286
1283
1187
948
751
522
248
143
89
77
132
353
648
824
1059
869
812
822
922
863
893
605
734
1054
1338
1299
1142
970
988
662
427
239
162
127
142
332
636
820
991
849
804
903
894
905
699
471
523
654
742
694
626
491
336
262
193
169
138
90
45
44
60
128
268
372
531
655
643
743
792
765
914
1132
1326
1331
1262
1283
1059
888
902
849
575
336
161
86
131
231
399
539
778
875
854
836
836
770
889
997
867
708
621
602
467
273
169
104
74
96
133
359
609
569
928
784
687
658
641
670
722
654
842
1031
1086
1059
893
755
474
290
171
112
91
66
122
370
684
811
990
811
709
852
768
838
891
696
852
1071
1319
1269
1088
978
774
454
265
171
103
82
121
352
707
885
968
865
840
833
845
855
806
678
873
1164
1273
1377
1120
936
809
535
277
171
96
82
133
328
721
939
947
818
734
831
847
835
812
643
838
1092
1264
1373
1208
1079
1030
915
491
348
194
169
144
343
651
935
951
739
720
818
774
850
761
617
788
1009
1328
1248
1205
1155
938
934
958
704
516
298
160
131
190
303
441
592
694
814
924
908
948
788
950
1145
1242
1190
1184
1227
1112
1129
958
793
535
357
201
116
112
196
293
518
673
813
953
931
952
787
814
1089
1064
901
909
949
805
596
363
195
145
161
87
132
202
346
525
555
588
741
752
862
799
717
844
991
951
821
782
658
437
290
146
81
54
62
109
330
591
799
880
724
713
743
868
848
814
617
830
1032
1056
1067
1005
827
530
344
193
95
87
53
108
355
645
911
991
776
730
855
845
944
876
738
941
1244
1400
1311
1244
1010
760
406
273
147
93
74
113
351
707
936
1018
853
776
796
847
909
855
654
939
1268
1456
1415
1161
1037
1000
662
398
195
168
127
119
365
645
914
1097
813
822
858
839
889
792
639
840
1149
1365
1343
1372
1242
1091
1037
862
721
491
323
146
114
166
333
578
862
929
1155
1183
1214
1128
849
902
1233
1442
1337
1327
1322
1180
1036
1105
905
694
357
163
104
138
282
354
595
698
801
955
918
919
824
794
980
867
631
599
591
411
537
160
98
93
78
113
342
628
793
856
645
600
622
639
763
709
630
779
1057
1062
962
905
707
461
303
168
90
64
51
99
362
678
833
919
713
692
754
740
804
858
669
858
1147
1308
1218
978
873
708
401
212
129
79
78
111
377
636
781
1049
872
805
760
778
774
780
708
839
1213
1253
1180
1113
970
687
379
256
165
84
71
111
358
702
902
1003
749
739
857
844
814
860
636
814
1221
1358
1369
1218
944
1035
724
447
290
214
137
136
344
660
893
1002
871
780
855
855
884
798
654
852
1155
1341
1327
1319
1203
1039
883
1029
771
539
334
151
156
183
303
610
729
856
1010
1090
1053
1045
861
990
1374
1484
1414
1362
1296
1082
1002
1145
913
595
413
149
125
150
214
386
573
818
916
929
865
894
694
826
985
941
764
703
618
439
287
163
114
97
75
112
329
668
850
877
723
656
615
705
738
764
668
843
1177
1245
1079
936
812
544
339
189
122
67
77
120
333
690
952
944
758
736
761
753
844
844
630
861
1093
1195
1207
1065
948
687
371
234
130
99
91
135
355
703
957
1025
788
849
859
860
885
845
702
879
1264
1340
1357
1123
1010
725
389
238
116
77
70
114
337
739
937
1010
864
767
840
867
904
933
696
865
1165
1368
1373
1151
947
923
642
355
239
175
118
132
332
571
710
847
804
803
749
790
812
720
580
828
1038
1309
1309
1180
1254
1225
1047
880
711
469
258
154
144
199
312
537
764
748
917
942
987
963
798
754
1093
1431
1317
1263
1328
1079
923
993
1096
761
364
152
137
219
341
440
683
825
919
925
814
769
760
966
875
757
644
587
473
274
188
97
115
120
126
340
653
834
907
684
608
685
713
764
739
687
756
987
1123
994
929
752
498
310
211
94
63
57
101
327
647
836
967
898
878
854
839
876
805
584
816
1021
1172
1094
999
873
662
383
262
140
97
72
108
366
650
874
1090
841
767
790
843
864
792
672
844
1205
1319
1276
1179
946
941
541
298
152
110
82
112
344
667
828
1082
963
857
915
864
895
824
597
848
1123
1379
1327
1096
889
966
863
504
294
193
149
174
321
649
647
994
918
791
859
833
894
771
585
789
1048
1248
1257
1147
1140
949
841
943
767
455
290
132
128
138
304
515
695
844
939
1075
1164
813
628
752
1134
1270
1247
1161
1184
971
901
919
811
551
368
176
148
147
245
355
503
694
947
968
947
921
774
832
938
858
736
682
627
493
298
212
110
97
112
141
339
607
794
848
709
616
651
710
745
715
681
844
1166
1232
1004
777
631
495
335
163
105
53
55
89
326
598
829
1011
799
864
762
737
738
724
588
796
1137
1287
1053
1039
1003
645
348
229
147
77
111
133
358
647
851
1000
754
679
794
806
756
796
636
771
1167
1216
1232
1084
1014
767
452
265
161
94
71
106
353
624
892
917
825
744
748
809
798
717
532
665
1012
1153
1274
1090
848
763
664
400
205
174
145
137
295
651
843
897
842
772
754
808
812
815
665
822
1137
1309
1330
1272
1151
932
785
881
670
493
287
146
116
176
303
489
746
878
986
1015
978
929
813
873
1243
1366
1380
1265
1272
1104
850
1107
923
652
387
203
125
125
220
364
556
747
832
914
940
870
776
789
910
855
789
732
641
508
278
199
113
95
101
127
334
558
788
887
683
647
671
704
851
778
646
797
1013
1010
928
781
738
459
330
136
99
61
64
112
295
535
758
839
658
673
637
707
715
774
604
810
1053
1143
1010
1075
881
616
392
230
154
94
78
125
303
584
815
913
784
694
701
748
753
784
643
802
1043
1196
1270
1115
985
847
487
251
170
102
104
114
354
594
795
1080
741
756
802
835
818
766
541
752
1105
1301
1363
1220
973
850
846
535
376
241
162
129
177
310
666
878
809
776
859
851
925
809
693
867
1184
1302
1269
1144
1196
1187
1074
1056
799
507
320
156
124
163
267
482
637
744
812
947
911
976
740
822
1113
1224
1147
1127
1194
1241
1151
904
715
458
332
166
132
118
178
332
554
669
790
962
794
709
661
735
855
877
912
739
637
324
244
166
118
86
100
99
303
561
759
770
650
587
624
680
692
718
673
823
964
1009
1050
1000
831
489
328
210
108
74
58
114
362
649
905
936
780
725
843
799
841
854
666
829
1199
1289
1289
1148
1007
657
398
227
152
74
75
112
358
643
927
1054
789
721
852
872
826
861
645
808
1178
1229
1272
1173
1010
815
510
294
141
93
72
123
359
693
930
1017
856
796
816
838
846
818
614
857
1119
1271
1292
1115
875
929
728
442
273
144
133
119
382
644
879
1038
842
789
821
771
839
788
554
812
1129
1357
1350
1317
1177
921
894
1071
785
511
329
148
133
260
415
549
707
868
936
1021
985
821
626
599
993
1225
1214
1159
1087
864
731
837
954
624
348
186
108
157
256
364
554
821
895
811
845
776
518
637
801
806
719
678
583
485
311
207
115
93
106
131
359
643
825
744
641
611
680
622
743
756
593
711
958
1026
1060
862
737
561
416
211
131
75
56
119
328
660
859
853
754
721
751
730
801
726
612
813
1088
1094
1132
1013
916
704
496
280
139
114
76
118
372
688
902
961
758
736
799
751
839
715
601
851
1066
1213
1196
1030
891
744
443
264
162
102
94
116
349
679
886
991
811
759
766
800
869
811
624
833
1134
1271
1321
1159
1006
954
789
528
283
168
143
137
363
690
811
1089
1027
951
871
866
888
803
665
879
1102
1319
1253
1220
1191
953
917
798
601
392
262
149
139
210
337
542
688
895
971
1064
989
972
779
825
1131
1305
1226
1269
1233
990
862
966
1038
643
385
184
150
182
220
362
505
715
834
828
902
804
665
691
834
849
791
718
622
427
260
189
122
94
102
145
347
669
802
867
669
658
613
686
743
663
657
788
1104
1183
1150
1009
846
618
372
217
103
81
78
117
356
658
851
923
770
665
704
723
847
744
617
859
1136
1244
1185
969
1007
734
450
249
133
101
86
116
392
706
933
1015
814
754
770
789
773
767
659
809
1049
1157
1163
1087
982
906
547
317
169
101
107
125
390
694
849
964
825
776
751
856
867
808
572
779
1038
1276
1247
1083
817
936
776
455
306
201
170
146
329
662
847
991
784
830
756
805
869
701
577
789
1115
1248
1262
1282
1110
848
764
908
762
477
288
131
134
216
370
569
689
842
963
963
1050
920
791
816
1137
1305
1372
1305
1205
905
890
1030
943
564
386
154
125
181
244
421
560
721
832
885
915
832
656
716
869
856
828
705
627
497
294
192
141
75
78
106
379
639
823
914
718
667
718
769
785
719
635
800
1070
1094
1122
994
851
573
357
229
116
59
64
99
384
731
853
996
762
787
796
750
835
791
655
873
1118
1169
1408
1143
811
970
437
241
165
86
75
110
351
681
889
924
763
741
719
756
793
733
654
820
1095
1221
1197
1110
969
857
511
285
148
93
88
141
473
717
915
986
825
743
747
790
819
788
578
719
1034
1256
1298
1015
788
834
769
501
282
194
167
165
365
654
830
948
803
773
754
752
807
731
554
701
1036
1293
1316
1201
1089
818
760
912
743
460
254
140
132
201
332
495
691
789
979
872
868
953
620
756
1007
1231
1202
1182
1178
862
784
1064
816
508
364
152
128
160
257
350
494
628
784
830
787
697
629
649
858
831
727
675
554
455
280
172
113
76
98
129
351
651
852
950
739
659
712
752
781
737
623
748
1069
1017
958
909
803
576
336
199
114
59
77
118
366
654
863
907
768
678
723
755
765
796
582
780
1053
1170
1169
1085
968
732
