642
633
783
1116
888
523
412
352
303
383
536
687
900
784
790
839
716
792
1023
845
675
738
925
610
404
269
137
132
176
165
363
540
798
863
873
893
930
900
873
805
808
1141
1497
1487
1241
1188
1186
785
605
359
199
156
198
149
345
618
853
892
860
880
990
870
1005
903
859
1147
1703
1734
1413
1446
1422
1057
706
477
287
187
173
184
345
639
872
969
941
938
983
1003
1025
945
877
1239
1604
1816
1413
1321
1519
1283
1188
874
647
460
375
178
171
261
380
598
825
820
818
893
871
791
837
1010
1124
1349
1063
1021
1431
1348
1216
1002
767
572
431
168
202
260
448
560
776
891
888
804
772
783
822
917
1080
902
845
765
654
572
392
242
158
121
176
185
376
705
1091
936
835
765
831
749
835
787
730
1029
1580
1615
1334
979
1202
773
537
367
214
153
160
140
415
739
1153
1054
875
887
876
878
930
802
790
1120
1544
1589
1430
1490
1313
942
559
356
226
170
168
155
372
810
1042
1037
865
874
950
939
965
897
818
1133
1516
1695
1458
1571
1470
990
724
403
251
185
180
182
390
831
1131
1054
885
941
926
935
972
963
814
1164
1692
1836
1629
1732
1619
1207
893
579
383
250
230
176
417
764
1002
1002
930
980
976
1039
1091
1070
911
1093
1640
2086
1670
1576
1694
1563
1410
1032
775
546
401
187
177
310
417
595
812
871
914
920
884
889
879
1103
1202
1452
1098
1207
1736
1582
1452
1196
908
637
500
182
188
258
413
562
808
1003
965
946
918
936
1047
1036
1128
1012
857
948
845
680
454
309
191
164
163
191
472
975
1302
1078
905
856
893
905
945
868
767
1161
1678
1680
1391
1537
1769
957
624
459
250
177
146
141
460
915
1379
1344
1170
1009
1133
1012
1112
963
915
1156
1850
1873
1641
1946
1687
1281
858
553
279
204
222
229
564
1121
1409
1280
1104
1164
1088
1040
1156
992
883
1258
1830
1837
1626
1814
1702
1147
730
441
298
213
164
194
453
875
1196
1119
919
1017
1021
993
1149
1006
867
1242
1968
2008
1740
1959
1928
1509
1048
635
373
253
265
236
417
822
1160
1136
1034
1070
1088
1170
1176
1090
830
1050
1808
1926
1514
1571
1812
1587
1403
1042
829
624
418
202
192
277
420
661
893
857
945
970
848
867
861
1068
1230
1469
1058
1199
1526
1516
1494
1236
945
709
508
199
196
246
372
618
813
908
909
912
950
866
995
1024
1180
1029
859
1156
1079
864
650
471
349
281
282
167
244
359
595
743
751
800
875
822
904
894
744
861
1132
1096
873
871
1159
640
430
274
156
120
141
166
402
828
1166
1157
1122
1001
1010
1012
1186
1049
1009
1274
2030
1832
1747
1974
1740
1082
667
412
219
137
178
178
479
960
1393
1276
1085
1061
1188
1122
1222
1068
978
1299
2015
2026
1864
1912
1625
1159
738
428
253
156
186
199
438
979
1286
1270
1104
1053
1104
1067
1124
1149
1031
1296
2038
2065
1946
2126
2027
1451
1025
586
331
245
236
193
474
897
1308
1278
1147
1109
1297
1180
1292
1061
994
1142
1397
1814
1580
1510
1530
1569
1426
1019
723
571
374
156
200
321
622
862
974
1070
1119
1099
1002
1071
958
1120
1655
1842
1309
1514
1673
1644
1528
1358
952
816
819
243
210
338
607
725
902
1007
1087
1062
997
916
994
955
1205
1067
889
1098
901
634
422
288
209
153
190
182
451
780
1225
1169
984
849
1024
927
1016
1067
900
1245
1728
1691
1424
1420
1383
918
591
369
218
130
141
153
386
826
1191
1108
912
934
966
1045
1131
972
917
1212
1972
2035
1705
1838
1661
1303
745
438
248
164
189
174
471
849
1237
1125
1029
980
984
985
1032
977
896
1216
1910
1897
1630
1830
1826
1367
982
580
359
235
257
211
496
929
1265
1147
1018
1069
1128
1139
1196
1163
984
1306
1941
2186
1934
1869
2021
1844
1212
738
408
282
255
222
429
835
1117
1164
1088
1152
1225
1133
1208
1145
943
1168
1908
2130
1894
1684
1468
1617
1652
1183
810
623
465
173
217
329
449
715
913
1005
1031
1116
1033
989
988
1256
1488
1632
1360
1446
1297
1476
1522
1305
836
628
452
213
180
283
385
568
907
951
979
966
938
920
1044
1050
1267
739
764
958
879
907
564
303
190
142
198
189
394
823
1167
1137
858
928
939
918
960
934
908
1289
1629
1697
1611
1355
1213
803
533
316
212
131
141
158
377
894
1161
1093
934
1022
1076
1030
1059
1001
857
1265
1811
1750
1784
1779
1660
1042
731
376
258
178
158
161
437
877
1180
1099
930
1022
1131
1040
1078
1056
934
1291
1779
1893
1863
1871
1800
1250
852
476
310
179
191
201
414
958
1289
1226
1116
1080
1184
1207
1192
1060
840
1095
1600
1765
1791
1867
2056
1522
1066
625
388
273
284
259
426
920
1147
1287
1128
1125
1208
1120
1121
1026
800
888
1101
1264
936
755
824
511
414
350
305
189
149
76
102
142
257
457
585
674
788
799
874
839
993
1094
1265
1488
1270
1315
1590
1506
1444
1284
1011
910
612
225
187
299
509
700
780
1015
1068
971
865
849
948
1001
1169
1069
853
1012
758
708
499
309
202
134
161
199
487
947
1315
1274
1132
1038
1023
966
1011
984
858
1221
1603
1736
1511
1630
1352
937
610
366
232
156
185
171
437
922
1328
1254
1039
998
1186
1031
1113
1026
853
1239
1838
1921
1857
1912
1831
1286
919
516
292
198
228
170
423
960
1358
1233
1069
1064
1145
1122
1137
1071
897
1158
1787
1817
1845
1888
1808
1446
907
533
312
178
218
183
448
874
1147
1157
991
1016
1078
1065
1175
1045
813
976
1466
1960
1709
1608
1744
1604
1116
707
407
299
251
228
388
762
1030
1010
924
988
1070
1022
1069
1006
797
1051
1569
1832
1501
1520
1549
1696
1398
1141
774
616
452
193
234
314
470
708
884
974
1035
1122
987
1010
950
1173
1374
1706
1453
1505
1904
1752
1567
1381
1104
1062
872
225
194
230
383
630
862
1087
1177
1208
1164
1049
1084
1119
1353
1339
1278
1554
1301
1063
808
533
373
294
251
177
278
394
588
731
900
995
959
1008
1018
985
935
1086
1289
1238
985
1009
1021
944
473
292
207
144
137
187
390
724
948
992
898
896
949
1150
1168
1020
925
1233
1676
1707
1627
1536
1694
1165
703
390
252
194
181
171
399
798
1085
1146
1025
1067
1173
1055
1260
1102
1055
1338
1903
2098
2022
2074
1826
1388
803
466
255
202
220
192
442
837
1183
1106
1020
1062
1052
1037
1165
1041
955
1323
1957
2224
1998
1929
2041
1523
1137
668
383
302
249
187
423
770
1183
1086
1075
1054
1128
1029
1206
1051
876
1208
1772
1999
1614
1564
1781
1630
1477
1175
883
666
442
217
213
293
459
746
965
1111
1201
1272
1217
1125
973
1136
1389
1646
1277
1366
1608
1631
1634
1295
952
770
496
215
205
296
570
719
911
1037
932
933
957
849
863
993
1192
1190
843
921
674
555
742
308
157
152
174
188
439
722
1106
1027
829
813
828
848
932
956
825
1142
1588
1624
1449
1316
1323
858
634
321
191
139
150
144
430
829
1234
1162
1016
960
986
950
1001
1016
880
1259
1881
1968
1914
2230
2098
1393
1077
948
330
209
213
209
523
1149
1406
1271
1086
1152
1004
976
1047
1011
930
1212
1744
1846
1629
1785
1657
1183
842
480
338
182
205
199
450
908
1111
1152
979
997
1025
1099
1227
987
882
1141
1753
1939
1782
1886
1829
1413
979
577
395
284
288
239
445
809
1082
1049
993
1022
1087
1060
1194
1035
847
1091
1783
1920
1702
1558
1735
1731
1553
1184
907
639
538
217
229
315
472
732
856
973
1047
1101
989
1065
954
1133
1558
1813
1402
1456
1609
1578
1629
1445
1102
768
489
226
200
262
413
693
898
1088
1117
998
1020
1082
978
1001
1269
1209
1081
1087
847
660
443
291
206
152
180
199
425
756
1024
1012
896
975
956
856
966
1016
877
1206
1725
1794
1553
1459
1485
907
651
354
240
152
176
166
459
843
1124
1110
1102
926
1037
1011
1054
1062
965
1300
1814
1879
1760
1839
1811
1135
782
444
280
179
183
208
431
850
1237
1201
1106
1116
1190
1122
1259
1144
1003
1278
2066
1937
1842
1881
1785
1174
831
449
303
197
197
211
429
870
1215
1192
1183
1120
1164
1097
1160
1199
955
1196
1733
2127
1930
1870
2012
1595
1003
582
376
265
258
218
467
937
1133
1078
1155
1098
1193
1058
1152
1060
922
1305
1803
1952
1518
1470
1795
1575
1370
1070
799
626
402
185
224
348
478
727
872
968
1001
1023
949
985
729
884
1449
1702
1351
1239
1274
1480
1513
1373
1302
938
389
237
255
339
526
788
970
946
976
1021
930
905
852
1150
1211
1025
1015
800
671
444
285
201
139
154
168
413
763
1045
1037
910
873
934
854
985
871
940
1228
1440
1635
1542
1362
1353
979
664
381
263
157
181
177
466
970
1320
1207
1091
1198
1121
1179
1247
1095
837
1125
1716
1802
1690
1846
1588
1154
751
443
293
200
186
179
419
871
1199
1029
1075
1030
1037
1065
1121
1069
849
1141
1892
2011
1818
1905
1786
1507
992
580
415
227
261
211
457
931
1278
1247
1172
1197
1259
1184
1205
990
855
1024
1849
2107
2036
1972
1815
1728
1229
728
464
369
295
251
459
906
1238
1125
1130
1081
1040
959
1006
994
712
898
1660
1967
1664
1511
1589
1690
1413
1171
859
677
473
214
211
355
631
850
919
982
1128
1316
1136
1071
819
878
1585
1825
1574
1399
1583
1725
1502
1365
1058
859
635
261
304
259
367
447
826
993
993
1013
1020
986
933
1046
1141
1141
1042
1159
888
779
536
402
249
214
254
227
454
764
1026
1057
914
968
1021
971
1037
1011
974
1330
1888
2010
1536
1515
1269
1131
681
366
254
175
173
181
425
844
1108
1147
1084
1236
1079
979
995
966
924
1160
1562
1792
1592
1761
1601
1116
830
448
240
187
227
210
405
832
1135
1132
987
947
1030
1003
1096
1116
870
1265
1778
1850
1776
1888
1700
1340
908
497
351
254
222
220
413
954
1244
1173
1066
1121
1166
1123
1066
1054
773
1019
1635
1776
1853
1856
2146
1879
1316
717
473
298
308
223
424
777
1084
1167
1108
1084
1071
1064
1262
1119
848
1286
1711
1987
1675
1702
1837
1835
1671
1315
941
718
473
180
199
312
430
688
918
976
993
999
940
1025
976
1082
1419
1705
1323
1287
1572
1643
1653
1369
992
789
676
406
436
447
589
813
961
1102
1034
999
1018
961
957
1003
1088
1009
912
978
941
779
560
326
219
178
182
184
383
650
919
964
933
967
966
977
1138
1081
912
1275
1644
1510
1305
1108
1182
830
595
340
215
142
146
144
355
690
946
959
911
899
882
928
976
1053
866
1207
1740
2073
1999
2023
1665
1310
862
538
306
199
170
183
394
737
971
989
936
933
1008
981
1039
1058
945
1178
1685
1860
1676
1871
1789
1291
873
561
347
234
238
174
407
761
1143
1132
1045
1031
1156
1134
1208
1072
776
1055
1638
1785
1710
1800
1722
1494
1233
849
580
381
317
179
289
446
763
894
916
952
957
965
1114
1020
762
1113
1367
1542
1369
1354
1675
1503
1368
1115
938
666
436
214
216
264
386
677
801
891
958
926
919
981
733
959
1165
1370
1195
1172
1517
1541
1319
1169
850
644
544
228
177
217
377
649
832
945
1025
1052
1129
878
793
1013
1146
1132
1110
1125
819
483
399
274
190
151
158
194
375
614
842
912
840
827
824
798
880
902
902
1340
1484
1459
1424
1441
1473
906
536
376
246
146
162
164
387
747
981
1093
984
1006
1120
969
1122
1020
887
1373
1771
1884
1642
1866
1606
1175
777
458
280
183
175
169
401
795
1119
1171
1066
1080
1118
997
1224
1052
811
1096
1712
1930
1912
1955
1916
1400
810
516
298
200
236
186
437
821
1128
1170
972
1074
1141
1103
1145
1045
838
1240
1810
2014
1909
1914
1938
1825
1187
788
474
314
285
222
415
795
1139
1078
954
1033
1015
952
1090
994
770
1047
1624
1847
1613
1502
1587
1737
1542
1253
921
620
470
192
241
411
586
837
919
1013
1022
1009
954
813
513
744
1123
1349
1134
1054
1147
1422
1502
1394
1028
801
563
223
197
240
404
670
838
1030
1123
1057
1050
858
624
818
1096
1012
915
907
833
877
522
329
196
150
168
171
429
720
925
856
812
816
878
856
962
854
845
1189
1570
1602
1508
1467
1265
933
693
462
278
157
178
156
408
816
1006
1016
918
881
949
956
1041
986
848
1195
1669
1577
1559
1706
1660
1674
957
511
285
183
181
211
446
801
1137
1043
898
968
910
988
1094
1032
796
1194
1798
2026
1914
1801
1868
1281
850
478
266
203
200
219
398
855
1165
1147
972
968
1058
1066
1218
1016
788
1191
1787
1955
1915
1887
1925
1628
1118
733
415
264
230
210
457
951
1326
1358
1376
1272
1145
1140
1175
1053
810
1168
1847
2001
1730
1623
1656
1839
1648
1192
758
528
380
180
211
313
526
806
959
999
1011
1022
921
944
921
1051
1312
1498
1368
1387
1485
1555
1586
1499
1132
829
611
246
205
288
533
776
905
1054
1046
998
1043
923
820
977
1075
1114
1062
1058
1017
867
620
414
222
147
179
188
430
762
1053
1045
905
923
917
986
1030
916
919
1259
1624
1671
1589
1603
1453
1001
663
434
256
168
162
171
402
839
1118
1075
961
965
996
988
1051
1053
882
1244
1703
1696
1639
1860
1845
1289
840
563
303
205
186
193
438
867
1117
1115
989
978
1033
1079
1079
1001
844
1102
1830
1761
1671
1773
1868
1348
833
558
328
209
238
250
430
884
1119
1104
1022
969
1075
1099
1186
994
891
965
1698
1900
1724
1776
1819
1514
1097
759
433
283
227
231
452
838
1138
1147
1067
1032
1096
1024
1034
954
794
1064
1599
1785
1503
1396
1562
1627
1570
1178
883
677
460
196
198
322
527
791
931
1106
1064
1075
1003
938
833
1031
1314
1601
1334
1302
1454
1551
1864
1518
1049
795
582
193
203
295
450
744
859
1016
1009
1013
1028
966
804
937
1153
1053
1001
1097
863
642
433
307
232
151
155
178
383
729
1040
1019
898
950
884
959
1021
955
865
1211
1566
1561
1596
1550
1408
988
716
387
231
138
176
165
422
900
1224
1148
1001
1036
1092
1047
1142
1005
908
1238
1672
1763
1798
1788
1716
1273
941
475
267
180
208
181
448
877
1166
1176
958
999
1028
1002
1069
972
852
1151
1743
1719
1805
1816
1695
1410
926
520
352
195
253
191
463
838
1188
1130
1041
983
1057
1011
1015
944
710
1004
1534
1700
1778
1726
1640
1796
1371
778
434
321
269
205
421
782
1048
1037
976
968
1071
937
1037
919
668
989
1501
1744
1512
1453
1589
1650
1480
1184
847
601
478
186
214
319
473
752
848
846
975
986
925
960
779
885
1213
1479
1242
1318
1285
1490
1684
1360
1141
814
548
241
194
275
378
647
780
943
954
966
910
834
826
948
1161
1136
1042
1013
1158
786
533
335
205
134
197
183
432
745
1006
1048
980
969
1021
1085
1055
995
826
1192
1529
1504
1501
1374
1338
973
710
453
294
159
167
165
448
755
1036
1071
909
908
1098
1023
994
1024
896
1156
1669
1673
1717
1904
1767
1312
