217
207
224
166
134
85
55
51
32
42
68
81
63
82
67
62
51
60
76
70
52
43
42
31
22
18
4
4
15
22
42
58
67
72
75
46
55
41
44
32
28
42
55
55
57
53
61
52
46
31
25
14
19
13
47
73
72
64
62
61
38
51
40
43
25
39
52
53
45
77
65
62
52
39
27
16
21
16
42
79
73
44
79
75
42
59
34
35
38
44
68
101
106
79
120
171
192
162
137
110
58
21
42
30
53
77
81
92
76
77
75
67
47
73
80
102
107
126
163
207
256
294
227
172
72
30
17
31
35
51
68
78
70
74
68
59
45
65
57
65
43
50
58
43
32
28
16
20
16
29
44
40
41
43
55
53
49
36
27
40
22
27
54
44
55
49
39
41
34
30
17
10
21
20
43
64
44
49
65
50
36
45
41
25
22
34
47
40
56
60
61
54
50
31
35
29
15
24
49
66
42
68
70
47
38
42
41
35
30
33
48
67
73
49
64
53
51
25
14
11
13
23
47
66
42
32
63
48
47
48
32
33
22
29
51
61
50
66
91
83
69
56
40
24
24
25
68
68
39
39
80
61
55
58
55
39
35
61
85
142
149
137
128
176
173
187
170
113
79
15
26
34
66
94
86
79
98
81
70
64
52
67
101
126
137
146
188
252
278
273
255
169
116
44
30
27
41
60
72
73
74
68
69
49
45
54
61
51
49
60
43
49
36
19
11
29
24
26
48
42
37
32
66
41
44
39
27
34
23
19
39
44
43
58
62
49
55
44
22
14
10
19
55
58
46
23
64
58
34
43
31
52
14
44
52
72
52
66
78
78
59
53
20
26
22
31
43
33
42
35
47
60
49
37
39
40
25
37
48
57
64
80
75
60
55
42
26
12
20
26
57
66
55
31
73
37
45
41
39
32
14
28
53
63
83
93
72
78
81
58
33
28
29
26
59
70
43
36
67
62
53
49
52
35
35
55
93
112
145
120
154
181
196
234
149
115
68
36
36
38
66
82
94
84
84
94
92
59
50
64
110
122
145
129
163
238
262
266
231
158
69
35
29
24
34
69
77
87
81
80
75
76
51
62
74
62
88
75
106
90
91
69
39
43
22
15
40
36
69
86
72
72
48
67
54
50
44
37
71
62
53
52
65
50
33
19
10
15
7
22
44
59
44
71
69
56
50
45
51
40
37
37
66
83
59
77
62
54
52
38
23
17
25
22
53
56
61
40
75
62
59
53
45
41
31
49
70
73
83
66
63
49
48
28
18
10
18
29
41
39
38
23
60
57
44
55
36
34
22
37
72
85
89
77
101
107
87
88
46
28
26
26
51
58
37
28
82
61
59
48
64
35
32
55
89
101
111
126
155
198
222
202
158
114
72
26
36
52
60
92
78
88
93
87
80
65
63
71
137
164
179
186
211
282
306
326
252
165
75
42
37
30
51
75
99
90
78
86
63
60
46
71
55
88
60
55
68
68
40
21
13
10
16
26
50
37
37
22
66
58
61
46
42
32
41
33
59
60
61
51
46
54
36
26
17
6
10
17
42
60
48
36
57
53
47
43
43
25
17
31
66
65
67
51
42
53
48
30
24
14
24
19
48
52
43
35
60
68
47
44
33
23
21
43
51
65
61
51
64
70
61
40
28
15
26
22
47
48
45
22
50
49
44
46
33
35
35
45
85
83
91
95
85
114
90
67
30
26
31
25
61
72
54
37
65
58
23
56
52
43
34
69
89
136
132
172
201
229
273
284
183
121
79
44
44
40
63
102
101
82
105
82
86
74
67
77
106
150
147
171
195
250
253
290
280
170
80
32
25
29
51
72
66
99
92
86
61
73
71
110
133
74
80
68
92
143
63
46
24
10
10
29
58
40
39
32
63
48
47
55
53
40
25
37
55
72
63
47
54
49
25
25
17
16
13
21
55
42
48
48
75
56
38
41
54
43
29
25
66
63
66
42
72
62
54
34
26
17
17
17
45
53
30
37
57
43
56
35
22
32
27
49
53
71
71
71
92
82
63
37
35
12
13
28
57
55
57
33
44
51
54
43
49
38
21
37
60
75
88
95
112
134
123
69
44
38
38
24
61
31
42
38
61
67
48
64
53
59
36
39
64
63
67
61
71
74
57
48
30
29
21
8
12
19
24
18
27
39
47
43
42
51
43
68
106
133
155
158
190
245
244
236
246
163
77
36
33
19
44
69
60
83
67
75
68
60
43
59
64
71
68
66
53
65
27
22
23
16
18
24
40
32
36
30
45
38
33
51
36
25
25
31
41
55
50
53
62
42
42
16
26
14
11
26
43
45
44
30
56
55
52
41
46
30
17
32
59
64
63
56
73
71
63
50
23
22
20
28
49
55
34
36
48
49
51
49
37
35
16
39
49
73
79
78
95
92
68
46
31
14
19
22
60
46
35
40
41
43
57
51
43
35
30
49
77
115
141
128
126
130
118
88
56
31
34
34
59
56
46
24
65
57
41
57
51
31
28
53
93
99
121
133
175
183
209
221
176
126
64
32
40
35
82
98
88
88
81
95
86
63
53
55
109
130
150
149
165
232
236
258
240
167
71
38
33
21
51
70
81
102
105
99
73
69
60
62
87
107
121
101
112
126
87
49
40
38
17
20
39
43
87
79
70
58
55
43
54
52
32
55
67
65
64
56
56
53
46
28
18
11
13
22
54
67
63
50
68
42
48
58
44
35
24
45
57
59
48
48
54
65
42
27
23
13
14
27
57
63
63
49
70
52
42
53
38
39
22
50
63
88
63
75
79
73
44
53
22
16
25
22
41
70
53
31
81
73
43
42
51
46
24
42
72
89
71
95
85
104
84
57
40
21
29
29
52
57
50
43
65
64
42
55
50
43
25
47
78
94
124
144
168
210
211
221
180
101
70
37
47
29
86
104
109
102
116
93
93
74
71
71
95
148
150
149
186
258
259
254
209
118
91
35
37
41
58
74
81
92
87
95
66
67
52
57
96
85
67
47
80
72
89
19
14
9
14
21
51
50
37
31
63
37
50
44
43
33
25
40
65
57
41
54
61
56
35
26
25
5
15
22
47
49
48
47
69
46
55
42
38
33
24
42
52
80
62
61
96
74
57
40
20
19
7
34
37
33
50
29
42
53
52
37
42
45
19
38
45
54
61
67
63
77
61
46
24
13
12
20
46
63
47
31
61
59
43
54
32
41
22
35
52
79
69
83
112
122
93
69
52
27
20
32
66
64
51
55
61
62
50
57
55
42
28
54
88
136
143
167
154
237
239
243
202
134
60
33
41
33
82
95
80
88
101
107
77
78
54
74
106
155
165
170
181
230
262
302
245
185
86
48
33
27
47
71
80
86
88
86
84
58
52
63
80
75
63
73
64
59
39
31
10
11
17
30
51
53
41
43
71
51
35
41
34
37
23
38
68
60
56
54
70
68
35
22
16
13
12
30
56
57
48
49
68
53
51
39
42
40
18
31
63
62
63
54
59
54
47
38
21
18
18
27
54
63
36
37
56
57
55
43
42
44
22
35
54
79
70
70
88
86
67
41
30
14
19
23
47
72
47
36
64
70
52
50
47
39
37
49
99
89
86
88
117
118
90
58
37
35
24
31
50
27
46
27
33
43
44
61
53
46
34
45
87
107
120
136
150
224
236
225
211
145
81
41
28
43
78
92
102
106
89
81
63
59
47
68
105
141
169
148
221
231
243
257
267
157
62
36
29
47
66
74
91
69
86
72
59
38
56
56
77
72
54
67
64
47
31
34
22
17
19
44
48
57
43
62
56
57
44
33
40
18
45
42
37
44
48
54
64
44
33
15
17
11
25
59
43
42
29
65
72
43
47
50
29
21
32
54
62
66
52
60
58
54
41
26
17
19
26
42
50
41
31
52
60
48
47
48
41
28
46
61
76
67
95
67
89
71
41
35
13
17
35
54
58
40
36
66
51
44
33
36
41
28
46
79
90
101
99
102
117
105
72
48
39
25
36
59
40
32
35
39
58
54
42
62
44
38
55
83
112
140
121
163
221
208
216
213
119
60
39
33
43
69
95
107
124
139
117
108
78
84
97
105
176
151
168
201
236
225
243
217
134
92
33
31
41
51
80
77
102
105
110
94
75
46
75
73
78
97
62
69
53
43
30
20
19
17
24
62
44
41
45
64
57
47
44
51
31
23
60
83
74
76
66
72
58
36
19
20
10
18
30
53
71
48
49
73
58
51
42
54
31
23
31
49
46
65
73
62
78
62
48
43
16
17
27
49
47
52
36
74
58
44
45
45
27
22
38
54
75
73
68
92
84
69
44
31
14
23
36
56
57
50
29
76
57
49
49
36
30
29
37
51
70
101
101
76
97
76
59
59
35
19
36
59
59
58
51
58
57
43
52
51
55
26
59
85
121
120
140
178
198
230
195
150
98
72
27
35
51
66
87
76
100
94
101
86
52
54
64
84
117
149
176
182
249
297
249
288
170
76
33
25
30
43
56
77
92
116
89
70
63
55
49
81
71
61
51
60
44
33
24
20
12
22
25
43
47
50
60
81
50
44
50
52
30
29
49
46
56
70
54
58
56
35
24
22
7
12
30
45
78
63
64
70
52
42
39
32
31
22
34
54
54
82
67
74
68
48
51
21
12
20
31
45
69
50
54
79
51
36
34
39
31
21
39
50
66
67
78
112
92
59
42
35
16
19
26
50
70
42
33
52
50
45
40
42
44
26
32
100
88
94
117
109
131
105
92
73
40
30
40
42
58
97
40
75
73
70
45
68
45
37
54
99
137
139
141
163
195
188
193
179
112
74
38
38
37
67
79
93
92
80
78
69
53
41
61
74
109
116
96
145
177
181
215
175
133
54
27
34
30
38
69
78
91
82
83
94
66
64
82
69
86
94
76
87
41
29
15
7
9
16
13
41
53
55
58
72
48
42
42
32
23
28
55
45
47
54
60
78
61
59
34
13
14
15
26
40
49
52
69
76
64
54
48
47
32
25
26
65
62
59
57
80
79
43
31
19
19
18
28
45
54
43
52
63
50
46
38
40
52
26
43
69
68
71
68
100
84
73
40
31
19
18
28
53
53
37
36
61
57
54
22
47
32
30
35
73
81
94
86
102
118
74
74
45
24
25
24
55
58
36
36
59
62
44
40
56
37
23
41
86
112
127
139
183
227
230
282
203
127
75
42
46
48
77
86
106
111
85
81
62
65
49
73
107
123
143
162
191
224
224
211
300
194
120
28
29
24
49
76
82
80
94
73
62
67
42
50
75
76
65
52
59
63
35
29
17
18
15
19
52
54
52
54
68
44
51
31
36
30
23
37
50
56
57
51
49
46
45
34
21
14
13
20
48
53
36
57
69
52
53
36
37
33
24
37
48
64
73
56
72
79
62
55
32
27
13
22
53
52
38
39
66
42
47
35
38
29
27
40
57
124
77
67
103
99
62
43
15
6
20
31
50
67
49
33
87
61
42
48
36
51
23
42
60
70
82
86
101
97
79
63
40
25
33
48
63
49
51
33
59
67
49
35
71
55
34
58
84
96
107
129
156
193
216
189
194
112
66
31
38
42
88
103
107
81
92
94
76
64
34
73
84
122
144
136
191
259
251
261
225
160
87
37
39
48
41
63
84
95
87
76
61
55
54
51
61
86
65
63
57
55
37
23
13
11
19
22
59
45
35
36
65
60
55
31
33
28
16
42
49
60
66
52
66
46
39
29
21
10
9
20
49
58
45
34
83
46
50
40
43
29
29
34
57
50
43
71
64
74
59
46
38
16
15
23
47
51
33
49
55
40
37
44
49
38
16
30
60
70
64
79
91
78
82
51
33
15
21
25
47
59
47
27
67
60
42
35
46
36
22
48
76
79
86
74
93
114
113
49
41
32
27
38
55
69
35
35
68
58
47
38
72
36
33
47
80
111
119
128
151
187
183
216
179
109
59
37
41
37
75
105
87
101
103
98
83
64
58
71
110
148
144
156
223
280
267
271
267
165
64
28
26
37
42
60
89
89
91
88
63
42
49
60
66
59
73
60
77
72
35
24
23
14
13
26
52
51
58
29
46
48
40
44
31
37
21
31
45
46
54
63
52
46
48
39
22
10
19
26
56
58
35
29
77
55
50
47
34
34
25
44
50
56
58
61
67
67
61
39
19
15
17
33
50
59
40
44
60
52
45
23
32
43
20
28
56
66
61
70
74
83
62
48
27
26
16
29
64
56
50
34
69
60
42
40
30
30
32
38
59
92
93
87
101
103
83
85
51
38
36
30
61
54
49
41
61
55
37
56
60
48
24
46
91
108
118
118
173
245
216
230
184
113
76
38
28
44
83
105
95
88
94
104
85
79
51
63
105
154
160
148
188
233
243
256
252
140
71
37
25
26
40
61
74
74
81
88
70
52
45
70
61
70
98
51
68
39
31
26
12
13
16
24
48
58
50
32
53
58
48
38
40
30
30
45
60
53
59
49
47
51
39
29
24
5
12
30
41
62
55
50
75
44
49
33
42
33
24
41
58
71
57
67
78
86
