829
1153
1120
900
586
251
192
174
195
245
395
556
700
680
583
577
536
522
533
572
479
362
306
275
126
104
64
36
79
125
375
668
906
855
630
563
487
584
574
514
467
575
701
647
524
435
318
298
178
96
60
45
51
101
350
641
968
918
656
616
574
592
599
542
445
646
782
809
709
560
475
382
254
176
98
84
63
111
348
710
1035
935
589
597
563
586
555
510
468
626
836
995
960
877
957
891
840
553
405
233
153
120
127
197
300
428
533
622
676
633
570
541
580
642
797
1055
966
838
1054
1090
861
692
464
334
223
98
103
115
263
342
499
591
707
618
531
504
582
488
608
637
458
337
336
260
137
86
55
39
61
134
372
755
987
803
583
520
517
484
496
506
446
524
702
733
574
436
464
337
209
124
80
45
46
122
373
815
1016
937
661
576
543
548
592
506
439
623
750
755
641
569
451
264
179
88
45
47
51
129
394
759
1022
889
617
560
516
551
632
496
446
562
818
788
709
625
525
363
236
155
71
65
62
112
385
822
1087
915
706
623
589
565
621
562
484
613
816
837
859
725
631
499
384
225
136
63
83
125
420
799
1102
938
660
554
570
590
601
535
508
736
978
1102
1111
1003
970
1021
828
557
398
339
188
111
102
204
338
518
576
655
754
656
552
542
598
638
814
1081
1073
922
1018
1196
1002
689
477
407
268
121
99
155
267
374
546
654
784
692
577
571
641
578
605
550
437
364
384
334
116
73
50
27
79
148
387
838
924
847
611
456
587
541
552
535
455
554
714
688
631
509
524
317
156
130
77
39
50
92
381
851
1018
929
661
591
638
594
602
536
462
742
911
944
816
659
531
402
231
140
76
45
65
139
458
916
1054
938
741
630
642
607
604
499
461
690
831
921
779
600
530
381
203
158
77
64
87
113
385
924
1144
904
673
609
672
610
563
588
461
654
860
936
918
789
689
570
351
223
169
98
110
152
399
833
1191
985
772
647
663
609
640
544
489
626
920
1126
1135
1021
992
1024
789
584
373
340
237
144
167
244
379
501
614
690
698
664
581
559
567
622
831
986
1042
869
988
1155
1004
612
444
392
276
114
98
142
248
354
507
626
710
661
659
601
540
583
773
700
619
552
720
489
403
266
162
87
85
85
156
284
516
596
517
553
603
601
599
576
540
637
700
600
548
414
405
272
124
84
44
29
65
116
446
941
1181
957
715
604
581
574
659
597
571
702
893
867
759
590
451
304
167
113
36
52
71
136
444
968
1148
1016
726
648
690
642
656
610
507
658
893
926
823
586
580
394
239
129
59
43
50
92
439
909
1150
1046
706
628
665
648
642
607
512
700
978
1039
955
779
765
606
368
215
142
77
110
135
409
973
1170
1047
744
656
616
667
660
588
511
577
782
952
1042
947
836
1026
807
485
354
340
213
103
140
210
417
548
602
720
792
736
607
580
513
696
875
1050
1153
1015
1048
1106
1014
716
513
405
258
137
127
192
282
405
593
698
746
712
594
564
471
494
645
581
490
406
375
291
178
70
59
35
69
133
406
839
1013
869
624
577
648
615
619
622
527
552
762
712
610
418
345
235
153
106
50
36
54
112
436
816
1036
863
644
593
587
551
595
533
475
622
892
964
747
599
460
347
200
105
65
51
56
120
395
883
1104
926
692
562
594
539
595
542
461
600
816
868
755
584
534
432
291
145
83
59
75
127
476
865
1049
948
697
618
630
563
609
582
424
650
873
1021
1077
844
746
652
400
271
169
101
112
127
410
839
1159
1011
765
648
654
646
610
554
479
656
946
1076
1119
1017
1029
1080
982
606
436
337
200
113
144
227
436
594
683
731
808
799
692
644
551
687
942
1090
1154
942
1077
1100
1000
676
532
403
235
113
101
143
281
397
570
664
754
674
642
630
663
968
917
485
525
476
665
861
274
144
102
53
79
153
413
864
1038
903
717
552
618
515
631
595
498
652
767
806
589
467
381
253
147
78
55
34
62
137
420
886
1135
953
722
595
593
621
630
587
461
624
916
775
731
532
447
337
258
120
69
42
66
119
435
905
1071
922
608
606
561
611
594
587
450
637
860
897
779
652
564
410
253
129
86
44
62
136
420
903
1076
946
731
627
653
639
672
532
392
522
815
905
937
793
809
619
435
265
179
111
117
167
428
866
1018
899
804
659
693
691
682
543
441
457
563
633
569
479
426
385
339
274
170
161
97
47
55
110
168
241
325
451
447
522
573
537
487
590
907
1007
1050
1012
1009
1012
892
626
468
371
248
126
147
161
277
397
592
715
758
663
588
568
576
571
631
594
447
407
346
295
151
75
46
32
59
162
456
865
939
792
674
619
539
566
560
560
458
645
752
749
596
476
400
281
147
101
62
43
62
122
418
875
951
810
691
610
549
566
619
557
418
648
818
921
752
639
578
430
276
179
84
68
72
132
437
910
975
836
652
639
605
617
689
573
409
622
852
916
829
684
652
458
289
166
120
70
64
144
416
884
1066
933
701
654
624
629
649
498
428
620
793
992
1043
911
794
626
469
263
203
97
118
162
382
846
1050
976
708
640
606
626
620
524
407
519
922
1025
1048
950
889
952
924
597
419
340
202
117
164
215
386
583
622
733
746
704
611
529
513
619
818
944
996
988
933
1040
918
648
490
429
238
127
112
143
238
360
584
722
773
744
656
554
546
663
757
778
641
561
496
488
367
245
128
102
104
105
169
263
478
541
533
593
591
600
538
521
471
578
728
645
466
418
364
245
133
86
40
37
50
120
402
747
972
886
642
525
634
689
640
557
504
656
928
694
623
531
429
327
212
104
67
43
56
113
402
817
1052
934
710
656
632
596
645
597
462
641
903
895
715
687
577
389
247
152
80
60
59
112
419
854
1072
992
746
635
656
579
643
545
446
684
953
953
998
872
765
578
400
260
155
101
102
112
415
816
1044
967
742
605
631
610
631
518
444
711
900
1144
1098
1061
1043
1011
993
629
397
312
249
115
134
211
375
581
700
773
749
769
721
630
515
699
841
980
1028
939
1027
986
918
685
490
406
251
127
107
154
320
422
577
673
705
714
563
492
453
550
689
581
454
396
427
274
413
105
48
42
70
120
431
774
966
894
630
557
530
545
554
542
463
613
760
658
602
495
342
268
175
93
59
48
44
122
399
846
947
876
711
594
602
591
610
566
486
696
880
864
756
691
571
383
248
151
80
30
61
155
550
999
1026
965
828
697
620
599
605
534
472
673
841
828
778
611
535
406
288
147
96
76
67
138
408
836
1000
971
686
629
601
651
630
516
433
648
906
950
936
897
814
635
432
274
175
110
109
132
412
832
1034
982
718
667
666
610
592
529
421
694
942
1041
1161
1030
996
1085
918
555
456
338
245
155
148
236
434
559
666
764
829
760
670
556
569
746
891
1028
1080
967
969
1161
964
714
518
457
240
125
130
190
308
439
675
739
820
783
667
589
511
635
766
672
558
465
391
255
153
87
63
36
54
133
428
818
1028
861
658
573
603
548
566
538
471
636
771
706
692
464
401
265
179
84
42
29
60
117
381
830
1009
902
686
584
641
617
633
496
459
663
847
844
764
765
513
350
229
123
68
45
75
134
406
891
1129
977
698
726
714
625
650
527
493
689
804
852
748
619
542
427
238
150
75
39
72
111
413
854
1160
1005
744
702
665
634
668
543
498
724
862
932
933
815
669
638
410
262
183
112
92
110
447
912
1050
967
742
665
596
651
576
530
468
734
879
1018
1052
910
870
986
878
594
418
349
223
116
168
231
370
560
690
690
792
796
633
598
514
675
817
979
1032
910
1058
1161
1023
700
583
423
236
142
177
240
384
570
746
761
738
615
557
494
554
668
647
561
435
398
275
156
80
59
53
71
136
428
776
1022
920
658
582
596
562
593
550
469
620
704
690
588
488
453
321
151
103
61
41
58
108
396
900
1186
1038
821
714
672
722
697
551
431
659
843
764
709
684
525
363
228
147
72
52
76
109
397
850
911
922
722
627
656
583
575
534
411
635
881
886
855
773
623
508
311
191
108
72
89
150
410
849
1150
1040
836
724
643
649
651
487
330
568
752
905
985
904
727
677
423
298
183
104
102
149
406
816
949
843
738
709
625
559
649
465
378
607
893
1017
1107
1059
957
1026
970
645
510
347
262
102
153
231
452
588
702
867
982
1025
967
891
693
911
1124
1053
1159
1227
1190
1134
1016
788
564
475
260
154
223
198
361
518
599
832
844
814
740
631
569
673
728
669
578
530
459
305
208
124
82
59
78
162
407
835
1003
876
693
587
630
603
599
505
505
736
960
825
727
601
460
297
169
113
64
33
47
131
456
879
1188
1014
785
733
644
588
582
539
486
583
735
831
712
642
497
367
226
134
64
48
62
107
405
825
1000
967
701
668
642
596
549
480
413
656
843
854
770
756
586
386
269
155
101
64
76
112
406
832
1170
1001
765
646
661
642
483
421
301
440
749
930
981
961
872
672
448
283
174
130
118
152
404
818
1035
903
750
647
626
614
659
522
468
742
895
1100
1145
1045
993
973
881
599
388
331
192
109
121
207
378
568
626
710
785
713
643
564
507
667
829
1006
1015
1018
999
1077
1006
663
518
432
260
133
109
147
254
409
607
716
779
694
673
524
508
605
607
563
495
442
368
254
158
82
63
39
57
134
371
740
988
876
621
589
598
562
604
607
510
643
743
631
565
485
414
258
184
102
63
21
58
98
358
684
1082
893
583
566
548
518
531
546
394
621
689
686
653
618
520
373
240
132
88
55
66
100
415
758
1014
938
708
605
570
612
526
514
441
583
749
853
810
615
571
451
284
184
96
51
66
111
363
758
1058
924
695
641
651
607
633
479
361
503
796
952
1045
921
888
763
708
438
208
157
138
150
240
386
817
837
715
719
678
581
630
523
500
706
862
976
973
871
848
926
968
599
418
312
181
108
111
218
326
482
565
651
732
609
559
521
469
530
611
849
846
738
686
755
725
516
401
299
212
110
106
149
287
368
562
614
710
686
592
432
499
608
613
605
650
454
476
189
159
77
41
43
65
137
343
717
878
844
624
528
539
537
496
507
532
652
692
672
604
534
422
262
189
94
71
54
66
107
395
793
1048
945
718
658
624
618
585
553
525
719
825
810
808
599
489
393
240
117
80
48
83
106
368
908
1003
902
688
663
662
590
561
552
407
538
798
852
828
727
727
453
323
132
89
50
62
120
421
902
1080
879
700
647
651
634
598
559
398
623
800
798
941
834
740
599
399
283
165
106
105
137
398
850
1137
974
743
659
655
556
604
524
460
626
885
1009
1158
1148
1097
1109
1058
621
417
353
203
125
153
333
428
578
668
717
793
698
636
545
430
508
693
782
869
883
900
961
865
725
608
431
262
137
115
195
315
417
608
675
701
573
473
489
397
421
527
533
438
365
386
290
181
93
69
27
70
137
419
837
960
825
630
556
558
521
515
511
460
575
654
664
650
503
426
343
255
118
54
39
54
110
394
851
939
860
617
597
580
581
577
534
467
659
796
840
724
678
613
439
281
136
81
59
77
131
391
840
948
853
673
643
606
629
591
531
433
633
781
952
857
662
667
474
241
144
69
44
71
123
403
895
1068
931
729
587
642
593
655
530
417
645
877
941
981
851
742
645
436
235
147
114
113
132
463
978
1107
1032
819
716
629
550
640
478
397
675
922
1070
1142
927
1018
1026
943
551
358
293
195
91
143
270
414
570
649
733
716
764
600
578
533
593
798
806
1006
935
964
1009
1045
716
587
496
265
121
180
219
285
428
632
716
725
687
547
503
475
496
588
636
536
443
374
309
164
104
72
39
75
153
411
842
1028
865
681
569
549
558
597
548
521
661
789
689
685
528
413
290
206
99
60
35
57
123
402
864
1047
943
679
563
639
539
624
616
491
616
757
819
766
625
502
395
240
143
90
59
64
137
450
911
1042
944
684
631
563
580
590
530
433
606
756
856
763
700
632
437
268
148
117
60
91
146
455
820
1010
911
691
707
682
643
666
556
383
622
814
881
921
804
764
597
351
251
158
112
113
168
422
847
1028
889
710
644
658
581
633
569
426
651
917
1023
1172
992
1081
1115
915
626
437
360
193
141
131
267
405
577
684
735
795
750
753
619
494
618
900
1007
1062
984
975
1013
1050
673
544
475
275
158
145
222
297
463
683
690
749
700
571
535
453
481
659
608
505
439
442
264
156
79
43
31
61
140
405
819
997
855
641
578
594
500
624
543
477
570
776
726
694
508
415
266
176
96
60
37
61
116
413
819
1040
944
776
678
630
609
613
563
433
672
791
818
740
675
597
463
238
132
71
49
74
116
486
847
1020
884
690
589
557
568
606
532
393
639
925
910
820
734
644
440
301
155
113
66
84
144
418
867
1016
903
716
613
587
652
631
536
400
525
832
896
941
862
904
673
434
256
168
108
129
133
440
834
923
839
681
642
570
528
615
478
371
646
906
1113
1136
1072
1074
1024
877
545
353
272
206
110
173
255
403
544
640
749
711
688
725
562
472
637
889
937
1035
971
1018
1072
951
612
467
369
297
141
116
189
314
414
596
715
751
611
571
531
552
566
632
632
562
449
407
267
163
94
54
28
77
141
457
862
1014
946
728
625
597
674
602
562
502
624
755
669
595
505
367
240
157
73
38
50
72
130
382
815
959
916
700
607
594
595
644
557
434
617
778
826
736
649
575
394
