44
29
20
7
15
5
2
5
4
3
6
13
12
14
11
7
10
7
14
10
10
7
9
3
5
5
1
0
2
4
8
10
17
6
8
27
17
18
14
12
17
19
20
25
12
11
13
7
2
1
2
2
2
0
11
13
12
11
17
15
12
16
16
19
20
32
27
28
15
16
15
14
9
4
3
1
2
2
4
11
17
6
15
14
10
11
27
21
21
21
27
19
18
15
11
7
10
6
1
1
2
5
4
8
7
13
15
14
11
17
13
10
17
18
8
16
12
15
12
9
11
11
4
1
6
2
4
5
8
15
19
11
19
22
13
24
10
15
13
13
11
7
7
6
3
2
1
3
3
5
9
10
17
8
9
14
18
15
29
25
22
30
28
16
18
13
10
7
4
1
0
2
6
3
5
12
18
14
13
19
15
14
31
28
26
26
32
15
21
14
13
9
1
3
2
0
5
1
7
14
20
15
18
15
23
27
29
21
27
36
36
25
22
14
15
11
2
3
2
0
2
4
7
13
14
21
32
18
22
18
26
26
29
45
24
9
21
25
12
16
6
5
2
0
1
5
12
28
30
25
17
24
28
27
26
23
17
38
37
29
20
20
18
17
9
5
3
2
1
1
2
4
7
14
18
14
23
24
19
15
27
25
30
27
9
17
18
17
8
5
2
4
5
0
3
6
8
17
13
8
27
18
16
22
23
20
11
22
11
9
10
8
5
1
0
0
2
2
6
18
19
13
11
19
26
20
31
19
46
28
28
21
17
19
19
10
7
3
2
1
1
0
6
19
24
21
18
19
18
20
20
23
31
38
41
26
20
19
12
16
9
2
0
0
3
2
4
15
19
13
21
27
29
23
32
26
34
32
42
28
27
33
19
10
9
1
1
2
2
2
7
17
21
21
17
22
24
25
18
28
27
46
38
21
19
28
16
6
10
3
3
1
1
3
4
20
19
19
23
26
27
24
36
45
26
36
31
25
35
19
28
28
12
9
9
3
3
0
4
5
14
23
11
21
23
17
23
16
26
25
28
25
17
16
17
18
7
10
5
6
2
2
3
5
7
26
16
14
25
15
13
18
22
33
27
16
12
7
22
4
8
2
4
1
1
4
6
3
8
15
11
10
17
13
18
20
22
19
22
17
18
17
17
13
11
2
1
2
1
0
8
16
22
19
22
20
32
20
45
34
35
69
54
41
42
22
14
19
5
3
1
1
3
1
11
19
26
22
23
26
31
39
34
45
40
67
55
44
39
40
22
15
13
2
2
0
1
1
10
18
27
25
17
31
32
34
42
36
46
60
55
52
53
80
27
27
7
2
1
1
1
0
10
5
29
26
28
19
40
22
25
24
34
48
39
35
31
29
28
11
9
6
5
2
2
1
1
8
12
17
17
19
31
24
42
32
36
30
36
29
29
43
23
21
19
8
4
3
2
2
4
4
11
20
18
15
30
26
20
15
21
24
30
20
6
19
15
10
5
0
0
1
1
3
6
16
28
21
10
37
35
19
29
33
32
36
56
42
29
37
17
12
3
3
3
1
1
3
6
17
26
19
19
20
27
22
29
36
43
51
77
42
25
40
15
16
2
5
2
0
1
2
2
16
28
18
19
20
30
38
29
36
52
54
63
59
21
24
14
7
7
7
1
2
2
4
2
20
18
24
24
30
35
44
35
44
39
52
62
60
67
56
31
16
7
0
2
1
4
2
3
16
26
26
21
23
39
27
28
36
38
40
40
30
28
35
26
27
19
11
4
6
2
3
4
5
8
19
18
23
22
22
35
29
22
39
29
24
25
27
50
29
22
8
9
3
2
1
0
6
11
13
16
21
32
31
29
22
40
32
36
11
11
9
14
18
7
4
2
0
1
2
5
15
21
23
13
19
28
25
51
34
26
56
47
38
23
38
15
11
7
0
5
1
3
1
5
17
21
32
19
24
37
24
31
41
29
47
56
35
29
48
15
13
2
3
2
1
1
2
5
14
23
26
29
25
31
36
34
38
38
48
45
45
37
45
10
13
6
2
4
1
1
2
3
27
23
17
24
34
36
36
41
39
47
73
48
60
60
60
37
20
9
6
6
1
0
0
6
20
30
24
27
32
30
32
47
25
29
21
15
12
15
13
8
8
3
5
3
4
0
4
0
2
3
9
10
13
18
9
15
12
16
21
25
39
21
29
42
28
17
8
6
6
4
1
5
7
6
18
22
25
33
17
30
28
30
28
36
33
15
18
13
8
5
2
1
0
2
1
10
13
28
24
18
25
27
27
31
29
43
47
76
32
35
50
18
9
4
3
4
1
2
3
6
17
23
16
21
25
29
30
45
43
40
49
53
56
38
40
28
7
4
2
0
0
2
1
4
9
24
23
30
24
26
34
39
42
55
49
64
39
41
44
23
15
5
6
1
1
2
2
11
24
27
28
26
27
52
32
34
36
46
68
54
59
37
48
39
78
41
8
10
1
2
4
8
15
49
25
30
32
27
23
35
34
33
39
28
40
33
47
33
27
24
7
3
5
4
3
3
7
8
15
15
21
23
32
24
26
20
32
30
24
24
26
25
13
21
4
8
2
7
2
7
9
10
15
15
24
26
23
21
18
20
38
43
28
24
26
19
9
11
5
2
3
3
2
1
5
9
12
13
17
24
20
22
25
33
33
39
42
31
32
21
7
10
3
0
2
3
3
6
7
10
20
17
24
18
36
52
39
37
50
54
48
31
47
15
6
4
2
1
0
1
2
7
14
25
26
31
25
41
31
30
38
43
71
54
38
43
45
21
15
4
3
0
1
1
4
4
17
31
20
23
24
38
39
43
41
61
46
52
53
48
60
26
19
10
4
9
0
1
6
8
22
25
26
28
23
35
26
33
32
33
39
38
26
26
39
31
15
19
10
9
5
2
3
11
5
13
17
17
27
28
30
20
30
37
36
43
28
34
36
38
30
18
14
11
1
4
3
4
8
7
13
19
17
26
22
21
23
21
30
25
21
20
16
9
2
13
1
1
0
3
3
8
18
30
23
14
11
23
27
29
30
45
43
43
46
28
36
13
10
5
3
2
4
2
2
7
13
26
22
16
29
30
25
41
38
51
51
42
50
49
53
40
20
10
3
3
3
1
1
12
15
30
38
36
37
31
31
35
38
39
40
62
52
51
42
41
18
10
5
2
1
0
3
4
17
20
16
25
32
38
31
38
40
40
58
58
53
58
45
31
24
17
5
4
3
4
3
7
14
33
26
18
41
31
27
36
50
48
52
40
39
62
51
43
29
13
15
7
6
5
4
3
7
12
25
28
28
39
24
25
31
17
24
43
49
25
36
33
16
13
9
8
7
3
1
5
8
11
19
26
28
30
31
34
21
36
35
42
34
29
23
20
14
14
2
2
2
4
5
13
18
21
22
24
27
41
28
37
33
39
49
50
51
33
32
17
26
5
2
4
1
0
1
7
8
28
32
21
38
20
32
25
31
43
55
48
36
44
34
12
16
5
3
2
1
1
2
3
16
15
37
31
37
43
38
37
52
46
54
60
55
53
35
19
10
6
2
2
1
0
2
12
23
24
23
38
29
50
33
36
37
52
71
55
45
38
39
29
26
10
6
7
2
1
4
4
25
31
26
17
32
30
30
36
28
35
37
43
44
34
25
36
33
15
11
9
2
0
2
8
3
15
21
21
33
32
30
42
36
21
24
29
32
26
21
17
24
15
12
6
6
5
4
14
7
15
23
18
21
25
14
31
32
29
28
18
19
17
12
7
10
6
3
1
0
1
2
13
24
34
16
27
28
29
25
27
32
40
47
30
33
35
25
11
4
1
6
1
3
2
11
17
34
30
19
37
38
36
35
38
38
59
45
44
29
35
17
15
9
3
6
2
4
2
5
14
24
28
30
23
34
35
43
24
39
62
60
44
49
40
18
19
12
4
5
2
4
3
8
23
28
27
43
30
33
46
46
39
53
45
48
48
41
49
26
22
19
5
4
5
5
12
4
20
27
32
18
30
51
26
25
29
26
32
33
27
32
30
13
15
16
8
2
3
8
5
8
7
8
24
22
31
27
35
29
41
41
24
39
35
18
18
17
16
10
7
6
7
5
2
7
2
11
14
16
23
22
31
18
19
24
22
20
16
15
19
12
9
4
3
3
5
3
6
2
14
19
25
15
14
15
19
17
24
35
44
35
27
29
20
19
16
9
3
2
0
6
0
5
21
22
23
18
23
24
14
22
29
24
32
35
28
15
30
15
13
11
1
2
1
0
3
9
11
25
23
14
26
30
22
26
29
36
32
40
36
24
31
30
19
5
4
0
2
0
1
11
9
25
25
19
18
26
22
22
28
22
40
41
29
28
43
47
18
8
3
4
1
1
6
8
3
25
25
31
19
29
17
26
34
20
35
28
27
21
14
25
27
17
7
5
4
2
4
3
6
8
7
19
19
22
20
25
21
28
29
35
38
18
18
23
30
12
7
4
3
5
0
1
9
14
12
16
21
23
24
20
15
15
26
29
19
22
19
11
7
9
6
2
1
2
4
8
4
20
16
23
16
27
22
27
37
50
44
39
41
22
23
24
10
12
5
2
0
2
3
9
9
15
17
16
23
19
28
36
28
31
50
43
53
38
52
16
12
6
3
1
1
1
1
7
9
18
13
14
18
22
24
21
24
31
33
37
42
48
72
27
14
13
4
2
3
0
5
5
7
19
18
20
25
26
20
24
29
31
31
50
38
34
61
27
22
10
6
4
4
1
5
4
8
20
23
16
21
28
22
18
34
26
23
27
32
29
19
34
22
28
9
9
6
5
1
5
3
10
14
13
20
20
18
23
25
19
28
20
39
24
39
34
24
13
8
7
4
7
1
0
6
9
28
46
25
80
37
25
17
17
18
22
21
21
24
19
6
9
5
2
0
5
4
1
7
27
18
23
11
17
25
26
24
32
38
35
32
34
34
19
8
8
3
2
1
2
5
5
15
29
13
23
31
30
21
35
32
23
40
37
41
34
45
16
13
11
1
4
5
1
3
7
15
29
27
36
28
36
29
32
29
27
50
45
60
39
53
35
20
6
4
3
0
0
1
6
20
29
20
17
24
36
30
31
36
35
51
51
50
53
59
35
29
13
9
5
4
2
2
8
23
32
26
23
26
34
38
35
32
39
42
34
43
25
46
30
29
12
12
4
3
2
4
0
8
13
22
21
20
30
30
35
32
35
25
32
29
26
28
29
44
22
22
18
10
9
2
5
8
3
19
27
23
22
32
32
24
19
18
31
29
23
25
32
12
8
4
4
1
1
6
2
21
28
21
16
27
27
15
23
32
40
45
48
34
41
26
16
14
6
3
1
4
0
3
9
19
25
18
19
28
29
32
33
26
33
42
48
49
28
38
16
11
5
3
2
1
1
6
4
17
20
32
26
24
34
25
20
27
35
57
47
96
46
51
34
17
10
7
4
2
2
1
10
21
23
25
21
23
25
41
27
39
41
59
71
55
46
46
29
31
23
14
1
4
2
4
7
14
19
34
27
35
33
41
39
41
36
57
61
43
38
29
27
17
20
11
9
4
4
1
3
4
20
19
29
28
30
26
21
28
44
43
51
38
22
44
49
26
21
11
4
8
2
1
2
5
11
21
20
26
42
30
28
26
30
23
22
34
27
26
21
8
6
4
1
4
1
6
12
27
30
23
27
29
24
22
28
37
42
54
45
34
39
45
26
19
6
2
3
0
1
2
11
16
24
19
25
21
32
32
33
29
47
40
53
40
28
39
13
18
7
4
4
1
2
5
6
21
24
31
29
29
34
21
28
28
27
45
45
59
51
77
28
14
18
9
5
2
0
3
10
16
30
35
37
30
38
25
36
41
49
50
79
79
54
64
32
23
14
5
3
1
1
5
5
19
24
31
23
23
31
34
39
28
36
45
40
42
33
32
37
29
15
4
7
3
7
4
6
5
11
26
20
25
42
25
21
32
30
40
32
31
26
24
40
29
17
12
7
4
2
1
4
5
11
25
27
23
28
24
33
27
22
28
22
23
25
28
38
6
7
4
4
1
3
5
8
25
24
25
16
19
26
21
29
31
31
39
41
38
47
54
20
15
8
3
3
3
2
3
5
17
24
23
21
32
40
21
31
46
35
55
51
48
44
47
24
18
9
2
3
2
3
4
7
18
22
28
17
21
36
28
27
38
42
55
50
44
76
49
88
18
12
5
2
1
0
4
4
20
31
19
23
21
41
34
37
32
30
50
48
33
40
61
25
38
23
8
3
3
2
3
13
20
24
21
19
29
48
28
36
24
31
38
44
36
43
37
62
22
18
12
6
6
1
3
1
10
12
17
28
23
23
28
28
24
19
38
30
29
22
17
39
66
23
13
10
5
2
5
0
10
4
28
22
26
37
33
30
26
25
45
31
26
22
15
22
9
11
4
3
2
2
4
8
14
25
25
10
37
36
29
33
35
30
54
41
28
27
34
17
10
8
4
2
3
1
3
7
21
24
27
19
31
27
28
27
43
40
34
57
42
35
30
39
11
