74
102
103
81
59
19
12
7
4
6
2
3
2
6
5
10
7
6
7
9
18
9
29
38
12
11
11
4
3
0
0
0
1
0
0
2
0
1
1
0
1
4
5
7
9
14
21
27
23
19
18
7
5
2
2
4
4
1
0
1
1
5
1
1
6
3
7
8
13
27
34
64
60
79
33
7
5
0
0
0
1
1
5
1
0
3
2
1
5
2
13
13
22
50
52
73
137
145
116
84
23
5
2
1
0
2
1
0
4
1
8
3
11
13
20
23
16
30
67
103
108
148
159
108
42
9
1
2
0
4
2
7
1
4
7
10
6
10
14
20
14
39
26
36
28
27
36
9
1
3
1
0
0
0
1
2
5
1
1
2
1
4
15
16
8
13
24
35
32
18
16
12
3
0
1
3
0
0
0
0
0
2
1
3
0
5
6
11
17
25
18
39
47
24
21
22
9
1
1
0
4
1
3
2
2
0
2
0
2
3
3
3
10
25
31
43
69
37
31
16
4
1
0
0
2
2
1
1
2
0
1
0
2
10
4
6
20
27
61
81
74
110
53
15
5
0
1
0
1
3
1
1
0
0
4
3
7
4
34
29
40
40
48
90
118
131
105
89
28
6
1
0
2
3
1
3
6
7
2
7
8
10
23
45
45
59
70
112
149
157
157
116
43
12
3
4
3
1
5
6
5
7
6
11
6
11
17
25
16
25
41
46
37
19
18
20
1
0
1
0
0
1
1
0
1
2
0
2
1
5
10
14
23
26
31
58
42
34
19
10
5
2
3
4
4
1
1
2
3
2
0
1
1
3
10
18
24
32
37
65
67
41
21
8
1
1
1
2
3
4
4
3
1
0
1
3
1
2
11
10
16
26
42
46
72
33
20
11
3
0
1
0
2
2
1
1
0
0
3
3
2
2
5
8
20
25
47
74
74
87
71
30
9
0
5
0
2
1
0
1
2
0
3
3
5
11
9
18
31
37
67
91
127
167
184
123
50
7
6
1
0
2
2
3
3
6
6
6
9
16
28
22
27
34
56
69
162
165
187
158
74
4
4
0
5
1
1
1
3
4
4
9
9
15
30
32
45
25
48
64
89
76
47
36
9
1
1
0
3
4
3
1
2
3
5
4
1
6
9
11
16
22
30
37
35
18
19
15
4
2
1
2
0
2
0
4
3
1
1
2
2
5
5
10
29
28
42
46
45
21
26
6
0
0
1
1
0
0
3
0
1
2
1
1
5
8
13
18
19
32
48
74
57
36
19
11
2
1
3
1
1
1
1
0
2
1
1
2
2
7
10
12
22
41
74
116
107
89
43
16
7
3
1
1
0
2
2
2
3
0
2
1
2
4
9
20
26
35
73
99
145
196
237
172
89
23
1
0
2
5
3
5
4
6
2
8
10
34
37
52
49
65
79
132
186
220
181
141
96
29
9
2
1
4
6
2
4
5
10
13
9
12
20
15
22
20
35
33
37
28
14
7
5
1
1
0
0
0
0
2
2
0
5
1
3
8
9
14
15
12
37
56
65
43
30
15
9
2
1
1
1
0
1
1
0
5
1
2
1
1
6
7
16
20
27
39
43
20
16
11
4
1
1
2
0
1
1
2
2
0
0
1
1
5
5
5
11
17
39
86
85
29
30
10
6
2
2
0
2
2
0
0
2
1
2
3
1
7
12
17
22
43
47
91
101
82
63
20
12
1
0
1
0
8
0
5
4
1
3
2
4
12
10
34
48
51
76
132
161
221
192
151
72
22
5
6
3
1
5
4
5
7
6
9
11
19
20
52
36
62
70
94
135
184
174
150
53
17
5
2
1
0
5
4
4
5
9
9
15
27
30
25
33
24
32
67
52
21
26
7
4
0
0
1
3
3
0
1
2
0
1
3
1
6
9
7
19
24
32
57
52
16
7
7
1
4
1
2
9
1
3
1
2
0
1
2
1
2
4
10
15
32
42
53
50
22
17
8
2
2
2
2
0
0
0
0
0
1
2
2
2
5
6
11
9
27
46
61
73
45
26
8
3
2
0
0
0
3
3
2
1
2
2
1
1
7
11
11
22
30
48
72
89
73
62
25
11
4
3
2
2
1
3
1
1
2
4
3
0
4
6
11
18
14
30
19
8
8
9
14
8
2
1
1
0
0
1
2
1
3
1
7
4
15
26
31
42
43
75
113
169
162
163
120
82
37
8
4
1
2
0
1
6
5
8
6
8
14
23
23
17
30
28
34
47
16
14
9
5
3
0
1
2
0
1
2
0
0
1
4
2
0
13
9
12
18
15
40
23
19
10
7
2
1
0
1
0
1
2
1
0
2
0
1
3
5
10
8
17
26
54
78
60
41
27
19
9
0
1
0
1
1
2
1
2
0
3
2
3
7
5
9
12
22
42
50
46
27
33
10
2
5
1
0
1
0
0
0
4
1
1
5
3
4
18
26
30
32
56
109
103
108
74
31
1
5
2
0
1
2
2
3
0
2
3
4
4
8
4
26
25
38
57
106
197
183
147
148
82
29
4
0
2
1
3
7
4
11
12
6
18
27
36
34
62
60
67
155
177
192
189
147
60
12
1
0
1
6
6
6
3
8
8
8
10
18
27
63
36
45
52
92
81
80
74
50
23
11
1
2
1
0
0
1
0
4
1
1
7
3
9
18
27
21
28
37
43
22
13
6
2
1
5
1
0
0
1
1
0
3
0
2
1
4
3
10
13
21
36
44
35
26
15
10
4
1
1
0
2
3
0
2
1
1
1
0
2
7
8
10
23
37
48
75
69
41
30
8
3
0
0
0
0
3
0
0
1
1
2
3
3
1
11
15
27
47
70
102
135
106
70
27
13
2
2
1
2
2
4
0
3
2
1
2
3
3
10
18
40
40
61
108
169
200
169
145
81
22
6
1
2
3
3
7
7
12
12
13
11
26
36
45
51
57
86
104
132
188
163
120
68
11
1
0
1
1
2
4
5
4
7
15
16
19
25
22
23
15
21
40
67
16
16
14
2
1
1
0
0
2
1
1
1
1
1
1
3
9
8
10
13
19
28
59
29
20
4
5
6
0
1
2
2
2
0
0
2
1
0
2
0
4
7
11
21
32
72
63
64
34
21
11
5
0
0
4
1
4
2
0
1
0
0
4
0
5
7
8
16
26
43
58
64
36
17
13
0
1
2
1
0
1
2
0
1
1
0
1
3
17
8
19
11
34
50
86
103
99
93
54
10
3
2
1
2
1
3
3
5
2
1
1
4
7
13
25
40
41
70
130
174
180
179
110
46
15
3
2
2
2
5
2
3
8
14
7
14
19
35
65
48
67
86
130
152
181
170
130
80
15
4
2
1
2
2
3
7
4
4
11
6
14
16
27
23
31
30
40
45
23
13
4
5
4
0
2
0
0
0
2
2
3
4
1
4
7
4
17
20
29
29
68
75
59
19
7
7
0
3
2
0
1
1
1
0
1
3
0
0
4
5
13
22
20
27
68
54
29
25
4
7
3
0
1
0
0
1
1
3
1
2
1
1
3
9
17
24
43
88
104
65
57
73
38
18
5
2
0
3
0
2
1
1
2
4
1
4
9
10
7
26
34
70
102
139
140
89
80
26
1
3
2
3
5
5
12
2
4
4
1
2
5
7
24
20
45
64
111
172
182
184
150
85
16
3
2
3
3
4
5
4
4
4
4
15
20
37
50
38
61
88
131
143
192
184
109
46
8
8
1
3
3
2
4
7
11
8
10
11
12
15
21
29
25
44
42
28
12
13
3
0
1
0
2
3
2
2
2
0
2
3
2
8
9
8
14
27
20
32
35
28
8
4
6
0
2
1
3
0
2
1
0
0
2
2
5
3
4
13
20
39
46
69
68
57
35
9
4
1
0
4
1
1
1
1
2
1
0
1
0
2
7
9
19
35
42
87
111
69
28
10
7
1
0
1
1
2
0
2
3
0
0
1
1
6
5
14
30
33
58
101
134
113
121
56
14
3
3
2
2
2
2
0
2
2
1
4
6
8
9
21
33
47
58
114
175
227
197
131
86
25
8
2
2
9
4
1
6
8
8
11
13
15
25
33
42
52
102
123
156
187
173
164
100
32
8
1
1
2
3
5
3
12
8
6
7
13
24
25
30
27
42
60
55
45
12
7
1
3
1
0
1
2
2
3
2
1
0
2
4
8
13
22
29
28
43
44
56
25
15
5
3
1
0
1
0
2
4
1
3
1
1
3
4
4
8
11
13
29
42
49
53
46
27
13
4
0
0
0
1
2
3
0
1
2
2
3
1
3
9
14
21
33
59
95
87
56
18
12
4
1
1
2
0
3
1
1
0
1
6
4
7
9
16
24
33
38
71
83
116
134
128
61
18
0
0
1
3
0
0
1
3
2
1
1
8
8
20
25
27
64
81
122
145
213
181
139
63
12
3
0
0
2
4
4
5
7
6
9
7
22
34
31
46
61
104
126
188
221
213
189
106
23
11
3
1
3
4
2
7
2
7
4
6
13
18
12
27
22
33
45
47
30
14
15
7
1
1
3
1
1
1
1
2
4
4
3
4
6
7
17
16
19
32
42
79
82
28
19
4
1
2
2
0
1
0
0
1
2
1
2
3
3
7
11
25
39
40
68
73
46
25
13
5
4
0
0
1
0
1
2
1
1
0
1
6
4
3
10
14
43
66
78
69
72
29
12
7
1
1
0
0
1
1
0
2
5
1
1
7
3
7
18
29
37
61
102
141
133
104
59
14
4
0
0
1
2
2
0
2
3
4
5
3
7
16
39
41
37
72
103
198
232
189
165
73
18
2
4
5
2
3
4
5
5
10
13
13
18
29
42
29
57
69
92
164
179
173
150
65
14
6
2
1
1
4
6
5
12
9
12
13
19
18
23
26
28
23
28
36
28
33
7
2
1
0
0
2
0
1
1
2
2
2
2
3
9
9
9
19
33
50
61
67
31
18
14
3
2
1
1
0
2
3
2
1
4
2
5
4
2
6
11
20
31
50
77
58
40
29
10
6
0
1
1
0
1
2
0
3
2
3
2
2
10
17
20
22
39
50
85
84
41
28
20
6
0
1
4
1
1
1
0
3
1
2
3
0
2
6
13
15
18
47
107
131
144
85
44
20
1
0
2
1
0
2
1
2
1
3
5
6
8
15
28
30
60
90
138
180
198
191
115
74
19
10
2
4
2
6
2
5
9
9
5
4
16
27
35
52
67
73
120
179
165
192
141
93
23
9
3
2
2
1
13
12
6
10
18
14
17
15
19
29
22
33
26
35
24
22
7
5
1
1
0
1
0
1
3
1
2
1
10
3
4
9
15
22
20
34
57
54
31
12
8
5
0
4
2
2
1
1
1
1
2
1
3
4
7
6
14
26
38
50
71
80
42
28
20
6
0
1
1
2
1
2
4
1
1
1
2
0
4
8
15
32
39
89
102
54
43
50
9
3
1
1
1
1
3
3
3
3
3
0
1
9
9
13
16
28
38
78
94
110
117
132
81
9
1
1
1
1
5
11
5
1
5
1
4
5
4
16
32
34
47
74
107
205
194
203
140
68
22
8
2
0
6
2
1
7
7
8
15
16
26
33
60
66
51
72
132
167
155
215
156
64
22
9
5
1
7
5
3
5
5
9
11
9
16
18
33
28
22
29
38
48
31
31
6
5
1
0
1
3
0
2
1
1
2
1
3
2
25
15
13
19
18
42
42
50
21
10
15
6
1
2
2
0
1
0
1
1
1
5
1
2
6
13
10
19
27
40
54
59
42
20
9
5
0
1
5
0
2
2
2
0
3
4
1
1
5
5
8
26
31
56
74
73
47
27
5
3
2
0
1
0
2
3
3
1
2
1
3
6
10
14
17
21
41
52
85
104
131
101
55
18
4
4
2
1
1
3
1
3
4
1
1
6
10
8
29
28
57
84
122
172
166
190
135
90
39
10
3
5
2
10
13
14
13
4
18
13
33
44
50
43
60
79
132
183
222
217
157
91
21
8
3
5
4
3
9
13
9
7
8
24
26
26
32
31
36
39
41
46
29
14
13
5
0
4
3
3
2
2
2
3
0
4
0
3
4
6
11
19
20
38
41
43
21
15
6
4
0
1
1
0
3
1
0
2
2
3
1
3
8
7
8
13
18
52
62
71
48
24
10
1
2
0
1
3
0
2
0
1
1
1
3
5
4
12
15
32
35
65
110
137
63
29
23
6
0
2
3
1
0
0
0
1
0
0
4
2
4
7
17
26
29
53
104
112
100
100
60
25
1
2
1
1
1
2
4
2
0
1
3
4
4
11
18
32
48
73
111
129
185
215
114
72
22
4
2
4
3
1
5
13
12
12
19
11
42
45
51
44
59
81
123
176
200
170
161
97
27
13
2
5
7
8
3
6
10
10
22
16
27
54
37
32
39
38
48
39
34
17
6
5
1
1
2
1
4
2
5
0
2
6
3
3
8
10
11
30
21
49
71
49
39
20
7
6
0
2
0
1
3
3
3
1
2
0
3
3
5
9
13
13
25
35
80
