56
86
86
70
44
38
29
31
24
12
15
15
17
20
28
13
14
37
15
18
24
10
17
9
8
4
7
2
4
13
15
23
24
17
11
9
13
10
5
16
9
10
12
11
10
15
10
14
7
9
6
4
7
5
20
24
32
24
17
12
18
7
11
14
11
17
12
12
13
13
10
19
10
8
4
1
7
6
21
29
24
21
19
10
6
7
18
14
11
15
12
17
21
18
18
26
17
18
5
7
9
5
10
23
22
44
13
28
25
31
21
18
18
21
13
15
14
17
30
20
13
15
11
16
10
6
17
17
16
22
22
30
30
26
34
15
18
19
13
6
10
9
11
19
14
12
8
3
6
7
15
42
26
25
13
10
11
5
16
12
11
9
13
3
11
6
4
13
4
8
1
4
6
9
7
25
42
28
8
15
9
14
11
12
7
8
12
13
9
21
14
11
10
17
9
2
6
8
10
32
25
24
19
11
13
13
10
10
11
8
4
15
10
8
15
7
9
6
7
3
1
7
18
29
41
27
14
14
8
11
9
11
6
14
10
15
14
18
21
14
12
7
5
2
5
5
17
32
45
33
26
18
16
14
28
19
6
20
22
29
25
18
18
17
26
21
10
15
18
11
13
16
34
31
23
23
41
19
17
13
17
22
21
12
16
19
17
22
18
23
16
20
22
7
7
16
21
19
29
28
23
18
25
30
11
20
8
19
16
10
13
14
18
15
8
6
8
9
20
19
31
30
12
16
11
11
15
13
13
8
11
8
6
12
22
13
7
8
3
1
3
6
15
25
28
22
10
10
11
10
13
10
7
13
8
9
16
8
10
7
9
9
6
1
3
9
22
34
38
19
12
10
11
12
12
8
4
8
16
4
8
9
12
13
8
10
2
3
2
12
10
37
38
24
15
8
18
6
9
6
9
8
13
9
13
7
13
18
12
8
6
6
7
10
15
33
42
24
18
20
18
14
18
21
16
18
23
21
20
14
17
29
9
25
17
8
14
12
15
11
23
33
23
19
20
21
11
10
19
21
31
19
15
22
15
30
27
22
20
19
21
14
17
23
20
23
30
25
20
25
18
14
11
15
13
9
14
13
23
14
21
17
15
4
8
9
10
9
18
17
12
11
11
21
15
19
12
21
14
12
10
16
11
7
7
6
3
3
2
7
14
21
32
27
23
10
8
10
12
9
6
14
14
10
13
7
19
10
8
13
2
2
4
7
17
33
39
27
23
13
15
13
14
9
10
10
20
16
12
9
8
11
10
5
1
1
5
2
18
39
46
32
15
6
6
13
11
11
3
11
20
18
18
10
14
11
9
5
12
5
6
4
23
34
40
32
12
17
15
16
15
19
11
22
22
16
24
22
18
18
18
18
16
8
12
11
12
19
35
24
23
17
17
26
23
24
18
20
24
22
23
18
17
22
30
29
23
22
27
13
12
33
26
25
33
25
21
31
21
26
14
12
17
16
15
15
14
19
7
10
4
4
6
10
20
22
36
28
11
14
11
12
9
21
11
12
13
9
9
16
4
11
4
2
0
5
1
8
14
28
36
22
8
11
9
16
11
13
6
13
41
17
13
14
17
8
7
3
4
0
6
3
11
23
42
26
21
18
12
12
15
12
14
9
21
8
16
11
13
11
14
3
4
8
3
7
14
30
33
25
9
14
17
13
12
14
13
16
16
12
20
19
14
26
13
5
6
6
5
1
22
32
47
37
22
21
21
11
27
18
11
16
29
28
23
31
23
23
30
23
13
15
13
10
8
23
30
37
22
25
31
24
21
23
21
20
24
15
28
28
23
37
21
27
21
8
24
8
17
22
26
26
27
43
35
28
21
25
18
36
44
19
14
13
21
47
24
18
15
2
14
7
13
29
50
27
11
17
30
38
15
17
15
9
13
17
11
6
13
13
8
3
3
2
2
4
18
31
41
24
22
17
13
4
19
12
11
11
22
9
12
14
14
10
13
9
2
6
4
7
16
24
43
26
23
15
6
15
10
10
14
17
28
16
11
10
17
11
6
8
5
3
6
7
15
39
36
31
15
17
18
12
8
9
11
13
25
22
9
15
15
15
8
4
4
2
5
14
28
29
39
32
20
13
17
13
15
19
12
20
13
10
10
9
15
18
15
11
11
3
9
3
7
11
13
5
17
12
12
7
15
11
12
17
12
20
14
15
22
24
20
17
29
12
19
13
15
16
17
27
17
17
25
22
17
14
9
16
15
12
15
7
16
12
11
6
15
3
6
10
18
43
39
29
17
12
16
13
14
9
5
12
13
13
11
9
10
8
11
6
7
3
9
13
17
31
34
21
11
13
17
11
12
13
11
15
11
14
17
12
14
8
13
8
6
5
4
10
12
24
59
37
14
11
16
11
11
14
9
18
16
16
14
9
23
12
11
6
6
3
7
1
23
39
44
16
10
12
22
12
13
27
14
12
28
41
34
22
19
17
16
17
7
7
12
8
16
41
52
37
18
29
15
11
19
15
15
18
12
30
24
26
27
25
45
25
19
14
21
16
18
21
36
37
30
28
31
31
18
26
23
18
26
31
26
31
27
41
32
23
20
23
23
16
15
20
22
27
29
30
20
21
24
32
20
18
19
21
25
19
31
19
10
16
12
10
15
4
10
20
18
29
15
14
19
11
14
19
13
17
19
17
16
12
10
5
4
11
5
4
5
10
14
26
29
25
17
11
15
13
9
16
9
11
9
16
9
11
14
8
14
3
2
7
2
8
20
28
34
28
12
19
10
18
14
22
10
13
20
15
12
17
8
9
14
6
4
4
3
7
17
37
35
41
21
14
18
16
11
17
14
21
15
21
19
18
15
11
24
15
8
4
5
10
23
28
67
30
49
19
20
15
20
19
15
18
23
44
30
19
26
48
56
45
15
20
18
12
14
27
33
43
35
33
38
33
28
41
17
27
23
34
18
27
24
39
27
33
25
24
28
14
15
17
23
25
23
29
26
21
28
33
22
19
27
25
16
10
17
19
29
10
14
6
9
4
13
29
37
25
19
9
14
53
31
11
15
10
18
15
11
12
9
12
6
7
11
3
6
8
18
30
37
24
15
18
19
8
14
14
8
14
24
19
20
13
12
12
14
12
5
0
4
9
13
54
61
26
24
19
11
16
11
12
15
9
16
21
12
9
20
11
8
10
3
5
6
6
16
32
53
31
21
20
18
23
12
13
8
20
17
27
27
16
22
18
16
16
11
7
10
7
26
37
59
36
20
19
20
14
24
18
18
24
24
30
61
87
42
46
40
31
16
28
20
21
15
24
34
49
35
35
34
32
29
21
26
22
32
42
38
32
36
34
41
28
18
14
20
12
17
18
25
24
35
41
24
29
32
46
27
13
22
23
21
29
16
28
14
10
8
3
12
10
23
26
51
26
20
14
14
17
16
20
12
16
25
18
23
14
10
6
3
6
4
2
0
7
18
27
44
26
20
11
13
17
13
11
10
16
17
24
13
23
10
8
8
9
3
2
7
10
15
30
41
34
18
26
12
18
13
11
8
19
22
15
19
21
21
10
14
7
3
1
7
14
22
32
45
27
18
12
13
13
13
14
20
24
17
26
25
16
20
16
19
19
10
4
7
17
23
51
48
33
22
33
18
19
18
20
9
22
18
23
22
24
19
30
29
27
12
9
12
18
13
18
29
59
46
34
37
36
22
34
30
24
31
33
24
25
40
35
41
37
32
31
22
20
19
31
28
39
35
22
32
28
26
13
16
20
15
21
15
10
16
14
14
9
6
7
9
13
37
49
31
20
20
13
17
13
17
13
19
16
12
17
14
10
9
11
6
3
4
3
8
15
34
43
20
13
13
19
16
23
20
12
22
12
15
17
17
14
14
14
4
7
2
3
5
7
36
34
41
19
7
19
14
12
11
14
14
19
22
12
14
23
16
15
13
4
1
6
8
21
32
40
40
20
11
19
9
18
17
23
17
15
26
19
31
13
22
12
14
7
7
7
10
25
39
36
34
20
14
24
19
18
35
23
18
23
26
20
24
35
37
28
33
19
14
29
35
12
18
31
16
34
20
25
21
18
25
15
21
32
27
29
30
24
25
32
24
26
24
24
15
19
17
14
30
30
31
20
24
29
33
26
19
19
16
19
22
13
19
11
9
11
14
10
7
20
39
35
28
24
13
18
8
13
11
23
11
25
22
25
26
30
24
18
9
3
1
7
9
21
36
39
28
15
11
13
14
8
19
12
10
24
28
27
18
12
17
22
8
13
1
6
9
18
34
32
24
13
9
19
15
13
21
7
8
17
18
18
12
21
15
10
20
4
7
5
5
17
27
41
30
17
10
20
10
13
9
10
15
22
12
27
21
21
16
12
11
6
5
7
11
21
37
43
23
13
15
13
17
25
11
14
18
27
15
14
23
22
24
32
27
25
17
17
12
12
19
25
33
30
25
24
23
23
13
18
21
26
25
22
39
22
36
24
24
18
16
19
8
11
19
21
21
28
25
21
27
24
20
12
25
16
12
15
10
19
17
15
18
8
3
8
12
17
29
27
21
19
17
11
9
14
11
11
13
17
14
9
19
15
7
8
3
3
5
5
8
16
21
21
29
15
14
18
9
13
8
10
9
45
144
101
66
18
11
12
8
6
1
3
6
15
19
33
23
13
17
21
12
6
12
6
8
14
15
16
19
21
15
12
9
13
2
8
6
13
24
36
17
18
11
14
12
14
5
11
13
16
16
15
21
23
17
15
10
12
8
13
8
22
18
24
28
26
13
17
15
19
20
13
19
23
27
23
19
19
17
29
40
19
15
20
11
20
18
30
36
36
40
27
37
50
23
46
27
41
31
22
20
28
37
27
31
17
18
14
10
15
28
35
30
53
39
35
42
50
40
36
37
41
32
28
23
18
20
11
10
7
8
9
12
17
24
32
22
23
16
15
12
11
11
11
14
12
17
18
16
12
8
6
4
4
7
3
5
15
20
33
20
20
16
14
13
16
10
6
16
9
13
23
16
13
16
16
17
4
2
8
4
18
32
36
27
26
22
18
16
13
12
9
24
18
20
14
22
17
18
10
13
6
5
5
10
22
27
40
26
15
15
16
12
9
13
16
22
27
24
16
23
21
24
10
13
5
8
5
12
23
35
46
38
23
16
15
12
22
20
14
19
21
24
27
29
32
18
40
41
20
28
24
15
20
29
32
42
22
22
24
18
21
21
19
23
20
27
26
25
31
28
40
48
30
12
22
18
17
16
15
23
39
43
29
45
69
41
28
20
27
25
14
21
20
24
13
11
13
4
7
7
15
29
44
22
15
14
15
8
19
23
14
9
17
10
16
17
12
17
8
13
4
4
6
9
19
31
37
23
17
21
9
16
18
9
11
13
19
20
11
14
14
9
11
13
8
4
4
8
16
31
37
20
20
16
14
12
13
10
7
19
14
32
26
8
26
12
15
9
8
3
3
5
19
29
54
29
17
12
13
16
6
14
14
10
19
16
17
20
20
16
16
13
14
7
9
8
16
40
58
34
25
19
20
16
16
13
8
25
16
26
28
28
30
19
23
17
22
15
13
8
17
34
55
64
45
50
36
31
38
35
30
48
46
21
26
25
41
33
44
38
28
30
21
19
23
19
20
25
28
18
30
19
19
23
27
24
22
10
18
14
19
16
18
17
8
11
10
8
15
22
50
29
15
20
16
10
23
13
10
9
24
14
18
10
12
10
10
4
5
6
2
2
21
23
43
30
23
16
13
14
14
14
16
14
9
21
17
21
15
15
14
6
5
7
6
9
20
28
48
25
22
16
9
9
16
18
8
13
11
22
13
13
14
8
14
9
9
4
5
6
16
31
37
35
23
11
13
8
22
9
12
15
19
22
23
16
20
12
15
10
7
8
5
8
26
40
58
50
42
16
16
16
11
15
13
14
17
29
21
20
25
19
24
20
15
26
10
8
16
11
34
47
31
29
23
20
29
25
17
12
20
23
26
36
24
28
38
32
20
20
20
10
18
18
29
24
24
20
23
24
21
23
11
17
19
16
12
23
27
21
15
8
6
2
6
5
20
29
35
26
17
16
29
10
13
6
5
9
14
18
16
16
16
9
7
9
2
3
2
8
17
30
27
32
15
9
17
18
15
14
12
19
12
14
9
16
4
8
8
11
5
3
8
8
19
31
50
26
18
9
9
5
18
7
12
11
16
18
9
19
18
15
8
5
6
4
6
6
18
35
33
20
15
14
12
8
9
12
9
8
17
15
26
21
14
16
22
16
12
5
6
10
24
34
42
34
22
18
20
15
12
13
12
16
21
25
21
23
23
27
24
20
18
15
12
13
11
21
20
35
29
21
32
25
12
16
13
8
10
24
35
27
21
34
23
30
22
19
16
6
6
24
28
27
27
21
24
26
25
21
13
15
21
15
23
19
16
16
12
10
6
7
5
7
13
37
45
30
18
13
9
12
13
15
14
6
11
11
21
14
11
11
13
13
1
1
5
9
19
27
32
19
26
9
12
15
7
17
12
17
22
22
14
15
14
25
