45
57
53
41
25
16
15
25
17
16
28
22
33
22
36
23
31
30
41
41
29
25
20
16
8
7
1
4
3
10
11
38
45
47
46
56
48
44
64
63
61
86
76
64
29
36
19
28
12
11
9
5
9
6
25
31
46
66
46
58
65
61
51
66
55
96
97
74
47
42
31
26
14
9
3
9
2
10
18
36
47
52
42
59
65
62
53
68
75
89
100
65
51
40
43
30
23
13
8
8
6
8
11
22
22
41
35
39
37
46
49
49
35
59
46
44
23
32
30
27
22
17
10
11
8
3
11
20
26
34
30
36
49
41
30
49
44
44
48
42
21
14
15
18
8
6
8
3
2
5
18
46
52
50
44
57
44
46
46
65
78
85
96
75
50
30
26
30
13
7
5
6
4
8
18
55
55
50
35
51
61
62
47
52
51
95
89
64
63
36
34
26
10
10
9
4
4
7
25
42
60
37
59
62
66
57
55
60
64
102
101
77
43
45
25
31
17
11
2
2
4
6
15
43
54
49
38
46
49
50
44
65
61
84
97
87
55
32
31
31
16
12
7
3
5
6
31
42
59
49
48
39
46
47
60
65
77
122
117
100
60
43
41
26
25
13
13
3
6
4
16
22
31
44
54
54
46
42
39
54
40
51
32
31
37
38
34
26
18
8
8
8
8
5
18
23
49
51
53
43
38
42
55
49
46
50
43
34
35
22
18
17
9
9
2
3
6
7
20
36
49
41
41
52
40
42
62
59
55
94
83
67
58
44
32
19
8
5
5
1
0
9
25
51
59
47
44
44
55
61
53
59
71
111
110
83
56
70
37
24
15
14
4
6
4
7
29
66
59
46
46
59
42
49
36
67
58
101
98
81
76
47
28
23
23
12
2
3
5
11
12
52
53
34
49
47
57
49
56
62
68
109
107
74
62
53
34
43
19
4
7
2
4
5
20
65
52
48
52
47
44
51
49
70
66
85
68
94
57
41
33
32
19
17
12
5
3
11
18
21
27
37
42
48
43
27
35
42
48
62
51
44
36
25
24
35
27
16
11
4
8
3
16
18
36
35
34
64
38
47
51
46
53
45
34
34
32
25
28
33
16
10
3
7
3
5
17
22
38
22
26
33
31
39
36
35
30
39
55
46
22
22
19
13
10
8
6
5
3
10
13
51
48
47
53
50
72
56
56
57
65
123
142
161
105
39
37
25
9
9
6
5
6
4
23
58
59
47
59
56
66
62
52
61
63
124
117
101
65
50
41
31
16
7
3
4
5
1
23
56
58
45
53
56
43
53
59
77
63
117
98
86
77
56
47
32
18
9
4
7
3
8
23
62
65
41
52
68
57
64
59
56
56
102
80
71
45
48
38
27
17
15
5
5
6
8
12
30
28
54
48
57
66
65
60
44
57
64
60
49
31
22
30
32
20
16
7
5
8
9
12
29
36
50
51
36
51
50
36
54
53
33
44
34
33
19
16
15
7
7
3
1
4
5
17
39
60
53
46
50
41
59
64
70
77
90
106
86
50
45
28
21
7
7
3
2
3
11
25
42
62
50
50
51
44
53
66
57
51
92
109
109
61
44
22
29
15
4
8
4
4
4
21
41
64
42
44
45
44
47
53
59
55
86
92
81
76
39
18
22
17
13
5
5
6
8
18
55
58
60
60
61
75
51
60
80
70
109
118
94
62
40
38
46
22
12
5
6
2
10
22
52
62
66
43
60
56
54
77
70
80
92
90
73
57
40
30
33
29
11
2
5
4
6
15
29
43
55
69
45
45
66
58
67
65
54
65
52
42
32
44
22
18
19
12
6
6
7
11
24
41
43
61
39
54
50
48
61
38
70
53
45
31
28
20
41
13
9
2
6
2
5
19
55
54
48
43
59
47
56
66
66
57
109
86
66
53
59
36
27
22
7
5
3
5
6
24
58
63
53
54
50
45
66
65
81
55
101
130
97
73
59
27
22
13
7
6
3
2
6
21
64
67
56
41
54
50
50
72
70
63
90
104
95
49
51
22
26
17
8
8
3
6
7
26
53
58
67
40
58
70
60
64
55
67
107
122
100
76
55
36
28
23
12
6
6
6
7
23
55
55
72
60
59
72
54
81
86
72
50
56
54
27
30
18
20
14
8
5
6
3
6
8
7
12
23
19
33
24
43
39
42
44
49
59
68
49
34
33
34
23
11
10
7
9
4
7
17
37
44
57
42
41
42
59
54
52
42
59
45
27
23
22
22
12
2
5
3
2
12
23
45
80
64
50
50
60
52
63
59
66
83
101
89
61
43
34
27
2
5
6
9
2
11
23
49
62
63
49
46
59
53
48
80
67
104
118
87
79
43
28
25
14
4
6
3
3
10
18
55
53
52
51
64
74
55
57
68
65
107
101
84
79
43
33
32
23
5
7
6
3
5
18
43
49
52
49
63
61
57
68
60
61
123
125
79
64
31
33
29
20
13
15
2
9
8
23
49
62
67
47
44
51
63
67
76
79
95
67
77
62
50
42
47
26
28
8
10
4
7
16
22
36
55
46
50
43
59
43
64
43
54
53
58
42
43
44
36
17
21
9
8
17
7
11
28
31
38
57
56
40
47
55
63
40
70
43
47
35
28
30
18
11
9
10
4
4
8
26
25
27
35
38
28
26
32
44
35
33
50
34
50
31
29
20
22
16
5
4
1
4
6
19
44
38
35
52
50
61
53
77
58
77
91
88
79
49
37
29
32
17
10
4
3
5
12
18
46
57
42
57
65
67
54
45
63
50
120
103
100
72
50
32
38
10
12
10
3
4
7
21
47
67
54
44
65
59
58
77
64
83
94
104
90
85
52
39
30
25
14
7
4
5
12
29
50
63
54
57
65
61
63
66
73
75
87
101
77
81
57
54
53
38
18
15
7
14
7
25
39
55
73
69
55
63
71
80
67
49
62
66
60
39
36
33
38
20
16
9
10
7
7
16
30
29
41
67
65
47
41
61
64
48
57
55
55
31
38
32
22
21
14
2
4
2
10
18
39
56
48
35
48
57
65
51
63
65
89
113
94
81
33
31
34
17
14
5
4
3
8
20
47
59
52
52
67
50
48
59
76
62
105
95
104
58
35
36
31
13
9
3
6
3
11
34
81
91
65
48
69
62
52
67
63
64
78
101
103
68
58
43
36
18
14
7
5
6
10
17
61
57
49
46
63
57
55
65
73
60
83
106
86
70
60
47
44
15
10
5
7
5
11
17
52
62
66
69
69
59
47
88
78
78
95
94
84
53
40
43
23
26
11
14
11
10
9
25
54
59
54
62
54
85
79
74
64
48
71
58
79
52
49
41
39
37
26
15
8
10
12
21
32
49
34
50
75
59
63
53
39
46
52
67
57
47
21
30
17
8
7
6
5
7
9
33
55
67
55
41
45
56
46
50
77
66
106
110
82
66
45
35
21
20
13
11
4
3
5
33
57
60
57
49
68
62
56
67
63
79
110
106
120
123
132
52
25
21
12
9
7
5
8
29
62
58
54
59
54
50
33
55
68
59
93
113
80
68
63
37
27
18
9
6
1
4
5
20
60
72
56
49
47
61
58
72
62
82
124
113
112
75
83
67
25
33
15
10
8
5
13
20
74
69
66
52
61
59
61
60
62
78
110
95
70
49
37
29
26
23
16
10
8
10
4
20
35
46
58
72
49
51
58
59
64
63
61
72
64
66
45
32
43
33
17
13
9
11
20
25
41
45
68
74
61
61
56
71
53
45
55
67
53
21
15
18
9
8
4
2
4
11
22
43
63
43
45
65
54
58
60
58
51
89
103
96
84
37
42
22
16
8
3
4
4
10
32
73
62
46
45
62
67
75
66
83
74
112
112
94
62
39
37
30
21
13
6
5
5
9
22
50
78
56
55
51
62
60
68
75
62
113
118
102
86
41
33
25
20
4
6
6
7
15
17
63
69
53
48
50
67
62
65
78
67
98
114
102
73
41
37
32
21
9
9
7
8
16
30
47
71
55
60
64
69
56
70
62
76
108
82
77
64
68
36
39
32
17
19
15
10
6
16
29
42
42
62
45
44
56
50
51
39
58
52
60
52
34
30
41
21
17
11
4
9
7
31
18
47
40
40
42
46
43
52
48
28
41
32
42
35
31
19
27
22
3
3
5
2
10
17
47
54
48
40
39
54
47
58
62
69
107
115
91
67
43
34
41
20
9
3
1
5
5
25
47
39
46
56
52
59
45
55
52
50
95
71
72
53
38
40
31
17
6
2
7
6
11
19
38
65
40
45
49
68
55
60
60
57
79
79
74
61
33
35
27
13
14
9
7
8
13
19
49
50
53
36
60
76
58
59
67
47
71
101
168
151
54
42
53
17
10
12
6
7
12
26
50
53
41
36
56
61
72
64
67
59
91
69
80
63
69
93
100
36
17
12
6
6
6
17
21
32
46
41
36
72
54
43
47
56
42
47
66
37
35
34
39
18
16
23
9
11
11
12
13
21
27
50
43
50
50
41
31
38
35
44
45
27
33
23
23
13
18
4
5
5
11
20
29
35
39
56
55
51
66
67
67
61
81
70
53
48
32
40
25
24
7
2
4
4
4
24
32
29
41
33
53
52
52
70
76
52
79
60
112
97
90
26
19
16
8
11
4
1
12
23
33
39
30
57
46
62
46
59
52
58
72
70
82
73
48
37
31
19
8
5
6
4
4
20
48
43
56
42
42
70
55
53
50
66
75
75
71
70
44
38
27
13
10
6
8
4
7
25
34
37
47
39
55
59
65
63
59
54
62
81
74
37
47
45
34
17
25
14
14
5
11
22
21
35
37
33
39
37
46
49
49
40
60
54
59
40
25
36
24
19
20
15
12
9
1
12
25
28
51
42
60
59
50
60
41
49
46
43
44
44
37
24
13
13
8
2
2
2
7
24
40
40
44
42
56
56
50
58
62
61
87
70
59
49
40
34
20
24
6
5
4
2
5
29
52
48
53
46
64
59
52
65
58
71
102
90
75
61
66
53
23
19
13
8
3
6
10
24
60
68
59
50
60
53
50
62
69
53
100
98
93
72
57
35
27
20
14
8
5
3
6
30
63
59
49
51
63
59
56
58
54
70
83
101
83
60
40
33
20
21
10
13
8
1
12
25
52
62
53
53
62
74
57
67
50
62
82
94
64
59
49
55
54
26
22
18
8
8
5
22
46
38
43
56
54
58
39
45
44
47
54
57
48
44
41
32
36
33
15
12
7
13
9
11
24
31
38
44
52
56
44
56
42
51
47
55
32
37
32
35
28
10
8
1
5
4
12
15
44
63
59
47
57
62
45
42
70
64
71
81
85
65
75
63
51
18
14
3
4
7
4
19
56
57
57
39
50
48
39
54
67
78
87
86
60
43
39
43
36
16
9
7
3
2
9
24
66
63
55
50
48
52
50
65
65
66
90
102
143
112
52
56
40
25
8
6
3
6
6
16
63
65
59
44
43
62
49
64
70
64
85
95
77
61
50
52
42
11
7
7
4
7
17
31
78
76
71
60
63
81
69
106
69
78
104
96
91
65
51
63
94
21
15
11
6
6
12
19
30
39
56
104
69
50
49
47
64
61
97
52
65
44
81
68
39
29
28
18
10
4
7
16
33
25
44
43
52
65
53
52
54
53
73
71
41
33
29
20
14
13
9
4
4
3
13
19
51
60
42
31
45
68
44
50
64
68
96
87
74
60
46
26
36
22
12
8
4
5
11
20
54
64
59
56
57
56
41
55
55
71
82
99
84
57
37
28
18
23
13
11
4
1
9
23
54
67
48
52
56
62
66
61
77
74
119
84
72
42
58
93
38
23
11
6
6
3
8
20
57
50
58
53
47
64
51
68
73
97
134
112
91
58
43
92
28
13
10
4
4
3
13
24
45
65
55
54
54
59
46
65
55
79
96
76
56
49
48
60
85
21
21
11
12
7
3
13
25
40
44
47
72
66
61
59
51
53
80
51
47
38
52
44
110
28
27
11
5
5
3
7
33
22
44
45
60
61
51
51
52
41
60
59
39
45
15
17
17
11
5
4
3
4
12
17
43
51
52
47
42
51
57
68
56
63
72
70
55
51
34
33
32
12
12
5
7
1
6
29
56
55
63
43
53
64
46
59
79
61
131
84
79
50
34
27
25
18
9
6
2
4
8
26
47
71
51
45
51
53
50
61
74
67
111
98
92
91
36
36
19
17
11
7
8
5
9
16
41
62
48
45
50
55
45
63
72
65
93
99
61
59
44
28
34
16
17
12
5
6
18
23
38
63
56
43
67
63
50
64
95
81
93
78
72
54
46
43
42
27
21
10
12
7
15
16
37
35
47
43
50
61
51
79
56
55
61
56
65
47
46
66
95
46
39
22
22
8
13
11
22
25
40
41
52
64
69
59
72
53
44
51
49
37
39
20
20
16
13
7
2
4
11
14
44
52
38
49
47
38
57
60
64
84
86
74
56
45
35
27
16
17
5
4
7
5
6
22
50
55
36
52
57
56
59
59
77
53
93
87
58
56
30
28
21
