442
581
471
292
174
96
90
119
137
154
217
284
359
360
345
396
281
326
332
321
264
193
181
134
63
33
21
22
26
70
268
504
775
644
526
470
509
489
469
473
398
513
529
474
361
259
215
163
100
63
33
20
21
96
251
566
821
759
632
515
622
546
540
506
450
531
610
567
427
316
281
173
115
76
31
19
26
86
243
585
847
774
568
525
523
474
501
492
410
573
615
679
530
393
410
323
256
136
114
77
64
49
73
162
246
343
403
456
487
415
390
384
384
407
519
565
536
452
379
380
261
202
156
93
53
55
69
142
226
264
377
363
431
440
416
360
345
331
340
317
278
206
175
126
51
50
29
21
34
94
249
670
948
701
519
533
471
470
490
587
460
565
601
535
411
256
233
187
106
50
33
24
37
100
256
740
949
712
560
549
527
476
530
552
487
610
608
589
453
321
287
161
87
41
32
27
34
92
250
708
936
724
553
505
555
486
564
570
461
592
630
593
511
363
261
219
103
54
37
30
30
88
283
711
905
758
583
547
581
543
586
526
434
636
682
670
497
384
317
219
122
65
37
34
39
80
294
695
974
850
581
529
585
584
554
526
387
454
632
726
639
516
424
365
293
181
123
57
56
43
83
171
305
417
474
478
469
444
464
449
426
442
568
595
583
472
467
469
323
200
149
110
82
44
50
150
210
268
389
438
447
453
430
395
353
381
344
338
313
249
185
161
79
41
25
24
35
89
293
691
883
721
559
492
471
440
519
593
463
604
581
502
390
338
306
170
92
39
34
19
29
108
296
716
907
781
614
550
552
525
592
581
491
638
716
644
480
420
310
212
119
63
37
21
37
108
364
857
933
812
661
658
598
569
585
614
446
652
715
612
533
420
341
203
119
48
41
24
48
100
297
743
1006
798
624
574
588
526
599
574
457
610
720
661
560
444
362
265
129
80
47
38
55
85
270
742
923
850
695
573
544
593
588
525
397
583
689
718
636
525
484
398
253
166
145
86
63
48
105
194
302
447
464
439
437
494
417
394
371
416
539
580
550
433
385
401
266
196
126
97
80
43
64
141
193
268
348
399
409
436
420
373
337
379
453
416
374
320
310
222
137
86
45
25
29
58
122
280
429
454
432
450
460
517
499
496
385
479
503
440
361
248
176
138
80
39
21
18
45
105
319
799
1020
778
559
581
570
593
633
693
504
710
761
684
507
363
314
194
85
49
24
23
25
97
307
790
1028
889
672
685
621
592
689
651
529
723
745
756
565
368
313
229
120
54
20
28
25
97
305
745
915
760
624
589
599
543
633
645
498
669
845
756
569
459
360
269
169
76
43
25
35
97
277
796
1035
895
659
580
604
583
644
616
503
575
736
667
613
522
434
371
275
145
103
68
64
58
109
207
344
484
526
539
562
592
452
471
457
543
674
641
586
523
492
493
359
267
209
136
72
46
90
167
247
304
400
518
504
483
474
438
343
430
370
383
335
264
174
145
70
29
39
19
36
89
290
724
922
765
577
525
567
539
597
664
502
600
594
581
436
309
250
153
83
41
29
23
32
123
326
797
949
737
600
548
548
485
593
596
485
615
832
741
518
340
281
184
88
44
35
26
30
95
282
740
1023
849
622
583
532
522
567
592
455
614
735
618
496
353
267
209
112
48
37
25
35
109
324
731
1033
810
632
571
616
519
641
585
470
693
753
723
573
410
387
258
131
72
47
29
39
107
284
739
1047
862
649
562
589
583
672
590
496
631
820
774
659
578
503
447
272
195
139
98
66
56
97
188
365
456
477
548
560
580
492
480
417
516
642
539
560
491
459
443
335
258
178
98
60
52
57
146
238
322
381
441
440
462
424
413
435
575
557
340
373
315
296
449
132
57
34
18
31
101
293
736
952
776
590
558
586
546
579
628
495
611
668
592
448
290
242
135
98
33
35
22
23
94
328
820
1041
786
649
562
528
514
599
612
440
621
759
633
532
346
264
169
107
44
22
25
34
96
292
735
1010
809
618
538
579
559
590
616
497
621
711
695
515
437
327
237
115
47
35
25
40
101
298
780
1040
841
679
613
608
592
680
656
478
557
719
711
550
437
383
270
145
61
40
34
42
107
301
763
1004
795
676
638
591
606
620
525
340
380
393
412
277
289
241
194
138
88
66
38
20
21
66
112
155
218
281
327
342
374
324
337
340
447
576
572
511
464
471
444
323
248
167
81
59
40
87
170
239
361
488
473
511
431
449
394
361
378
449
399
322
221
188
152
80
28
18
14
32
102
340
800
720
595
561
517
505
450
510
567
435
564
613
567
430
320
243
158
89
48
27
21
32
111
323
751
937
746
602
539
543
500
574
519
492
605
755
633
479
392
296
203
106
53
42
31
38
92
297
780
869
784
606
548
545
495
596
545
470
630
739
669
565
412
329
258
117
55
28
20
41
114
303
780
941
782
642
554
551
588
619
549
429
592
786
720
622
429
397
305
179
84
56
34
41
87
285
747
979
796
640
568
504
506
526
498
349
543
598
627
585
470
403
352
258
144
93
83
56
45
91
199
264
423
459
459
445
436
351
353
333
431
533
515
528
465
409
442
363
201
171
88
75
55
68
146
191
303
407
440
483
496
378
380
331
366
426
475
389
309
270
235
136
75
52
26
39
52
131
232
386
420
395
382
453
390
381
379
338
384
459
433
321
277
198
148
93
55
33
19
37
86
292
628
843
791
590
543
596
582
653
618
457
623
646
549
428
323
284
178
106
51
36
21
29
110
323
768
999
788
651
602
650
580
626
590
495
617
722
715
540
400
332
230
133
53
32
24
36
116
311
741
1000
767
665
547
609
532
594
617
463
667
782
728
537
487
359
254
140
73
44
27
50
83
292
748
974
870
634
535
537
544
581
532
435
571
731
745
656
513
451
417
305
215
134
101
55
51
100
224
338
481
558
579
564
542
506
472
401
514
609
613
574
530
526
439
353
251
191
132
76
46
70
145
256
344
426
512
501
428
424
371
356
425
427
391
272
233
238
158
211
43
24
20
35
96
276
745
883
721
546
516
511
504
560
599
473
608
635
538
372
326
234
167
81
51
22
20
27
95
340
724
954
750
628
561
577
503
619
605
541
641
693
729
548
451
353
256
110
67
29
23
39
129
401
881
834
855
703
593
544
519
603
558
466
636
662
671
529
376
286
215
112
54
36
19
29
103
322
821
997
782
604
522
592
493
626
553
427
651
746
739
575
438
340
242
165
76
61
43
42
84
296
722
929
801
603
551
543
558
588
588
484
620
765
732
670
508
474
416
282
171
115
89
83
54
113
209
355
483
557
528
539
534
486
469
401
468
595
612
535
496
436
407
353
206
179
133
86
43
86
172
268
310
463
485
482
492
481
430
369
420
466
447
329
274
189
155
78
54
19
23
35
103
284
720
799
650
594
526
527
488
580
602
501
650
647
606
482
366
249
197
88
47
32
21
30
87
337
746
969
775
662
589
540
526
569
574
487
655
671
586
445
388
312
200
103
44
28
18
42
120
314
774
1039
855
653
597
620
574
626
569
518
600
704
645
527
346
295
250
126
39
23
15
29
81
334
800
1032
789
678
576
604
540
618
655
458
666
765
707
578
423
373
273
141
86
51
32
50
113
360
807
904
692
644
533
512
480
550
544
432
607
661
711
627
462
434
369
289
160
116
84
51
61
95
236
354
440
518
506
476
434
420
380
352
472
567
501
514
473
473
453
388
245
165
117
70
77
167
224
366
424
423
459
439
427
382
334
373
359
395
326
254
219
140
76
35
27
15
38
119
277
648
1012
746
561
523
531
498
564
608
477
580
629
574
427
320
237
222
111
62
28
12
39
99
325
775
865
797
697
654
617
607
613
569
415
600
623
602
500
370
266
177
108
42
30
30
29
104
280
771
993
753
620
577
544
544
609
590
460
625
743
635
529
420
317
241
126
62
33
34
24
98
322
793
1043
846
702
645
599
574
615
601
476
658
797
694
670
507
398
252
169
79
48
47
36
107
288
736
1023
916
633
595
537
515
568
612
400
563
692
687
607
523
492
395
317
202
195
101
73
57
97
205
336
454
493
559
561
498
516
506
393
627
636
582
567
535
617
525
373
277
164
94
57
58
134
168
216
345
435
455
484
477
449
411
366
415
428
430
347
289
202
156
75
50
29
32
37
78
294
653
922
757
541
509
505
499
546
599
487
660
743
679
507
389
264
194
100
49
35
24
33
105
291
675
972
796
628
687
642
503
523
588
458
539
580
592
504
399
287
186
109
54
41
29
29
104
288
646
929
828
567
526
550
550
557
557
434
551
590
610
468
438
310
236
111
58
34
25
29
95
288
657
983
780
644
533
564
516
537
512
311
566
644
595
598
465
392
281
167
75
55
23
36
82
259
643
950
820
609
557
542
556
590
539
421
587
626
670
581
481
409
403
267
182
133
82
66
71
78
169
291
425
457
471
505
403
399
374
314
414
537
517
558
467
470
408
288
253
180
95
77
45
64
155
260
300
413
423
451
425
381
361
346
357
380
340
331
237
206
146
73
33
19
25
39
99
246
567
864
711
553
538
524
445
552
534
511
605
578
525
395
425
307
215
109
60
28
24
22
77
257
543
837
725
544
509
472
447
492
524
419
502
565
507
426
368
340
208
135
51
37
22
37
82
243
541
858
736
532
496
546
515
512
495
399
565
594
536
534
318
305
263
123
77
53
26
48
113
234
598
900
749
578
565
587
554
509
527
389
537
640
594
528
405
365
313
171
102
68
40
47
77
195
359
667
607
551
558
557
436
526
454
365
514
587
574
512
407
399
367
237
182
98
69
39
55
88
198
296
345
395
437
411
369
337
306
311
391
450
524
466
409
370
314
242
129
98
58
43
32
75
148
221
287
408
462
436
397
347
319
312
300
365
404
405
267
213
113
69
44
21
24
39
107
237
576
805
659
507
489
472
454
471
477
510
638
507
473
392
326
255
162
97
36
37
19
27
93
258
671
934
799
615
584
573
558
589
534
458
549
664
628
534
407
316
201
95
46
27
28
39
97
305
752
942
765
635
559
548
515
545
518
419
625
659
684
547
407
349
251
123
62
21
16
33
102
310
813
1005
823
600
592
567
508
592
555
401
600
734
646
555
422
371
274
153
78
54
54
42
90
284
712
991
839
625
606
530
512
524
473
392
572
661
679
655
506
472
420
307
207
121
89
59
57
123
252
357
493
499
529
483
473
398
429
326
404
540
449
472
537
502
448
335
267
192
130
76
54
82
159
293
310
457
464
484
440
375
380
319
322
379
372
293
254
173
163
73
32
27
29
37
98
286
673
912
695
541
507
488
481
519
576
435
537
578
532
465
325
240
179
113
49
28
23
33
104
289
725
927
732
582
514
551
526
534
539
409
597
672
624
461
383
280
192
121
38
38
17
36
106
296
727
976
785
568
552
562
464
567
537
425
629
729
920
597
408
409
235
110
55
19
20
39
107
306
778
978
795
632
554
575
582
591
593
385
644
779
726
535
407
297
248
125
68
59
39
39
101
284
848
993
753
688
633
540
542
609
582
448
571
740
716
621
537
434
407
284
165
102
86
63
49
107
239
314
466
539
531
506
432
449
440
352
440
541
496
499
428
439
381
318
213
157
106
59
47
86
194
245
314
437
470
466
429
407
385
339
377
388
395
351
241
200
108
77
33
24
27
43
119
321
728
979
729
539
503
547
487
567
544
470
591
587
525
442
326
252
187
93
49
28
26
24
107
317
762
919
774
560
555
541
501
600
571
442
608
679
585
471
322
245
202
103
52
33
23
37
85
316
742
979
834
608
570
568
489
538
568
440
561
666
652
498
365
343
227
111
49
38
39
40
107
290
715
898
730
651
581
611
521
570
574
418
658
761
698
542
399
323
262
133
69
43
33
42
116
291
761
979
746
604
561
521
527
533
529
374
552
677
672
626
442
438
432
304
179
119
85
58
63
107
231
384
465
519
511
553
455
462
393
357
429
493
552
485
488
442
448
330
243
157
85
69
48
83
191
243
309
485
431
463
425
397
328
331
352
386
384
340
281
184
147
61
48
26
21
42
103
303
724
952
715
544
505
502
510
529
622
494
584
609
498
412
315
248
184
92
53
24
19
29
96
304
759
976
779
643
610
557
544
612
583
469
610
657
604
487
378
275
216
100
50
24
31
34
107
303
741
925
775
557
545
529
519
521
574
425
631
696
653
544
396
284
218
118
63
31
17
47
110
322
763
934
760
594
529
559
497
568
532
401
603
698
667
568
459
344
283
152
65
47
35
43
105
292
697
919
751
583
543
567
506
577
484
409
519
655
637
569
488
460
371
285
189
98
63
57
50
90
246
307
505
474
480
508
408
411
361
316
398
515
586
497
432
490
415
308
241
139
108
71
45
87
159
212
341
426
482
545
422
436
361
394
391
417
369
277
264
182
133
73
41
21
29
43
108
283
708
921
769
618
551
544
537
611
538
395
584
630
544
429
295
244
174
104
33
22
20
31
97
316
732
903
760
587
528
564
525
568
504
355
579
689
542
514
399
318
207
