290
425
312
209
115
58
60
65
76
126
172
217
235
215
247
244
206
218
201
159
134
115
106
70
57
15
10
10
19
65
202
427
418
402
323
260
268
238
210
220
163
195
250
216
124
103
79
63
47
27
19
12
18
55
194
432
518
407
360
283
279
258
234
240
191
235
272
235
176
129
118
81
66
29
15
14
21
57
194
453
536
466
357
310
281
265
203
221
215
236
302
359
221
193
193
161
113
105
91
44
29
45
56
124
189
305
360
338
333
303
279
246
224
288
322
326
263
240
224
216
168
107
82
55
32
24
44
61
152
203
328
349
358
327
258
243
241
249
229
204
151
111
93
69
38
23
17
15
34
69
243
384
269
366
347
236
249
245
239
326
220
302
281
230
149
121
92
96
38
28
12
13
12
67
253
511
394
397
325
312
289
250
252
326
222
316
342
283
189
115
96
65
36
16
14
16
33
66
262
570
302
376
364
306
282
263
239
336
256
305
301
276
161
114
107
83
57
17
10
9
24
63
240
428
271
358
370
306
302
226
271
334
273
350
440
345
216
147
122
87
53
24
26
15
31
61
237
544
313
309
371
347
270
288
329
314
228
352
445
413
324
220
189
200
105
102
75
31
27
36
71
119
256
351
440
402
362
371
318
284
294
323
379
367
300
263
241
240
168
116
118
78
30
27
54
73
159
263
383
399
331
359
304
269
259
229
268
169
140
116
87
88
32
21
14
14
27
80
242
412
193
204
343
286
261
236
231
295
240
279
270
226
167
121
103
63
30
19
10
12
16
77
257
472
268
162
352
310
286
223
261
340
243
340
382
277
160
142
124
70
38
15
8
15
23
89
240
301
202
234
345
295
279
245
297
316
242
316
375
369
210
149
93
78
27
25
12
15
16
60
270
471
264
340
355
289
293
223
246
335
275
323
342
297
229
203
118
75
51
30
25
20
23
85
246
519
300
279
385
337
298
271
346
304
228
315
387
412
282
274
191
194
143
112
106
47
35
36
88
152
249
310
377
358
377
332
300
267
234
297
369
367
286
239
226
214
145
120
99
41
28
32
51
82
145
212
313
369
328
317
265
270
211
240
263
205
180
180
162
83
61
45
10
17
20
49
107
202
323
342
326
317
326
308
266
266
214
272
257
209
138
93
89
64
33
17
12
4
14
75
285
448
230
315
349
312
290
249
235
316
273
289
339
310
227
155
96
63
35
21
8
9
25
83
305
518
233
264
408
300
305
286
268
382
264
363
375
311
184
162
127
99
38
30
12
13
19
79
265
363
207
182
318
337
287
247
245
365
283
363
412
376
246
174
150
104
57
32
23
12
22
90
276
548
225
283
360
331
316
261
366
310
298
322
394
354
286
268
192
181
131
113
85
35
27
30
66
172
253
398
465
446
355
381
324
298
249
320
421
359
292
273
284
273
225
134
81
71
42
30
58
117
188
275
385
401
354
359
309
288
252
248
251
196
153
112
100
56
34
17
10
6
22
81
260
459
231
152
281
266
265
237
254
372
253
307
251
215
151
101
89
56
28
17
7
6
17
63
279
456
360
394
317
289
273
275
248
336
219
343
350
341
181
131
89
81
32
23
8
12
24
71
263
558
287
360
381
289
273
225
261
323
238
283
325
287
178
137
100
71
40
28
12
16
19
75
288
437
240
333
396
320
304
245
282
369
282
366
397
345
214
162
143
96
61
22
13
8
19
90
237
554
289
377
438
349
304
274
359
301
252
388
413
449
317
250
252
195
153
86
72
51
35
33
81
121
306
430
464
464
387
361
342
338
273
331
395
344
311
264
248
234
169
93
72
41
39
23
58
96
195
287
355
403
343
369
309
319
300
400
393
156
223
203
193
318
72
41
19
17
21
102
266
433
187
185
367
272
282
263
267
341
281
327
307
255
169
151
100
64
18
11
18
15
17
63
270
367
232
389
362
298
294
254
276
363
268
306
341
304
168
123
94
71
38
22
10
9
13
58
269
559
217
382
367
289
298
225
250
318
249
326
326
283
186
123
130
82
21
19
13
6
20
81
308
503
292
301
369
301
277
252
273
358
257
346
363
357
220
148
137
95
74
32
15
20
28
76
252
510
397
448
392
331
265
246
296
288
158
192
182
199
152
110
90
97
70
43
35
9
11
19
32
52
101
127
174
234
234
214
234
234
206
293
366
364
297
276
242
218
155
111
91
57
50
36
64
115
190
281
377
372
349
355
299
276
225
259
271
199
131
119
86
74
34
15
6
9
20
81
266
242
201
126
166
265
254
220
225
350
241
293
311
249
175
119
66
70
38
17
8
10
18
68
272
485
228
182
287
284
285
224
251
367
239
308
371
315
170
133
109
75
48
20
14
16
16
71
286
571
187
195
329
296
291
248
267
365
244
308
394
280
197
173
126
97
43
23
10
13
21
85
263
574
183
272
366
324
311
257
250
354
240
350
401
401
283
202
145
124
72
32
29
17
37
88
257
583
341
349
389
324
322
279
287
263
204
264
344
312
242
223
201
167
137
93
76
44
34
37
79
140
239
313
311
329
303
299
265
218
245
233
313
289
255
213
223
214
128
124
73
78
39
31
44
70
124
227
309
335
314
310
253
236
205
228
269
234
208
132
128
113
70
44
28
16
30
30
104
192
271
293
302
285
298
250
218
210
207
253
267
210
142
113
97
65
39
20
6
9
12
77
243
507
442
399
348
261
274
288
256
220
204
273
288
229
157
106
99
59
29
21
19
22
17
57
262
570
340
382
343
299
280
246
255
333
248
349
373
297
198
155
127
71
26
22
10
8
17
63
278
503
354
332
346
306
277
260
268
349
282
350
360
326
231
210
142
93
61
29
20
11
21
84
268
590
465
392
388
353
315
273
369
303
251
345
440
387
328
241
201
203
153
100
87
40
29
37
73
126
243
374
458
436
360
350
343
328
276
339
424
327
301
255
237
237
162
99
77
61
38
35
47
101
188
292
360
377
389
336
271
279
229
232
310
207
145
119
129
86
145
26
16
9
25
78
280
465
282
171
349
269
231
225
257
317
237
283
297
204
155
119
70
66
32
15
13
4
19
81
264
526
358
317
369
264
244
231
258
327
245
352
310
294
200
166
174
79
45
23
11
12
24
85
330
284
185
195
355
323
280
248
232
326
227
309
328
265
216
144
123
70
44
22
12
13
21
68
301
493
249
323
355
331
253
269
282
345
239
289
378
335
194
160
117
84
49
24
37
14
21
83
260
575
289
375
390
338
284
257
333
254
249
308
409
402
300
259
229
230
155
117
97
53
43
42
66
153
281
386
441
421
367
324
302
297
262
321
384
335
324
264
244
239
204
130
93
63
49
46
78
112
173
288
375
388
347
291
302
290
227
253
291
209
170
121
81
78
27
14
11
12
32
78
293
425
220
146
265
280
257
277
228
332
262
317
307
240
163
130
99
71
28
18
7
10
20
83
266
554
295
339
315
263
292
232
254
308
259
311
358
324
197
141
143
78
43
24
11
9
23
80
268
600
298
371
384
321
292
239
245
378
271
297
319
276
176
133
86
77
46
14
10
9
14
58
299
599
360
348
367
338
263
263
294
359
270
341
407
320
195
169
144
85
77
31
20
17
22
80
289
325
205
168
330
296
253
255
286
258
229
297
377
365
257
234
215
211
167
118
84
35
32
46
81
169
272
375
450
448
339
301
299
276
256
268
393
322
292
234
238
229
160
106
98
53
42
66
89
171
244
386
370
365
388
308
288
248
258
258
196
153
124
90
68
32
18
15
10
22
81
227
388
200
233
326
311
266
243
240
312
258
282
292
265
183
120
97
68
30
18
16
8
19
69
264
281
204
161
319
350
365
286
323
374
210
277
328
283
172
133
80
70
36
29
12
11
18
71
248
519
215
98
232
368
302
275
267
311
250
309
365
320
239
157
125
77
39
25
10
8
22
77
276
423
215
194
353
370
306
279
294
373
258
330
375
341
273
178
137
107
61
31
19
19
28
80
258
496
212
269
412
361
323
293
360
305
246
308
411
377
261
213
218
184
127
94
58
36
47
49
85
177
321
479
429
470
375
351
347
330
247
378
422
308
352
334
275
295
191
125
71
59
45
43
132
121
173
255
368
373
362
351
320
261
220
245
240
209
157
138
89
65
51
15
13
14
29
70
243
380
303
328
323
275
272
214
228
230
188
293
280
242
162
150
96
66
46
15
8
9
17
60
268
470
212
301
398
322
284
231
243
216
176
198
263
236
141
128
94
80
47
23
18
11
19
68
246
510
454
274
309
259
304
238
175
233
165
264
259
222
169
115
98
84
42
25
12
12
27
82
230
530
433
306
344
340
262
214
196
212
143
214
294
254
217
153
130
93
77
37
31
17
27
66
258
475
453
396
370
325
275
260
236
182
200
278
347
347
284
201
190
181
171
144
78
55
39
36
63
134
206
318
339
356
371
297
280
268
199
270
311
304
267
275
227
208
185
128
92
56
54
29
55
91
145
207
311
309
305
272
281
215
195
230
211
205
147
129
90
76
45
29
15
17
29
81
242
417
426
400
319
266
221
204
218
213
180
241
309
194
139
197
207
120
54
22
10
13
21
56
218
406
512
438
309
255
260
191
206
193
163
210
272
232
167
151
200
114
63
19
16
17
20
64
243
434
510
408
334
251
284
246
199
190
143
191
221
243
157
133
117
81
47
28
23
9
20
61
265
489
466
310
351
337
284
243
216
214
188
205
288
251
197
143
130
109
109
56
30
17
27
65
154
305
474
379
364
328
277
210
207
221
171
234
271
304
226
211
172
160
101
64
56
26
37
26
66
114
194
286
320
325
278
287
257
207
200
201
265
313
254
175
188
120
94
85
37
28
21
29
42
80
156
229
368
328
308
286
241
190
228
223
215
191
192
130
117
63
40
15
19
10
25
78
221
437
361
333
325
281
275
232
199
218
226
229
246
229
156
143
106
61
38
21
12
15
16
79
262
502
389
307
359
285
270
232
257
329
212
304
307
254
203
139
129
54
45
19
9
10
16
70
282
545
301
265
366
313
270
251
261
306
230
306
385
329
189
171
93
94
41
27
7
8
16
76
298
521
250
191
339
307
278
257
270
348
238
313
341
346
207
145
138
79
61
33
16
12
36
84
261
529
324
302
377
309
266
248
303
276
225
318
390
423
326
260
245
177
113
92
56
34
31
36
78
208
307
423
450
438
373
371
346
286
238
297
362
341
288
275
220
251
219
165
98
51
34
36
45
101
163
262
378
377
378
344
261
320
232
244
311
205
147
107
111
83
34
17
11
9
22
65
273
476
208
274
299
259
247
216
235
316
230
306
316
277
148
142
107
99
48
20
12
5
19
76
257
507
286
403
330
294
291
241
257
302
255
295
364
229
165
132
99
60
55
19
15
9
15
63
289
508
279
407
346
291
292
264
230
293
241
356
371
423
186
141
153
71
40
20
7
10
19
80
295
573
251
305
411
321
273
266
287
327
214
296
349
337
185
190
115
96
51
34
20
18
34
80
305
443
228
181
208
379
299
249
356
324
251
305
428
417
315
254
195
184
138
97
72
38
27
31
72
175
284
405
442
470
429
347
327
317
235
325
383
315
286
277
227
235
188
134
68
41
39
41
60
144
180
279
379
386
397
330
288
252
229
209
230
215
167
125
111
73
37
17
15
4
29
78
254
383
172
235
311
280
227
223
233
318
255
314
340
239
179
158
118
91
39
14
11
5
19
82
306
463
234
199
340
307
273
236
227
317
254
299
329
260
191
138
111
66
35
19
12
6
21
88
312
532
295
338
383
309
276
225
218
311
227
320
336
283
215
139
154
100
43
17
12
8
25
87
306
521
241
319
349
314
282
257
265
344
279
345
425
377
207
173
147
94
56
36
15
19
20
68
305
561
286
359
397
276
358
275
306
271
218
287
379
394
304
239
230
200
148
93
59
29
35
38
78
176
278
368
423
423
424
331
297
293
260
266
368
339
280
251
282
246
179
111
74
51
27
27
61
124
202
258
365
388
354
301
312
265
213
257
251
195
173
105
123
55
32
12
13
6
30
73
295
478
216
317
290
255
266
224
252
309
249
297
268
207
182
161
103
57
35
15
10
12
14
73
298
438
218
270
373
297
278
232
284
324
263
336
313
359
215
165
114
73
36
27
11
8
10
75
297
613
331
337
348
288
263
224
262
334
237
307
377
312
184
150
116
76
53
26
21
14
29
72
303
523
299
321
359
302
285
263
227
353
233
284
361
305
209
246
152
95
59
38
22
10
30
79
272
553
326
359
337
327
278
253
293
275
236
307
342
392
290
282
210
200
157
96
44
33
41
36
76
147
303
371
375
389
372
331
304
291
214
294
367
368
269
288
263
213
171
94
79
47
24
40
50
110
200
297
402
370
331
314
282
268
222
249
280
252
235
115
97
66
47
14
6
10
26
70
294
450
233
198
295
291
274
240
228
332
245
282
293
242
146
121
97
63
40
16
11
14
19
73
270
498
308
286
349
289
277
258
274
285
225
306
353
306
185
141
131
74
