45
53
41
41
48
24
24
20
15
15
19
19
22
14
15
24
26
43
22
19
16
21
18
15
8
5
7
3
7
7
22
32
27
31
26
21
21
20
25
28
16
15
29
13
16
11
14
24
10
9
7
3
10
11
18
31
35
19
19
22
20
22
19
26
19
21
27
18
20
11
19
10
10
7
12
7
9
7
19
30
33
27
22
21
33
24
27
19
22
27
35
21
21
24
25
22
16
17
12
4
14
4
21
24
27
33
29
35
24
24
37
38
31
35
29
24
16
15
23
21
16
17
18
19
17
13
17
11
24
36
28
25
21
31
37
41
26
23
19
17
17
18
14
15
10
10
4
5
6
8
12
35
34
19
11
10
19
16
20
25
17
22
16
14
12
13
16
13
12
10
5
6
5
7
15
22
35
14
14
16
14
14
10
13
10
26
23
20
17
12
11
12
19
5
5
1
3
14
16
25
30
20
18
16
14
13
19
16
19
34
14
25
16
12
14
15
8
7
8
4
7
9
17
24
29
13
10
10
13
15
16
20
21
29
20
22
9
12
13
12
18
8
7
4
7
13
20
33
37
20
18
19
17
17
15
13
15
28
28
40
26
25
30
19
20
19
11
16
9
15
26
17
35
31
37
20
26
34
33
30
20
32
26
18
20
12
33
26
26
13
17
20
14
9
18
11
14
25
41
34
27
41
26
31
32
16
13
28
16
19
14
17
11
6
6
7
5
16
20
27
29
13
13
19
14
11
9
13
23
18
13
13
9
9
11
15
9
9
2
5
5
3
10
26
26
14
10
13
15
16
21
11
21
54
43
42
22
11
17
7
12
4
4
7
3
10
23
33
33
21
16
9
16
20
24
12
16
24
19
10
14
16
7
15
10
8
10
2
6
5
17
32
34
17
17
23
20
20
27
19
15
24
21
8
12
27
20
15
15
13
9
8
11
10
23
38
46
23
19
19
23
11
25
22
20
15
23
31
28
13
22
16
21
13
16
6
10
11
12
21
23
29
33
35
34
21
30
29
27
26
34
16
22
29
20
21
20
19
20
15
16
11
10
17
14
23
24
34
27
33
25
28
28
22
19
21
20
10
24
8
22
9
6
7
7
13
12
13
16
14
16
22
28
29
33
25
24
23
24
17
12
16
10
10
16
3
3
2
3
5
15
43
25
22
20
17
14
18
15
23
11
20
20
22
16
16
14
9
11
10
6
8
4
6
14
33
38
18
17
10
11
12
18
24
16
25
23
17
15
15
14
8
7
6
14
4
7
5
27
32
35
24
16
10
13
22
18
15
25
22
22
22
18
12
17
10
12
6
7
8
6
10
17
37
26
18
11
8
24
20
26
21
18
26
34
24
35
29
24
26
26
17
15
9
10
9
13
24
22
22
36
26
39
33
28
27
26
38
37
27
17
25
21
18
22
20
25
8
11
11
17
22
21
22
51
33
28
37
29
37
24
30
26
26
20
20
18
15
13
8
4
3
9
10
18
33
32
9
10
7
14
13
16
19
12
13
18
18
9
14
11
13
8
2
6
4
7
6
14
24
23
11
12
15
9
21
19
19
15
20
15
20
17
11
11
14
12
5
4
4
5
9
21
36
36
25
15
15
19
12
16
17
14
18
20
18
16
9
10
13
9
6
4
8
5
15
22
34
29
24
12
22
15
18
21
21
27
32
38
19
18
16
13
17
9
7
5
6
8
9
22
40
46
34
22
9
20
25
19
33
23
48
42
31
27
22
23
20
32
26
14
15
9
7
10
17
22
39
37
33
48
30
35
31
24
43
41
26
32
24
27
23
38
25
16
10
7
15
19
23
26
30
37
29
34
38
26
46
28
36
37
36
21
23
33
28
28
17
12
4
9
9
16
31
36
22
5
14
17
22
18
18
25
21
26
20
12
14
17
11
13
6
5
2
3
11
16
37
31
17
10
25
15
13
17
19
12
29
24
12
10
18
10
12
10
6
5
1
7
8
22
37
36
19
22
18
18
13
22
15
14
26
25
28
21
13
16
11
11
4
4
6
9
8
26
37
35
20
12
17
20
20
20
34
22
32
26
17
19
28
21
15
16
10
8
6
11
12
21
26
33
30
16
23
14
18
31
42
26
24
25
23
5
13
13
21
15
7
6
4
4
9
15
19
17
14
23
21
20
17
16
24
32
23
28
26
27
18
27
24
22
18
22
7
16
16
13
18
21
34
28
21
24
27
37
36
27
27
32
27
12
21
15
17
14
1
4
12
7
13
24
49
47
29
18
9
16
18
26
16
19
27
20
14
14
17
12
9
8
10
7
8
2
10
16
40
32
16
10
16
13
10
18
22
17
21
30
14
13
21
18
16
11
7
12
6
6
9
16
30
41
23
17
12
22
15
31
18
19
30
23
17
16
13
17
24
12
4
6
4
12
4
24
34
34
28
16
18
20
26
29
30
25
38
50
37
42
27
29
22
22
9
10
12
7
16
35
40
39
23
16
20
22
24
35
35
26
30
42
58
25
34
35
45
36
25
12
15
14
10
19
19
26
31
35
40
36
29
32
31
42
31
39
31
30
21
32
32
26
18
20
17
21
9
18
19
22
34
30
43
32
36
38
39
26
41
41
31
30
29
22
25
23
15
11
9
3
15
22
20
18
19
24
32
23
23
38
29
23
24
24
20
21
22
19
16
12
13
4
7
7
5
23
21
24
22
18
23
28
13
10
10
17
19
21
25
14
22
15
13
16
5
3
1
6
6
16
32
41
22
21
23
19
24
26
23
19
26
30
28
25
21
17
14
9
8
5
6
8
4
30
31
37
26
12
24
23
15
21
16
19
38
34
23
19
26
26
19
16
11
6
6
13
9
34
32
31
23
16
24
23
22
23
23
22
36
40
38
27
26
36
39
18
24
23
19
8
14
14
32
30
28
32
44
46
30
34
41
32
28
45
37
29
28
27
32
25
20
31
18
18
19
21
19
17
28
34
33
36
35
36
40
52
36
38
37
32
22
22
15
16
11
9
5
9
14
24
32
22
24
12
16
23
26
20
18
14
20
21
25
9
21
15
17
14
16
2
8
7
3
21
30
27
14
13
23
12
21
21
22
19
34
28
14
17
22
18
13
15
10
7
5
10
10
27
43
60
29
22
17
25
17
17
16
19
34
41
25
22
15
17
13
13
8
8
6
5
6
20
36
30
30
17
15
13
13
17
28
18
31
26
34
20
20
22
26
18
8
11
10
9
11
25
32
50
39
21
28
20
34
35
36
23
35
40
45
42
29
41
26
33
43
20
17
14
15
14
28
29
33
49
48
46
49
54
52
48
60
53
41
30
37
39
29
23
29
20
16
33
21
14
18
25
31
39
35
35
49
43
55
42
31
48
57
41
22
32
28
9
15
7
4
5
10
29
34
37
18
17
22
26
22
24
19
23
29
19
22
29
14
21
21
14
9
3
6
10
9
31
41
36
17
14
22
20
16
22
24
13
30
17
24
20
18
18
16
12
15
3
3
7
10
27
41
26
23
17
27
18
13
26
22
16
28
29
28
13
13
20
15
14
8
5
1
10
11
20
48
36
28
23
22
21
17
19
23
24
28
41
23
22
23
18
10
19
6
6
12
14
9
34
61
63
44
21
16
10
16
25
16
21
31
40
24
26
29
32
29
42
28
21
10
9
17
14
28
42
36
49
45
46
39
34
42
46
34
45
56
39
32
41
37
37
25
35
19
15
25
22
27
37
30
48
39
53
50
51
53
36
33
33
33
27
29
22
23
8
5
4
6
12
22
38
42
24
18
11
18
22
23
22
18
26
16
24
23
17
13
17
9
6
3
3
6
7
22
44
39
29
18
27
15
13
14
20
16
25
24
28
12
21
22
14
13
12
6
4
6
6
25
51
45
21
22
7
17
14
16
14
18
24
38
27
28
21
23
20
25
12
8
5
9
14
21
57
57
24
24
16
13
19
24
14
17
28
36
20
27
23
22
22
20
12
11
4
9
14
24
53
51
36
27
16
23
24
35
33
28
43
36
41
31
38
39
18
41
22
18
16
14
10
24
29
30
37
37
33
45
50
41
40
23
31
43
31
24
35
28
27
43
19
24
10
15
12
27
29
24
28
33
40
33
42
36
40
23
46
21
25
29
31
20
30
18
4
2
7
10
13
24
48
30
11
9
20
16
17
28
22
22
22
26
25
33
33
28
20
17
8
8
4
8
13
28
41
58
30
16
29
14
19
19
20
13
21
33
26
18
21
16
17
20
15
8
7
10
8
24
39
35
21
12
30
12
23
15
19
17
22
27
24
23
17
14
29
14
3
10
8
8
6
19
52
42
21
18
20
21
29
21
18
26
39
22
28
23
20
18
12
15
12
5
8
18
10
23
40
49
25
27
27
38
26
34
23
26
22
30
33
33
30
20
33
32
30
21
11
11
9
10
26
31
31
39
36
32
29
41
37
36
50
30
29
41
30
39
37
39
28
19
12
12
19
25
27
27
34
26
28
36
36
49
28
24
37
28
31
27
21
24
25
14
7
6
9
10
8
16
33
29
32
10
22
26
19
27
15
20
17
19
22
17
16
20
10
20
11
9
4
5
12
19
24
15
19
21
18
23
16
21
25
12
30
23
30
31
26
27
22
14
7
13
9
8
5
19
24
27
21
9
16
18
17
20
16
12
18
21
20
27
19
15
18
11
12
6
8
9
9
25
29
26
21
16
22
22
20
21
25
12
17
30
22
21
21
20
21
17
13
10
13
11
12
17
29
30
23
26
23
23
25
33
34
23
24
33
42
24
28
23
23
25
18
15
15
8
10
20
30
26
31
44
30
35
31
30
24
33
25
34
21
26
29
24
29
38
34
21
23
23
18
17
27
26
32
38
34
37
40
29
27
28
32
30
22
39
48
27
28
13
10
7
8
7
13
22
24
29
26
16
22
16
16
19
21
18
30
18
26
17
16
23
22
17
7
9
5
1
9
25
28
28
11
14
25
19
24
14
19
17
27
21
25
23
23
17
12
12
9
7
9
6
9
26
34
29
20
22
17
20
17
17
17
17
29
34
21
21
21
17
22
14
13
8
5
6
11
24
44
42
13
22
15
12
17
17
16
22
28
29
24
28
15
14
14
8
14
6
9
10
16
22
34
44
16
13
14
18
34
31
27
17
24
39
39
35
35
34
40
19
34
28
17
17
12
20
29
37
35
38
33
37
34
26
35
26
33
41
45
42
27
41
32
36
23
14
21
23
19
22
26
28
28
39
37
28
34
46
47
28
43
31
34
20
15
25
20
18
15
4
5
7
6
19
50
38
19
16
23
16
26
12
19
20
25
19
17
23
16
16
18
11
5
7
6
3
9
21
42
30
18
15
18
18
16
16
23
21
25
24
15
12
14
24
14
8
11
5
2
5
8
29
34
30
17
18
17
15
14
20
16
21
28
16
42
26
21
21
22
11
14
7
7
5
8
30
48
41
29
18
19
16
16
21
24
18
31
24
24
21
13
11
23
19
11
9
10
10
13
34
44
56
28
19
16
24
14
23
22
19
37
22
30
29
20
29
32
22
16
12
8
10
12
23
24
25
47
45
28
30
31
22
40
31
55
47
30
36
33
42
34
26
29
25
24
18
18
19
18
28
31
37
40
27
23
32
29
17
27
21
21
23
27
21
13
18
6
8
4
9
12
32
30
31
20
14
13
23
20
24
16
17
21
34
20
29
15
18
14
18
6
5
6
4
6
20
34
26
16
16
13
12
18
15
23
16
11
27
27
30
18
19
10
18
5
8
3
5
8
29
33
34
16
12
25
12
27
15
21
16
27
16
26
13
9
22
16
13
6
6
8
7
8
21
41
29
14
12
21
17
20
25
17
25
31
26
31
17
17
20
15
13
14
7
7
10
13
24
34
43
23
27
17
29
24
22
23
20
20
30
26
26
12
30
34
33
21
25
11
11
14
15
19
30
36
43
35
29
36
35
28
25
28
23
24
38
23
33
26
32
23
16
15
16
7
22
20
31
36
38
59
34
32
33
24
18
23
42
24
23
18
24
19
14
8
7
5
6
13
29
36
28
14
18
19
11
20
15
22
17
26
14
18
20
16
16
16
13
5
2
6
3
8
17
32
32
13
11
26
19
12
11
22
13
17
14
22
13
17
13
19
6
5
6
2
7
12
16
39
27
13
18
16
17
15
13
15
11
19
22
28
21
18
21
10
11
3
11
8
8
11
31
37
46
13
12
12
18
16
28
14
14
19
29
23
27
24
18
21
14
8
10
6
14
17
22
31
44
23
17
20
20
15
23
23
20
33
38
26
38
23
29
34
23
34
17
25
16
10
15
18
30
41
29
42
33
43
38
34
26
20
33
34
31
33
39
31
30
32
10
18
23
15
14
27
28
37
37
45
31
33
26
27
18
27
36
24
15
24
17
14
9
8
9
7
5
7
27
35
35
22
13
16
16
21
18
14
21
23
25
21
14
13
15
9
8
8
6
7
3
14
20
40
22
17
14
15
12
15
25
23
12
17
15
28
23
21
20
15
