51
152
150
161
109
55
66
29
20
31
31
24
26
24
27
27
20
25
21
29
22
12
33
27
23
13
17
14
12
20
33
60
53
31
18
19
21
22
18
16
17
16
11
16
10
15
18
20
21
22
19
12
18
26
35
55
40
20
15
19
18
10
16
6
5
14
15
7
13
23
22
37
28
29
22
25
13
22
34
48
35
20
27
20
17
24
25
15
9
21
19
23
17
17
37
45
53
44
61
45
41
29
27
31
38
47
40
43
25
13
23
15
17
21
26
27
31
36
48
45
78
52
71
48
44
21
29
34
30
41
38
32
16
14
27
29
18
22
21
22
23
28
29
24
36
15
15
15
9
22
51
52
37
21
14
10
17
13
16
10
10
10
12
15
10
14
22
27
14
11
18
9
13
19
42
48
36
21
24
21
18
18
27
14
6
21
12
18
10
15
22
17
24
15
18
6
12
28
31
45
36
30
30
26
20
27
18
13
5
12
17
9
15
16
24
34
29
16
19
13
18
26
31
55
37
30
24
27
23
31
24
17
12
10
14
17
18
20
32
31
33
39
25
13
22
30
35
60
41
23
31
36
24
25
24
14
11
17
29
31
23
20
29
50
53
67
48
39
34
21
32
32
40
45
36
25
36
18
19
23
14
21
29
33
40
23
26
54
69
56
59
78
60
27
25
26
40
47
38
26
24
22
23
18
22
20
16
9
22
13
23
24
29
20
15
18
16
24
49
52
31
15
16
14
13
15
10
12
8
20
17
21
5
9
20
22
15
21
25
4
15
24
44
56
48
20
21
22
24
18
18
18
16
17
19
20
27
18
27
33
38
23
12
10
23
21
38
73
59
42
37
28
25
24
17
20
8
19
22
18
18
17
26
27
19
24
15
13
19
18
35
61
42
30
22
22
13
24
23
17
13
13
24
20
30
33
31
28
43
24
23
20
28
31
40
52
46
34
37
34
23
26
18
15
15
14
29
24
33
37
35
47
54
59
65
56
40
42
37
31
42
42
39
31
27
14
25
16
23
23
29
39
36
45
56
68
75
68
75
70
38
25
27
27
24
47
43
34
24
26
22
31
18
22
29
32
32
31
37
41
49
31
25
14
24
25
40
21
24
23
21
18
25
26
14
20
16
10
11
15
17
21
27
27
32
14
15
10
16
29
55
53
45
26
22
15
14
19
17
21
13
14
20
13
19
18
31
33
23
20
14
11
11
24
44
64
46
33
11
22
14
11
14
20
16
13
20
12
13
28
23
27
29
18
20
21
17
19
51
53
53
34
17
8
16
19
10
22
11
14
12
11
15
16
32
25
31
29
26
8
18
26
45
65
44
27
22
21
17
25
16
11
13
19
9
23
21
20
20
44
48
53
60
40
28
21
29
31
40
43
40
30
28
27
18
6
21
36
41
36
42
42
48
66
63
72
66
58
50
33
31
36
27
33
33
25
29
35
25
18
23
23
21
19
27
17
29
28
27
20
16
15
22
22
45
57
46
23
15
18
15
13
16
9
8
11
15
9
9
7
22
18
20
19
11
12
10
20
41
50
36
32
16
21
14
11
10
12
7
15
19
11
12
13
23
25
22
21
17
11
8
14
41
79
44
28
20
14
12
15
26
11
12
11
15
19
16
23
27
26
31
24
18
19
22
33
46
61
53
36
28
18
16
18
14
12
12
16
16
23
21
19
24
51
29
27
25
8
18
34
36
62
51
36
27
23
29
38
27
16
17
14
22
34
28
31
43
54
65
66
55
39
46
43
38
21
55
51
43
44
31
19
18
18
23
23
35
44
43
48
37
56
63
90
60
55
45
31
27
27
46
37
42
33
29
29
22
22
37
44
40
18
26
23
37
106
36
31
25
15
19
25
43
53
47
25
10
21
22
20
10
10
5
6
17
15
12
17
17
22
18
12
10
11
12
21
43
60
44
29
21
10
12
8
5
5
11
12
7
13
15
21
26
28
16
19
10
11
12
25
42
44
54
26
19
16
6
17
12
13
12
8
18
9
9
18
18
22
35
31
14
10
17
20
45
59
43
22
27
19
23
33
23
19
9
13
16
26
11
18
21
37
24
19
27
12
26
30
43
72
46
37
30
21
13
14
17
9
8
10
19
11
13
14
12
17
20
20
15
14
9
13
15
15
15
22
17
19
24
18
12
11
16
6
31
22
25
35
34
38
102
88
69
67
61
32
28
36
29
52
36
34
24
16
20
18
20
23
17
27
43
23
27
21
21
19
15
9
17
27
53
58
55
13
19
19
15
14
18
14
10
13
18
12
17
18
11
18
16
12
10
15
19
31
36
53
39
23
11
19
11
6
17
6
10
10
13
15
11
17
32
35
29
18
17
7
18
24
42
47
51
29
29
20
28
21
18
21
10
12
10
18
11
15
24
45
37
29
15
15
20
28
46
54
50
30
25
22
19
20
13
16
8
11
30
22
25
30
35
39
45
43
28
20
28
29
43
53
46
32
17
24
21
17
15
7
11
9
14
21
23
20
33
52
68
64
67
54
47
25
32
32
42
43
47
38
19
28
20
16
24
31
38
34
28
39
57
67
79
87
58
92
59
32
39
25
28
40
49
34
28
30
21
25
16
16
36
22
28
43
28
31
64
40
31
21
18
18
41
24
23
27
27
25
24
26
11
21
18
17
20
23
17
23
27
14
23
19
20
9
13
25
45
39
39
32
25
28
23
20
20
13
15
10
13
9
13
16
27
28
25
20
20
10
15
23
47
56
48
26
32
36
20
13
19
16
6
7
16
7
10
26
32
23
23
13
18
12
13
21
43
37
41
28
21
33
19
25
18
16
8
9
23
19
20
27
27
37
42
24
23
15
17
16
39
54
47
46
30
20
28
28
16
19
13
8
16
25
17
36
32
46
70
62
56
43
34
25
26
22
43
64
52
31
34
27
28
24
15
23
29
26
36
31
30
67
69
66
71
63
55
25
23
30
41
56
36
24
35
43
31
26
20
18
30
20
29
17
23
34
89
20
10
11
10
24
44
55
36
15
13
9
12
18
14
13
9
9
13
11
14
18
8
26
21
21
18
12
13
16
40
61
31
15
20
18
19
19
16
18
10
14
13
14
15
10
40
30
50
16
22
8
8
25
60
61
85
40
20
13
14
19
12
14
9
8
9
11
19
26
29
22
33
29
24
14
19
21
31
61
42
31
18
26
17
20
27
22
18
19
14
15
24
31
37
39
41
42
30
13
24
25
53
57
60
34
21
19
15
20
18
16
15
15
15
17
23
32
22
57
86
66
63
63
43
25
23
29
41
50
36
35
20
16
20
23
32
27
29
35
37
29
37
63
83
91
78
58
49
30
32
29
34
53
38
27
29
32
30
15
23
27
23
11
22
19
24
35
30
24
12
5
15
27
42
43
36
20
12
23
18
19
14
4
10
8
16
12
17
22
30
23
22
21
10
11
14
15
41
36
38
18
21
12
13
24
9
18
7
12
11
13
20
28
22
30
30
17
24
12
14
16
29
42
44
34
19
21
21
7
7
7
7
13
13
12
14
19
19
20
47
25
13
8
18
16
32
58
54
29
24
19
18
19
13
14
15
12
18
11
13
21
28
27
37
32
23
13
21
31
43
53
56
36
30
14
15
15
11
6
12
11
14
12
22
25
44
39
54
47
56
55
51
22
44
33
47
58
26
31
24
21
17
15
19
18
34
34
36
37
45
58
87
84
89
75
49
34
30
33
54
43
33
29
31
25
23
19
21
19
10
23
26
36
28
28
20
19
12
19
23
36
54
48
29
8
14
11
18
13
13
13
11
6
16
21
20
24
16
18
17
15
13
15
20
36
56
62
37
16
18
15
22
13
15
13
11
12
9
12
20
26
32
23
26
17
9
19
24
44
56
47
18
15
20
24
9
19
11
5
6
8
8
15
21
32
19
28
23
19
17
23
28
42
67
54
28
21
17
17
23
19
9
4
11
9
11
18
13
34
36
36
24
26
20
14
30
45
56
66
29
37
18
15
21
31
9
12
16
17
14
26
25
43
56
57
56
74
49
43
34
28
46
45
55
46
34
30
35
29
27
25
25
35
39
42
47
52
70
80
87
88
73
47
29
30
41
30
47
48
41
48
35
30
41
25
30
25
25
30
37
35
30
32
26
31
14
15
25
47
59
53
34
18
24
16
20
21
14
16
14
9
10
21
26
34
34
23
23
19
10
14
31
42
57
44
32
20
18
22
9
11
12
11
10
13
16
21
21
26
34
39
21
19
14
20
21
43
67
53
28
27
21
9
19
14
9
9
12
17
16
10
19
27
33
36
17
21
6
16
30
37
67
61
33
24
23
14
15
17
15
9
9
10
14
17
24
43
36
46
30
32
20
25
24
45
59
56
26
27
19
24
21
15
18
11
12
19
16
22
31
38
53
80
68
41
45
48
31
27
38
50
49
50
36
23
23
22
20
25
25
24
31
35
35
48
51
75
89
66
73
53
37
30
35
30
46
47
30
32
28
23
25
22
15
11
19
22
28
26
38
31
23
15
13
22
19
51
38
41
24
21
17
11
24
15
15
9
13
10
6
13
19
19
23
32
21
17
10
13
24
29
40
37
38
18
16
11
20
10
6
11
16
9
5
16
16
28
27
33
31
19
13
21
24
32
38
49
29
16
15
15
20
12
12
14
13
10
23
19
17
20
33
33
19
21
22
14
24
41
43
42
37
19
13
19
20
22
16
11
15
12
17
19
19
24
42
41
39
40
37
23
13
42
47
55
57
33
19
19
26
19
18
16
14
22
22
36
31
34
45
47
72
60
46
40
25
35
31
39
43
28
39
19
23
23
16
23
23
42
40
28
28
59
61
62
67
53
48
51
29
25
31
30
42
41
32
33
34
34
24
25
28
14
25
42
33
33
14
24
25
17
9
20
23
43
42
33
28
19
17
11
14
15
18
18
16
12
12
12
19
25
31
18
21
16
10
14
28
44
50
41
31
27
16
23
22
19
6
11
21
13
9
13
20
25
30
27
15
7
10
19
24
44
46
50
32
13
19
23
21
18
10
5
11
10
8
12
16
27
37
33
28
22
16
18
22
48
55
51
37
27
22
28
24
33
8
13
10
11
8
14
15
23
28
37
40
32
20
23
36
41
59
55
41
28
35
14
19
25
11
7
10
16
16
23
24
38
46
80
75
70
54
46
38
36
46
51
54
37
37
41
17
18
19
16
30
24
38
33
48
31
56
75
84
76
57
49
34
25
34
34
48
41
30
26
31
19
15
13
16
16
14
9
15
21
38
33
23
21
12
14
27
32
46
39
22
17
12
18
25
16
14
7
14
21
4
18
17
19
31
27
20
18
5
22
26
28
58
44
23
22
12
13
17
10
12
8
9
12
9
13
18
22
43
30
20
16
9
22
22
32
49
40
20
22
14
9
17
15
10
10
10
7
22
15
17
45
37
25
16
21
14
23
16
37
57
57
31
18
15
11
21
10
15
12
10
8
20
10
17
33
38
39
32
28
19
31
32
49
61
58
51
25
21
9
17
20
16
11
8
17
19
25
23
25
44
61
64
55
43
53
24
30
33
50
40
44
29
22
32
13
21
21
26
24
25
23
39
47
62
86
72
64
72
48
25
39
33
29
41
37
41
26
30
28
15
16
19
16
11
24
34
27
43
19
17
19
5
17
25
37
59
45
21
22
16
12
8
7
15
17
6
14
12
12
18
37
30
25
15
12
13
15
20
37
53
40
22
16
18
8
9
16
12
8
7
12
10
16
14
31
33
17
26
16
10
19
21
43
50
49
27
13
16
16
14
15
9
11
13
5
17
11
14
32
29
27
23
13
8
16
25
42
52
43
27
27
18
19
13
4
15
3
10
15
12
14
18
20
38
35
41
25
12
28
30
28
65
44
34
39
23
19
18
20
17
13
16
15
16
19
22
31
54
72
81
77
52
35
35
38
31
37
62
40
36
27
24
22
29
16
23
23
33
35
32
50
77
85
93
61
70
66
32
36
37
32
47
38
31
37
26
19
20
22
19
18
23
25
24
32
33
33
16
22
12
18
35
55
44
34
32
9
18
14
10
17
20
8
9
5
10
10
19
22
23
42
19
11
16
15
39
31
46
43
20
13
13
14
7
13
9
11
9
12
8
10
19
20
25
29
17
14
11
20
18
42
43
46
33
19
18
8
7
18
6
10
5
11
14
14
28
32
39
36
18
18
13
17
25
37
54
49
30
25
15
19
25
15
13
9
18
17
13
13
14
17
28
41
25
26
29
16
26
32
61
55
28
20
20
14
16
19
11
6
13
9
22
15
24
38
44
68
62
64
40
46
30
29
29
50
54
30
28
24
32
36
29
12
24
29
34
35
29
45
50
79
103
75
74
44
29
43
36
34
37
46
36
40
19
33
22
17
16
19
15
16
26
27
32
24
27
17
13
14
24
35
71
44
27
13
10
8
15
14
10
6
5
8
5
9
16
19
20
17
17
23
15
21
22
37
44
46
25
14
17
13
18
23
14
7
4
10
8
9
19
20
15
