35
55
62
76
53
38
24
24
17
14
15
23
9
29
23
26
20
16
23
13
15
12
15
16
15
6
5
10
9
15
34
37
43
32
26
13
14
8
13
14
7
16
13
15
18
18
12
14
5
7
6
9
5
13
39
38
46
32
25
11
18
12
15
14
13
25
20
13
19
21
6
13
11
11
7
8
8
22
40
50
50
44
33
23
20
17
26
27
21
23
15
20
23
24
22
25
30
26
17
25
18
19
20
27
28
30
26
25
15
26
17
27
18
23
34
25
20
15
14
19
34
21
17
23
23
20
22
16
26
32
47
28
21
18
27
15
22
13
18
11
18
13
13
14
9
7
7
3
15
18
26
48
48
25
17
13
13
8
13
9
18
11
17
17
14
10
9
18
6
6
7
7
11
22
30
36
45
29
21
12
10
12
16
9
13
11
13
9
13
7
9
13
7
8
9
12
8
12
34
32
54
30
13
10
13
9
12
14
5
8
8
8
7
10
6
8
7
13
7
7
8
10
27
37
63
27
19
23
13
18
18
8
11
13
12
13
10
15
12
12
16
12
12
1
8
17
33
37
46
21
19
19
14
12
11
17
4
15
17
16
12
16
17
16
23
54
24
21
23
17
26
28
31
34
30
26
22
16
25
21
19
15
22
32
24
23
30
27
33
22
34
24
27
17
23
17
29
36
38
34
19
18
27
17
22
23
21
10
14
15
10
9
9
8
5
8
6
23
38
49
58
28
24
20
21
18
23
20
15
7
12
13
7
13
15
9
9
10
9
6
6
18
38
40
52
32
19
16
13
16
8
12
8
15
8
8
16
17
10
19
10
8
7
4
5
23
39
40
62
33
26
15
19
18
15
12
8
11
17
16
11
9
14
16
10
7
7
5
10
17
40
39
50
33
25
17
12
27
15
18
10
5
10
17
11
14
8
10
15
10
12
9
10
20
47
42
48
39
23
21
13
20
19
11
11
20
10
18
14
21
27
18
19
28
24
26
22
25
27
30
29
42
43
27
14
14
27
21
20
22
29
34
24
26
29
22
39
20
21
31
31
12
17
21
21
30
34
30
30
25
23
14
19
22
20
20
16
17
25
17
18
20
10
13
15
16
22
17
26
23
20
12
9
19
15
15
12
9
13
11
11
7
10
12
16
6
6
4
4
16
44
43
60
26
9
17
15
15
14
11
7
6
11
8
10
12
6
5
5
3
10
10
5
18
44
42
66
18
25
16
15
18
20
13
9
17
8
11
13
11
8
9
8
9
8
9
6
20
33
44
64
34
17
22
15
13
17
10
9
15
13
8
6
8
13
15
23
15
15
11
15
19
36
50
54
40
28
16
15
17
25
10
15
19
19
14
16
12
13
23
22
13
21
21
24
24
32
28
33
46
37
33
22
21
31
18
34
32
26
36
26
26
42
38
27
32
27
28
33
17
26
26
22
34
32
18
19
12
20
23
20
19
16
18
17
23
12
17
12
6
5
4
10
15
31
44
53
35
24
20
28
21
24
10
11
8
21
10
12
11
8
6
8
7
3
6
8
26
43
44
54
33
22
22
27
22
27
19
16
16
9
19
13
14
11
20
10
4
6
4
5
15
26
40
46
26
37
16
17
20
16
17
8
13
17
13
12
14
15
13
10
13
5
9
15
22
39
32
35
29
17
18
16
13
16
11
13
9
11
19
13
10
6
4
17
4
6
9
7
15
32
50
45
34
26
20
12
20
17
15
11
22
18
18
22
17
16
21
22
27
22
20
22
14
20
34
28
35
35
25
19
26
22
21
24
24
25
21
20
33
29
23
33
26
26
17
28
14
14
21
24
31
37
27
24
14
22
18
23
35
27
17
15
11
23
56
21
20
5
9
8
25
38
54
50
21
14
15
10
15
24
11
13
8
10
10
12
10
14
6
6
6
8
7
6
24
43
35
51
33
27
20
11
12
17
7
15
19
4
10
9
8
6
9
12
7
4
9
5
18
37
34
51
32
28
17
12
13
15
18
12
17
13
16
10
20
19
19
17
8
10
14
7
15
33
39
51
23
17
22
12
11
21
17
7
15
14
17
10
5
16
16
10
10
10
6
6
23
31
27
44
19
19
12
11
10
10
13
11
12
12
9
7
6
8
14
8
10
8
9
8
13
8
12
13
17
15
18
17
18
8
16
18
23
25
19
14
17
20
18
25
24
34
18
37
12
28
25
23
24
21
21
14
17
12
22
13
20
22
17
7
13
9
17
15
12
8
5
8
26
44
36
49
29
12
12
13
10
8
12
17
10
12
8
7
9
9
7
11
8
14
6
7
26
23
51
38
27
18
13
8
12
13
12
14
14
7
7
3
7
12
13
14
8
7
3
10
17
42
49
46
34
19
16
11
13
14
15
8
8
7
10
6
10
10
16
11
10
7
8
16
15
36
37
50
29
21
12
12
9
15
8
13
16
12
15
12
11
18
14
11
16
13
14
8
21
24
44
62
31
19
21
15
12
20
12
5
21
16
10
15
18
15
22
31
23
22
35
30
14
22
26
28
37
38
22
28
24
23
26
22
23
37
38
22
30
22
31
19
32
34
24
30
18
25
22
30
34
26
34
29
23
22
26
27
23
24
18
20
19
16
19
18
14
15
20
12
12
25
27
31
18
22
13
18
19
14
9
13
20
17
12
19
8
8
11
10
5
3
7
9
13
34
32
51
24
16
17
12
16
14
23
19
79
26
20
17
12
18
21
12
6
5
11
9
19
38
44
44
29
18
22
14
20
11
18
9
12
12
9
14
15
15
13
9
13
11
8
8
11
45
39
51
22
25
17
24
16
17
14
12
11
17
17
11
10
18
9
16
9
15
12
14
23
34
33
48
30
22
24
18
23
23
18
12
14
19
17
23
20
19
34
29
33
34
20
37
21
22
36
28
47
34
32
24
19
26
26
25
28
31
43
29
31
31
36
20
23
33
23
22
13
22
22
22
24
32
31
15
21
21
20
20
22
20
21
11
8
17
17
34
8
9
5
8
18
28
45
55
24
11
15
18
21
18
7
13
17
14
13
11
10
14
7
9
7
6
8
8
18
34
36
58
24
19
15
21
13
20
17
13
11
7
26
15
15
16
19
8
9
12
5
9
19
36
58
62
37
24
18
17
12
21
11
3
14
17
23
18
19
15
11
15
20
8
8
10
21
37
34
56
25
24
16
13
13
11
18
12
10
17
11
7
13
5
15
14
12
8
8
7
19
46
37
57
25
23
19
18
15
16
8
12
12
14
23
18
14
18
22
30
35
19
28
17
17
20
23
30
40
36
27
29
15
20
17
27
24
37
32
22
27
20
31
26
29
29
27
25
9
29
22
35
33
28
27
29
19
26
30
30
25
24
20
15
19
24
11
20
13
5
9
8
23
35
43
36
24
21
13
7
12
15
12
5
9
12
12
10
8
17
7
13
5
12
9
5
24
30
54
55
18
15
10
15
20
19
8
14
10
14
12
5
8
5
12
11
5
5
9
8
16
38
36
50
24
20
20
15
10
10
13
12
13
21
14
9
17
10
11
15
7
3
4
16
21
26
53
71
30
24
12
10
13
14
13
13
17
16
11
11
17
11
23
7
5
10
11
12
25
34
35
55
30
24
22
13
14
10
12
9
17
23
23
18
17
21
21
26
31
17
19
32
17
24
21
30
34
42
27
19
20
20
19
23
18
30
30
23
29
28
41
35
43
40
34
43
30
29
31
30
32
31
21
29
20
18
17
28
30
19
14
12
12
17
13
14
7
7
11
16
32
44
48
36
25
15
15
11
16
17
13
14
12
6
8
14
8
11
9
5
9
8
12
17
37
40
33
26
20
19
13
22
15
16
12
16
9
11
10
12
9
18
7
10
6
14
11
22
36
50
49
27
21
13
13
15
10
17
13
10
14
12
10
12
9
20
17
12
10
13
12
19
39
39
63
32
23
14
14
17
21
8
8
23
12
13
9
11
13
20
14
14
10
14
14
21
31
43
51
38
32
13
21
23
30
18
17
23
25
32
20
26
24
31
35
20
24
29
22
20
31
34
44
50
36
36
38
42
16
34
32
28
26
27
25
28
27
30
50
39
39
25
33
28
33
30
20
42
29
33
35
35
27
28
27
24
26
35
29
23
24
24
16
15
20
16
12
16
35
39
36
27
15
14
17
15
25
17
12
19
9
15
9
9
10
9
15
9
6
9
8
24
32
36
58
35
18
18
15
14
10
13
15
15
11
9
8
16
9
15
14
10
10
10
8
25
36
45
57
25
22
19
14
14
12
21
15
12
6
9
11
15
16
18
19
13
11
11
16
14
37
57
60
29
27
18
15
16
19
15
16
18
16
4
14
8
21
13
13
11
12
9
12
14
27
45
47
26
14
19
12
25
28
15
14
13
15
19
22
23
27
31
27
36
17
23
32
19
25
27
26
37
33
26
26
26
21
21
24
18
27
42
15
30
29
36
29
36
42
33
42
11
22
19
26
40
28
35
27
17
25
20
16
30
23
14
13
15
15
17
15
19
6
9
12
17
40
41
43
28
16
23
14
17
13
18
13
14
10
11
18
7
13
11
11
6
10
10
8
18
30
30
46
24
17
9
13
21
15
11
14
10
8
9
8
18
13
16
11
9
13
11
7
19
33
28
47
31
21
9
12
10
9
16
18
10
12
13
17
13
12
7
10
10
7
8
11
13
34
35
47
24
26
23
10
20
13
10
15
19
15
7
9
8
13
17
11
21
23
8
14
15
17
22
47
37
21
15
11
14
20
24
18
16
11
25
19
9
17
20
20
25
13
24
33
23
23
15
31
36
33
21
17
15
22
10
23
18
19
23
23
25
28
27
27
14
29
20
39
16
13
11
18
24
31
25
16
28
27
13
10
16
16
16
13
14
16
14
16
15
10
14
9
19
25
38
37
24
13
18
13
15
12
16
15
13
13
6
10
13
19
15
14
5
6
1
4
20
19
38
48
17
17
15
14
16
8
13
10
8
12
12
9
6
11
7
7
3
12
10
11
17
29
35
38
19
13
8
14
14
11
12
9
9
11
13
15
5
14
17
12
9
14
8
7
18
27
50
52
36
20
13
13
16
17
18
4
15
10
10
17
9
18
12
12
5
11
9
10
19
33
40
53
45
21
11
15
14
15
15
14
16
15
13
14
16
20
27
35
24
28
18
29
18
19
28
30
31
30
24
21
16
25
14
10
22
25
34
30
22
19
31
26
43
37
39
43
21
31
15
20
37
29
24
17
21
17
16
21
18
13
7
4
5
12
17
12
9
15
7
19
17
40
43
45
24
20
9
4
10
17
18
11
8
15
10
17
13
5
10
10
9
8
2
12
17
21
42
36
24
23
18
10
14
12
10
12
6
7
10
10
7
8
15
11
5
4
10
7
16
28
43
40
23
16
15
10
7
14
11
7
14
7
15
12
15
8
12
7
6
11
7
7
14
35
52
53
21
19
21
23
13
21
8
9
10
12
10
14
7
8
10
21
11
10
13
10
22
28
41
58
34
19
13
12
15
15
12
14
17
11
12
18
17
20
20
17
15
30
20
34
14
25
28
30
27
21
18
15
18
16
18
15
11
24
21
27
14
26
35
44
29
33
45
54
13
16
26
22
28
20
34
18
14
21
16
13
12
20
16
13
17
16
19
18
15
13
7
11
9
55
50
47
21
21
10
21
19
19
9
11
18
11
11
11
9
12
11
10
8
6
9
7
14
29
44
53
27
11
9
9
15
10
9
13
8
10
11
10
8
15
16
12
6
9
6
6
18
32
36
48
39
19
4
9
14
16
7
10
9
9
8
5
6
10
16
12
9
8
11
10
20
26
46
41
31
15
13
13
15
11
10
6
15
8
11
4
11
14
15
19
14
9
14
13
15
27
35
48
26
18
18
15
15
24
11
15
11
12
8
9
13
25
32
28
27
24
33
18
20
21
23
27
46
29
16
13
16
21
17
29
16
22
20
25
32
21
32
33
40
28
30
33
13
24
21
14
26
21
28
22
14
19
16
17
22
23
16
14
8
10
11
20
14
16
8
12
14
23
43
29
21
11
15
8
13
10
17
9
10
8
10
17
5
8
13
8
11
14
8
3
12
30
31
47
31
17
12
2
11
15
12
11
12
10
11
7
9
6
7
10
7
8
8
15
16
32
42
50
32
19
18
11
13
14
5
6
10
8
15
11
16
21
5
17
9
10
6
7
24
24
40
57
39
17
13
9
5
6
10
15
12
12
13
12
9
15
9
15
14
10
5
11
10
33
34
39
35
25
17
11
13
30
11
10
11
11
13
20
14
25
15
19
24
25
41
24
21
19
22
32
22
31
20
17
21
24
15
23
13
13
29
23
28
28
21
25
28
15
30
38
18
13
18
32
27
37
23
21
30
19
19
22
14
15
11
16
9
10
16
20
9
9
7
6
21
34
58
38
22
14
12
10
17
5
9
11
9
6
8
16
9
14
10
2
7
6
5
6
19
24
47
50
24
13
15
9
7
13
9
10
11
8
13
8
8
10
11
