632
597
520
479
403
250
164
104
76
108
153
266
320
344
383
353
294
297
347
300
264
260
230
228
147
119
77
70
94
52
155
229
325
325
282
336
377
338
385
383
303
392
549
582
520
456
427
293
224
128
117
65
47
44
135
271
378
379
334
361
395
412
431
413
330
449
680
780
681
637
570
533
395
239
169
109
85
44
161
282
420
407
383
380
378
425
480
486
384
472
701
855
791
756
747
829
715
728
620
365
217
86
53
69
120
179
257
349
418
475
425
532
467
550
612
637
625
665
740
845
882
914
792
521
285
88
57
61
118
147
238
305
397
440
411
422
411
399
407
413
351
328
348
264
202
238
189
161
122
80
195
345
472
380
342
317
388
377
423
411
353
480
621
699
655
568
528
405
266
129
115
72
60
56
186
356
509
464
388
389
390
432
474
397
352
474
643
786
708
730
611
477
329
195
116
128
118
68
204
327
523
458
397
393
452
460
480
477
350
497
682
790
809
785
777
593
356
218
137
109
36
70
217
384
539
499
407
424
474
463
500
459
382
515
777
913
871
863
882
769
597
347
235
153
120
94
173
348
526
471
430
468
516
501
567
498
352
481
602
715
931
940
857
934
937
807
730
437
246
74
50
86
130
279
297
369
490
532
495
550
505
552
668
746
761
740
876
1064
1079
1007
850
696
342
94
52
69
100
198
267
413
450
489
469
490
489
447
524
422
465
457
344
329
224
163
186
176
169
79
215
362
491
477
360
368
417
411
404
436
372
478
684
743
662
635
728
527
351
216
130
94
64
68
195
356
564
544
453
460
502
470
517
469
402
472
717
830
762
859
848
664
467
271
216
126
117
85
245
454
599
560
498
491
583
526
553
502
360
529
809
879
900
885
768
667
432
262
143
73
73
94
213
393
571
502
481
473
468
480
574
483
367
553
778
887
898
983
974
932
616
438
312
175
141
77
194
393
549
517
468
475
569
519
503
497
319
382
595
794
913
879
915
902
919
804
729
505
307
107
78
76
123
254
297
344
428
483
523
537
455
542
674
718
718
699
764
957
1038
1087
1018
750
399
108
49
75
94
180
252
359
397
484
524
511
483
461
609
477
551
545
604
551
568
470
489
399
287
120
68
102
222
289
289
344
364
417
446
435
404
445
571
521
484
454
451
309
216
138
88
60
34
66
192
387
596
540
463
437
459
497
489
532
423
527
729
860
852
825
760
575
359
213
96
105
73
67
201
455
613
573
482
515
543
544
545
524
434
584
829
957
932
906
850
633
401
258
120
57
63
61
206
431
611
567
466
515
554
528
574
527
457
631
735
969
976
976
1107
884
601
351
206
139
110
77
197
417
589
556
475
520
589
588
579
527
353
453
480
659
776
818
831
906
796
794
671
444
215
87
50
104
183
293
357
468
518
535
544
574
582
667
806
851
889
948
1041
1235
1141
1100
992
774
425
180
78
100
135
223
311
405
524
511
507
512
443
492
550
501
465
461
418
367
209
160
173
162
155
87
213
330
534
493
448
383
442
426
437
528
385
524
691
794
775
705
618
411
299
163
97
75
50
71
213
338
547
520
445
426
475
479
496
488
393
523
732
851
832
880
800
599
372
239
130
113
102
78
194
419
590
484
424
432
505
543
532
463
395
521
725
800
828
833
803
607
500
244
125
81
59
92
231
409
541
546
437
452
493
517
536
505
372
531
749
896
905
1045
991
850
694
485
277
200
132
103
234
387
577
510
520
521
581
583
588
504
411
521
657
763
1015
1001
1068
1138
1068
975
943
610
293
93
62
91
184
304
379
464
557
600
608
702
624
647
834
866
878
891
878
1059
1148
1060
999
771
367
105
81
86
106
201
308
407
502
504
509
502
538
609
655
420
454
474
455
498
304
242
228
173
141
93
198
346
541
451
412
396
458
461
425
500
404
551
713
766
697
662
553
470
273
143
76
44
37
68
214
433
563
558
409
483
509
490
512
525
412
499
760
887
892
866
818
591
402
213
131
80
85
70
213
439
546
514
488
513
527
485
535
536
416
603
794
1017
962
955
897
765
483
340
157
86
64
67
207
420
570
601
498
546
568
552
630
559
410
461
609
915
935
1067
1139
959
807
489
285
214
157
95
223
374
483
544
494
489
538
560
505
397
279
335
427
494
504
456
415
327
225
185
137
102
75
27
30
48
95
165
254
325
433
496
446
544
549
632
724
818
798
838
926
1107
1088
967
770
619
312
92
70
75
109
232
316
424
491
561
484
517
461
578
626
591
490
462
429
385
340
209
218
186
128
86
232
384
546
579
464
418
461
457
509
460
394
513
742
874
722
748
641
518
363
207
141
72
69
62
199
390
564
560
501
538
518
520
522
542
439
527
807
959
1022
884
950
758
518
393
203
165
129
98
216
418
586
559
522
497
579
530
585
578
419
554
778
962
984
895
923
806
526
281
145
91
71
88
214
389
616
589
607
594
622
543
574
485
366
416
551
798
943
960
841
942
751
555
360
225
175
90
218
381
529
507
426
509
553
530
549
445
346
370
568
835
907
775
890
1012
957
827
807
560
313
97
72
82
145
262
318
405
456
559
527
589
545
655
712
866
800
834
870
1090
1095
986
1057
761
373
105
77
69
107
179
286
440
519
522
569
583
464
481
585
646
630
620
682
673
583
494
413
371
225
78
76
89
195
253
315
358
400
452
478
461
435
496
600
581
483
467
404
329
223
138
74
75
41
80
199
330
462
455
385
403
502
544
523
513
388
535
698
731
693
618
585
483
320
223
121
99
85
74
192
356
512
496
479
502
552
527
601
537
425
577
809
894
915
893
729
645
374
237
132
62
58
74
222
349
546
491
426
554
541
535
590
555
414
567
803
952
945
1001
1072
914
678
378
255
183
136
72
208
362
545
497
514
517
565
566
603
490
440
522
713
925
955
897
920
1046
1004
875
783
555
277
105
72
99
166
329
425
502
582
606
696
654
579
641
773
841
821
840
971
1092
1083
1023
911
685
363
122
84
96
155
241
310
391
463
476
523
525
460
551
582
564
403
366
450
282
381
222
169
203
177
97
198
343
508
470
406
428
382
412
519
489
396
479
745
727
703
607
600
479
255
129
115
74
64
76
231
372
533
519
468
454
466
501
551
526
395
563
779
833
884
826
904
611
436
248
162
114
98
87
230
449
601
577
522
468
531
460
475
399
341
503
698
813
861
854
856
658
448
322
193
100
67
73
225
406
521
531
459
492
445
474
556
503
395
549
739
911
989
892
1041
813
667
382
254
150
164
89
220
388
507
508
476
469
558
525
563
494
365
480
690
855
951
966
940
1039
1052
930
854
558
334
123
94
92
169
258
367
403
517
602
609
607
518
618
856
835
901
930
941
1202
1260
1143
1019
760
381
153
97
69
110
244
314
471
536
493
526
562
428
517
547
567
467
440
425
321
276
213
199
174
144
85
213
356
475
489
425
400
437
437
480
499
409
529
809
847
803
727
653
455
338
214
131
71
66
59
195
389
465
467
438
457
483
466
521
515
401
552
722
817
797
762
762
634
421
255
152
109
99
75
214
388
570
555
455
538
549
560
534
530
409
587
811
894
889
924
900
663
402
304
135
76
65
69
224
423
560
547
517
516
546
568
622
573
425
527
785
939
960
979
1020
886
707
573
329
179
146
96
227
376
470
509
468
486
522
511
534
515
431
568
836
1005
955
946
902
1057
1046
971
878
568
274
108
83
103
155
277
380
454
500
567
576
638
507
625
774
894
879
870
966
1199
1050
823
895
512
273
140
86
93
175
296
448
509
546
511
529
478
525
546
522
493
415
429
302
261
210
200
170
165
84
171
338
516
447
391
400
469
454
470
477
415
519
701
734
701
666
582
416
296
151
98
59
60
70
182
410
547
603
483
527
571
527
554
480
336
508
686
752
768
781
717
574
353
236
151
119
97
79
190
406
592
604
446
526
530
507
552
501
369
487
706
835
885
923
963
770
490
327
241
89
72
92
217
415
615
609
570
535
597
615
601
539
357
472
602
817
900
879
990
850
691
446
369
267
159
85
219
405
552
606
531
538
574
549
575
520
302
379
643
796
928
865
980
984
904
884
769
509
286
91
89
86
166
289
366
475
556
601
718
688
485
584
793
936
880
905
889
1099
1087
1112
930
613
356
145
130
88
125
250
329
399
531
567
571
484
482
452
609
600
505
520
495
468
347
302
222
191
180
80
207
326
447
522
422
405
418
456
490
468
422
522
714
736
600
560
489
391
282
168
90
49
46
69
199
370
491
555
462
508
494
460
447
454
389
506
734
806
814
797
765
575
397
251
154
114
98
69
203
377
531
536
458
417
484
522
528
472
359
513
718
828
842
833
817
694
418
321
203
87
75
53
207
366
553
481
502
496
531
525
528
405
303
386
646
823
952
956
933
907
647
408
334
190
145
71
171
320
453
504
421
470
522
519
510
434
331
441
692
836
895
905
936
975
1003
954
934
607
322
99
77
106
167
244
357
472
478
610
597
623
493
568
767
867
881
902
1017
1177
1140
1157
1025
784
413
125
73
78
119
188
308
403
485
502
547
493
386
461
519
525
494
408
439
442
298
258
210
171
134
62
173
287
379
447
384
393
430
437
479
452
408
462
642
668
657
556
517
416
257
142
84
74
49
67
175
302
460
424
392
381
412
494
473
473
369
481
627
886
796
787
774
607
457
287
163
145
97
51
211
296
436
484
472
440
471
508
531
467
360
482
640
790
855
846
834
847
616
373
220
147
85
77
194
330
476
504
463
483
595
540
568
432
278
364
573
805
1006
925
1036
931
795
592
435
252
208
74
126
148
309
413
426
438
546
515
488
473
361
528
692
800
833
852
934
897
941
932
943
559
327
115
68
70
120
263
282
360
438
475
488
536
514
528
637
735
723
735
757
835
963
918
855
676
407
113
73
77
118
197
332
366
396
453
443
435
430
443
459
520
483
418
426
205
207
167
156
134
125
83
168
285
403
424
365
376
393
418
437
426
391
470
620
710
735
638
614
496
290
143
91
61
80
77
181
371
489
475
479
495
492
489
514
529
419
519
736
794
949
839
792
634
438
249
167
123
78
76
190
395
538
507
525
512
575
538
545
523
367
526
675
750
824
842
942
684
477
260
157
79
69
73
202
390
559
566
508
523
601
530
554
497
377
487
668
848
922
938
959
894
665
451
294
191
131
87
182
375
545
510
496
519
522
536
507
483
297
369
598
775
936
1006
1004
1103
958
925
945
645
377
108
90
124
184
298
410
504
561
576
552
525
406
394
571
594
683
770
753
701
724
760
862
695
447
118
76
77
123
211
314
461
517
543
569
505
398
384
507
533
514
467
422
319
237
221
200
161
120
92
193
342
439
414
372
364
432
425
461
471
341
412
577
724
748
655
608
512
320
156
98
77
56
73
193
363
464
481
436
403
485
465
529
464
370
508
711
775
778
770
809
616
470
251
176
146
123
74
217
387
560
517
433
463
495
472
532
487
365
464
682
793
769
821
866
681
423
270
141
105
51
93
214
383
564
533
480
477
522
519
572
483
368
501
751
901
935
917
992
839
733
550
316
226
149
80
206
411
596
670
614
503
628
535
608
405
305
437
584
825
964
813
906
982
1005
875
726
542
274
104
78
123
201
291
353
466
507
577
572
530
482
585
698
847
879
863
931
1141
1190
1093
965
750
392
118
68
100
142
202
320
407
506
547
531
476
391
442
534
550
551
435
485
388
281
207
178
143
111
80
204
332
476
429
351
418
452
482
476
462
408
507
719
786
798
668
640
447
328
176
112
74
85
81
210
374
573
474
443
472
509
506
545
498
420
512
727
900
846
831
790
697
527
295
168
140
116
85
210
382
530
519
521
478
507
563
505
487
334
442
701
868
891
850
930
758
519
331
180
108
65
74
203
384
504
556
487
537
544
605
588
491
342
423
668
927
847
958
931
816
817
488
293
197
137
81
220
357
534
554
488
545
543
514
546
409
325
446
738
895
866
843
889
991
1010
968
930
630
268
90
89
116
213
290
391
492
579
537
581
614
562
653
767
895
902
862
1052
1053
957
965
906
686
372
122
83
92
147
213
360
439
513
526
525
470
443
460
564
535
575
543
493
404
315
226
231
182
152
104
200
363
420
488
387
432
448
497
514
441
399
532
689
748
786
697
649
490
336
178
121
69
49
74
200
385
533
545
406
486
519
574
570
471
396
565
793
873
944
882
823
657
481
261
168
134
124
79
245
405
568
553
463
500
485
525
569
458
353
496
741
879
888
881
930
806
542
348
163
113
68
82
241
398
563
539
481
508
602
567
591
478
320
434
678
940
891
922
872
853
717
505
316
245
158
85
197
387
530
499
437
488
509
567
560
441
299
387
689
884
970
906
913
1042
1006
844
804
609
379
97
92
113
194
309
379
493
570
598
608
603
568
661
760
847
904
913
1019
999
926
889
863
651
360
112
63
104
133
221
308
434
489
485
588
490
441
486
549
557
532
551
504
419
338
214
210
199
161
81
220
338
478
483
421
452
455
498
500
460
388
520
648
750
683
680
600
504
349
174
93
79
60
62
234
381
526
475
466
434
503
485
540
520
376
471
724
802
855
804
919
763
