955
664
497
345
359
250
195
168
105
123
164
232
305
338
351
314
348
328
379
287
315
317
340
310
246
142
155
126
77
56
118
246
453
415
314
299
326
381
393
369
353
423
572
480
481
458
406
340
340
217
235
225
173
60
138
267
447
448
386
337
362
365
424
453
402
480
706
623
592
636
645
545
425
338
376
350
225
65
155
285
552
517
378
378
398
449
470
540
487
567
711
743
787
746
847
903
848
868
864
749
514
104
55
74
113
273
271
407
446
471
527
575
506
609
648
791
693
646
751
910
1086
1065
1192
1067
603
134
40
58
126
193
254
365
415
430
445
425
446
451
413
447
407
379
399
355
259
250
164
170
60
62
163
343
548
555
412
332
350
347
389
444
346
441
642
581
607
533
496
378
261
192
188
180
91
54
177
375
617
571
463
373
379
415
456
472
378
528
711
711
611
718
748
500
319
321
274
265
150
59
174
353
598
577
444
359
431
427
473
490
383
531
802
731
711
809
720
641
478
426
403
332
250
87
168
347
609
613
449
387
477
414
512
519
424
604
867
1075
1097
999
1027
945
682
579
531
430
252
89
161
313
599
598
470
402
525
514
573
598
480
577
789
904
889
834
826
867
895
973
1020
935
604
137
70
84
170
239
332
398
516
563
541
606
604
646
696
853
778
860
1009
1174
1252
1396
1449
1312
812
189
67
78
117
181
313
407
458
471
539
488
459
428
483
426
405
418
489
438
258
169
167
142
78
64
167
394
628
554
393
340
352
369
391
377
387
458
643
620
613
661
684
494
315
265
208
153
88
52
173
398
662
601
447
398
433
454
474
489
422
514
806
839
732
823
834
675
554
393
306
286
189
75
169
383
685
685
499
499
499
511
552
552
477
593
821
862
795
820
860
917
645
521
462
357
291
105
197
373
581
636
474
451
442
474
544
522
419
547
899
1034
1105
1016
1074
911
735
617
534
405
298
99
158
378
622
648
500
459
459
534
551
529
416
577
802
800
852
840
934
1046
1081
1178
1169
1171
772
283
107
126
147
276
337
374
489
524
520
602
579
623
717
831
753
738
851
1062
1236
1327
1422
1323
795
203
97
85
114
186
272
380
444
485
524
474
440
521
538
542
498
510
571
576
519
484
484
459
261
70
83
111
258
293
307
342
403
437
441
430
412
437
515
469
447
433
461
338
266
167
134
138
69
54
169
349
637
601
446
421
450
481
515
493
490
605
855
858
815
812
673
509
358
226
241
218
171
78
170
392
632
639
481
503
483
488
528
527
507
607
901
895
845
863
726
693
471
327
307
270
222
73
189
352
635
636
470
462
488
462
491
553
448
639
1043
1124
1056
926
922
842
725
542
501
443
275
94
136
393
713
678
546
485
508
546
563
685
509
575
698
826
819
753
827
927
1010
1032
1046
995
643
136
64
131
230
283
376
513
586
633
576
620
633
725
863
1014
996
903
998
1078
1165
1287
1351
1206
791
226
85
99
139
229
338
442
513
518
494
480
462
500
539
477
552
554
485
332
261
176
173
118
95
61
153
342
655
614
459
372
432
444
474
520
402
474
712
634
608
652
658
434
228
197
170
135
105
52
177
375
644
619
431
374
424
411
515
511
433
552
900
931
803
793
733
602
377
302
295
266
151
77
182
372
633
612
487
421
441
465
512
535
414
566
824
854
695
809
769
670
528
428
537
433
259
90
187
401
608
674
500
474
496
494
571
603
464
590
984
1044
1136
1081
784
869
728
580
556
465
292
93
170
411
613
641
516
489
514
512
585
601
476
593
944
1038
1053
911
1011
1087
1151
1116
1386
1190
739
210
113
98
210
304
398
475
627
677
712
791
683
751
898
976
930
934
1004
1088
1186
1169
1341
1366
852
186
63
71
136
200
313
450
505
481
508
572
524
539
665
334
424
489
516
474
308
197
204
171
98
75
175
348
594
578
430
378
426
431
435
515
479
535
728
711
681
631
579
404
270
175
143
150
80
63
167
383
624
609
538
412
471
436
540
526
491
632
854
804
875
828
777
701
428
301
257
233
120
67
178
385
622
633
514
511
530
567
561
566
505
637
1003
926
981
948
832
875
560
469
403
392
295
67
194
369
648
665
545
500
640
551
611
655
597
660
1121
1220
1259
1164
964
992
1034
814
701
602
341
141
179
383
585
638
593
727
708
622
583
577
430
387
555
654
597
620
537
391
279
223
196
175
120
50
35
59
124
174
291
359
431
632
609
628
747
795
942
1258
1098
1052
1016
1166
1223
1224
1252
1273
725
256
118
79
141
289
364
510
659
721
656
672
567
514
689
735
746
629
638
464
354
240
184
134
95
67
193
369
744
728
473
491
457
483
577
548
575
710
944
878
691
706
668
582
324
243
230
182
98
74
192
382
634
678
506
431
547
579
685
659
535
663
988
1029
882
937
964
976
846
553
533
507
248
75
163
438
710
675
508
488
554
582
648
697
531
560
917
933
953
947
831
855
761
604
604
407
273
100
195
370
605
692
480
438
502
540
533
544
471
591
877
1025
969
948
913
870
960
844
743
633
360
143
184
375
574
657
466
448
502
476
581
547
426
515
816
912
886
877
915
992
1073
1143
1232
1210
692
150
77
112
224
282
378
461
537
563
635
666
655
748
809
980
854
924
1043
1125
1194
1266
1420
1319
816
207
92
61
121
162
263
400
456
565
581
565
561
535
594
621
617
650
735
703
647
601
610
547
217
62
83
120
220
295
325
336
419
435
438
470
434
487
579
507
470
496
476
350
249
167
175
125
88
71
141
319
556
552
415
374
438
517
522
467
426
554
807
736
713
669
667
537
329
228
231
202
161
66
153
358
591
593
465
444
455
526
570
527
405
604
896
900
853
859
793
668
471
441
405
370
201
79
170
367
634
609
534
443
444
482
534
569
482
583
1040
1114
1108
952
912
914
755
667
585
534
281
107
166
375
632
644
508
450
542
519
586
641
520
619
891
955
943
860
1006
1069
1110
1131
1253
1197
713
157
88
102
219
329
466
567
682
727
816
815
686
711
868
1012
910
925
1014
1205
1284
1368
1360
1294
737
171
86
84
209
267
359
493
472
529
552
547
502
521
570
580
441
501
515
368
455
202
141
129
92
60
168
361
620
656
428
376
361
429
498
464
413
535
724
694
670
700
609
424
306
202
153
149
88
68
171
369
654
664
471
395
465
465
490
508
489
606
841
849
877
710
681
579
386
280
260
229
140
70
204
391
665
680
559
479
427
466
485
513
458
586
874
880
813
819
807
777
552
452
505
481
241
86
184
370
631
664
445
452
492
511
531
597
442
641
930
1019
1048
978
913
921
846
685
678
574
335
114
186
343
602
629
434
440
534
509
540
583
460
615
873
916
952
910
943
1060
1150
1184
1271
1148
825
193
96
102
183
310
390
474
578
652
677
709
724
777
928
1072
911
908
1033
1174
1200
1285
1458
1293
840
224
76
92
126
215
341
413
563
530
533
518
450
538
568
519
493
569
481
405
265
242
200
152
121
68
181
377
538
550
431
345
379
376
424
455
395
538
752
662
718
698
623
524
357
245
218
161
144
69
153
361
600
645
469
433
413
464
482
541
494
589
849
808
797
789
843
701
487
298
325
305
153
63
165
383
550
650
535
495
489
489
557
611
452
569
865
856
799
886
845
696
486
407
359
385
214
81
194
389
610
665
522
490
522
566
613
728
604
757
1066
1133
1166
1006
846
889
754
659
638
490
288
94
173
371
543
620
490
457
540
479
570
573
550
618
897
1012
944
898
913
1112
1101
1154
1279
1177
798
183
77
120
186
325
454
540
630
717
703
800
773
771
994
1149
998
926
1123
1259
1243
1252
1169
714
448
133
93
112
202
332
434
512
623
664
666
496
537
586
617
574
527
572
479
307
240
200
204
95
64
164
348
562
563
427
346
375
345
403
425
417
497
666
613
611
697
584
476
350
222
186
134
117
72
149
363
651
726
528
473
481
527
553
591
450
540
670
653
676
677
701
506
387
295
314
278
193
79
162
345
545
701
477
451
487
492
538
547
393
568
864
911
871
804
819
773
623
551
514
412
231
77
161
373
650
714
583
475
525
495
579
518
456
554
965
1076
1201
992
816
828
852
713
737
601
361
115
162
416
693
670
559
459
567
583
602
572
399
543
841
890
899
856
920
1053
1141
1142
1321
1295
793
270
139
126
177
318
409
484
551
681
698
729
514
665
771
978
855
860
928
1028
1087
1164
1180
1235
712
217
102
70
137
298
331
445
500
507
568
547
471
481
534
525
574
508
562
438
325
246
216
208
120
64
148
348
494
590
449
357
421
378
442
426
422
585
804
788
676
546
494
409
287
188
160
137
77
57
168
330
646
712
481
506
452
410
467
467
389
531
763
827
808
776
799
603
445
365
268
289
181
90
182
352
568
644
477
428
454
541
544
494
436
537
866
891
816
819
822
801
584
438
493
442
252
87
190
376
573
674
509
461
470
492
494
476
405
523
777
883
1049
909
797
805
732
539
522
528
281
90
159
311
565
620
481
479
509
501
531
558
465
651
866
929
902
922
903
1022
1113
1081
1203
1238
773
229
85
114
170
284
341
460
487
610
607
679
652
734
880
1040
885
881
1062
1204
1215
1343
1390
1269
790
241
111
71
122
188
280
406
468
485
506
506
505
488
538
510
493
504
565
437
300
199
192
183
114
60
142
328
486
596
405
373
378
415
463
448
421
511
670
624
594
520
525
409
240
149
173
152
94
54
162
300
513
601
440
375
443
469
470
517
481
549
710
728
734
764
747
648
526
318
279
282
181
80
170
332
530
607
482
411
474
505
458
504
443
592
836
924
905
909
943
946
755
649
538
510
306
81
175
331
534
694
479
454
497
528
607
503
405
532
873
996
1058
958
884
894
884
893
924
741
463
122
112
187
436
495
474
440
506
578
626
629
505
641
839
883
849
854
896
951
1039
1070
1260
1228
796
275
133
112
162
262
331
414
529
582
591
706
635
685
832
1037
844
818
897
1041
1208
1217
1256
1253
711
213
77
72
100
193
336
366
454
530
606
441
460
471
475
563
475
484
441
298
247
201
183
167
105
71
169
304
478
501
393
349
382
373
441
475
490
577
635
571
629
583
595
449
327
236
221
194
97
62
190
356
607
604
472
396
441
466
567
620
484
598
825
846
870
936
846
765
529
372
313
272
188
55
169
376
599
660
501
474
524
503
542
535
450
555
849
868
943
909
744
796
622
419
453
425
265
86
175
371
599
658
563
494
507
495
524
550
472
574
936
1027
1146
911
927
850
824
668
592
646
350
97
179
372
601
669
496
470
525
485
565
546
526
573
866
958
1052
968
1000
1011
1222
1091
1213
1194
771
186
96
152
178
312
417
474
604
649
643
680
561
651
780
928
1015
877
934
984
1086
1077
1348
1296
820
190
91
93
132
229
302
420
491
585
647
544
480
462
585
552
593
491
543
419
269
205
168
165
95
63
179
323
531
531
335
325
401
410
421
499
422
536
666
694
708
693
692
531
431
290
266
157
104
63
170
374
556
549
432
436
400
449
553
494
476
579
778
755
797
906
843
833
532
387
322
316
170
83
188
380
576
612
510
495
477
500
517
480
422
537
854
1119
913
865
753
738
604
443
443
358
262
96
176
371
593
616
491
433
484
502
573
520
451
608
954
1021
1088
1025
896
876
840
757
707
621
354
95
200
391
651
756
640
502
526
504
582
604
448
644
824
915
854
807
900
968
998
1022
993
1087
757
211
107
108
169
326
440
459
532
575
653
673
619
661
837
1081
957
985
1089
1186
1225
1216
1369
1336
837
205
100
84
140
230
345
429
483
540
606
510
522
539
541
649
598
575
595
460
371
234
220
175
130
75
186
346
597
588
425
357
366
409
439
448
424
523
730
744
662
764
674
546
354
240
277
211
106
81
184
372
593
593
407
418
457
454
533
548
480
538
816
775
762
806
854
676
491
428
380
276
197
74
177
374
602
631
522
439
527
535
510
521
434
549
792
837
896
873
768
839
669
594
509
478
283
104
201
357
610
636
478
498
533
553
580
581
435
594
970
977
1050
950
859
827
860
725
649
572
304
113
176
358
577
635
491
461
564
551
540
556
375
586
835
905
940
977
1096
1085
1096
1182
1290
1288
817
255
106
120
176
307
429
445
577
567
622
656
673
778
970
1201
1123
1100
1107
1216
1228
1321
1422
1382
836
177
91
121
151
222
333
431
506
550
652
532
540
594
653
606
650
672
652
525
321
285
242
169
103
85
191
365
516
570
416
381
364
387
456
499
403
514
711
675
713
784
871
609
388
284
214
194
81
77
174
397
601
633
464
453
442
437
521
529
429
578
836
817
876
945
813
827
548
501
427
400
223
94
179
402
614
621
511
417
523
513
491
509
421
617
875
881
929
994
899
985
827
698
592
477
278
79
205
391
599
603
501
431
486
486
503
547
371
532
887
985
1067
1049
883
901
890
807
663
672
408
128
161
395
590
569
518
480
469
493
561
523
411
541
802
946
1003
987
958
1097
1039
1278
1204
1100
755
224
99
139
218
257
334
432
482
564
591
686
661
732
917
1053
1052
1084
1086
1135
1313
1231
1298
1346
848
201
105
85
124
218
329
419
505
500
570
559
564
614
687
679
658
588
618
534
392
259
249
228
79
73
187
368
579
614
442
396
407
472
463
524
448
542
657
670
650
687
858
597
423
322
240
209
94
92
198
382
557
589
431
413
430
453
535
517
449
564
879
870
1002
968
855
962
