988
851
749
645
538
309
305
214
176
254
341
487
628
676
727
690
689
696
842
713
684
704
795
324
245
153
88
52
78
135
489
727
799
1019
771
652
688
791
820
658
701
827
1116
1088
871
686
559
384
287
157
110
73
94
141
556
692
887
1109
972
715
815
819
862
759
776
863
1294
1278
1012
1025
920
633
470
314
149
105
128
139
496
787
906
1128
929
833
852
920
956
852
794
953
1280
1544
1271
1173
1232
1061
886
682
478
302
220
126
148
218
285
527
726
792
834
1038
984
961
949
977
1127
1241
1199
1109
1264
1159
1154
845
617
426
281
159
172
164
298
441
548
669
921
890
839
872
827
887
1038
937
783
727
575
427
249
188
102
71
82
175
501
884
1057
1241
791
669
744
749
773
750
718
905
1119
1124
969
885
999
593
393
211
114
75
87
161
504
925
1076
1321
846
761
797
806
842
793
702
926
1156
1205
1025
927
733
463
316
208
116
83
80
162
544
845
1070
1216
815
784
873
890
858
855
698
956
1191
1277
1144
1119
857
581
403
250
147
92
97
179
524
906
1076
1165
896
823
901
826
941
867
774
959
1319
1361
1363
1241
983
788
588
369
203
125
143
183
483
909
1015
1228
871
809
925
943
882
928
798
928
1162
1249
1561
1433
1244
1187
960
731
585
360
282
135
155
261
371
588
698
856
1009
1111
1041
1010
924
1057
1142
1254
1357
1243
1094
1177
1144
942
793
542
352
179
122
155
257
444
609
738
928
931
1055
1041
961
982
1057
946
790
750
582
553
317
163
108
61
88
206
506
867
1133
1317
799
718
801
790
843
863
697
898
1176
1198
966
915
764
478
303
186
107
59
90
178
497
887
1245
1410
922
931
994
908
962
963
791
925
1171
1328
1236
1113
830
616
415
226
163
89
83
154
487
877
1070
1319
1033
899
1067
922
1017
968
795
1055
1314
1315
1274
1032
838
603
493
233
126
95
80
163
497
942
1151
1338
962
832
953
906
994
985
796
999
1369
1470
1391
1162
1024
873
651
378
206
148
143
214
518
895
1169
1251
906
875
1024
946
1034
968
776
941
1397
1538
1598
1244
1213
1109
1051
684
545
343
269
173
167
224
369
615
724
892
1082
1059
1067
989
861
977
1225
1280
1271
1037
1038
1126
1099
895
683
535
331
195
169
149
258
380
611
781
910
893
1009
1013
893
1015
1217
1109
1063
1031
988
821
538
395
262
147
148
146
234
317
589
666
662
720
898
924
952
933
898
1002
1249
1089
974
745
666
575
433
174
90
56
99
151
538
997
1249
1277
952
924
1054
925
1004
950
913
1100
1358
1514
1362
1095
820
493
363
193
105
70
98
159
517
878
1231
1337
956
916
1130
978
953
1007
825
1088
1421
1696
1346
1193
1051
748
474
213
130
78
101
148
519
942
1068
1217
983
963
986
936
955
994
896
1029
1239
1580
1570
1251
1041
811
647
404
212
127
120
189
522
958
1312
1375
949
956
1098
970
1173
1015
961
947
980
1193
1444
1228
1086
1034
933
691
507
364
272
139
168
243
486
724
781
1073
1196
1215
1156
1093
989
1013
1397
1565
1457
1291
1352
1194
1067
991
805
562
314
206
165
186
394
471
721
957
1076
974
1030
980
915
973
1179
1122
1038
914
715
585
288
180
103
66
98
174
530
924
1157
1229
946
911
937
844
963
910
783
903
1235
1265
1095
882
706
399
308
165
101
58
69
134
531
983
1201
1207
892
902
901
854
988
902
833
1001
1325
1437
1309
1117
959
680
371
202
150
74
102
173
488
999
1284
1218
905
960
923
840
994
869
727
993
1367
1404
1297
1122
943
707
473
273
169
90
104
164
525
1063
1158
1164
959
936
915
911
1022
920
867
890
1356
1612
1515
1290
1044
959
777
459
229
133
143
186
493
1035
1133
1171
1035
1017
883
950
988
960
807
831
1202
1439
1606
1382
1401
1168
1015
736
584
372
304
175
167
260
463
673
841
1097
1224
1168
1113
1069
973
938
1367
1578
1409
1358
1329
1172
1086
967
785
489
302
166
144
169
302
472
676
837
884
1055
1005
1028
1069
1071
1153
940
777
799
981
820
610
285
150
92
98
196
568
1070
1202
1182
924
862
874
862
919
902
820
1026
1325
1410
1100
1032
902
464
299
165
104
69
76
155
555
997
1225
1160
1000
930
879
950
987
846
802
995
1356
1469
1320
1101
841
611
363
199
118
109
95
167
545
1092
1226
1227
946
965
1016
964
1013
889
843
1053
1395
1474
1389
1195
922
685
438
251
173
106
89
186
556
1144
1117
1204
1015
1006
991
1033
1062
968
780
869
1186
1595
1549
1359
1067
1042
832
515
287
170
186
217
520
974
1001
1157
1000
999
1130
995
1080
926
648
604
837
978
744
562
537
426
261
238
205
136
111
57
52
105
159
306
452
606
706
787
823
915
866
974
1276
1323
1203
1030
1057
1105
1076
949
782
520
292
168
179
185
311
516
689
842
968
1017
961
1059
890
1043
1235
1185
807
735
909
654
336
189
105
60
91
189
593
986
774
1160
1001
857
830
820
915
923
809
996
1302
1304
1031
912
903
626
337
223
127
86
76
159
586
1055
988
1159
1052
974
996
1004
934
957
745
1040
1274
1575
1350
1182
1055
776
450
259
143
88
124
191
649
1108
1037
1248
1035
990
993
1050
995
972
751
979
1427
1578
1358
1180
1120
834
477
289
208
113
109
203
648
1098
995
1147
1027
927
937
985
964
955
720
816
1069
1111
1270
1205
1143
988
751
486
265
167
160
166
640
964
1006
1100
944
925
952
982
989
943
755
931
1344
1507
1465
1250
1327
1134
1013
875
581
385
318
186
231
279
369
577
757
979
1071
1218
1078
1140
904
917
1302
1435
1251
1138
1224
1308
1228
1001
817
593
390
209
175
181
244
431
680
871
1023
1077
974
996
912
1060
1273
1230
1131
1105
958
855
658
456
276
232
159
152
239
314
465
617
748
827
910
936
1068
987
915
1152
1266
1179
917
988
823
466
292
216
98
69
83
149
643
892
997
1166
990
822
957
1038
1014
938
829
1009
1387
1355
1175
1147
899
563
319
202
117
71
81
181
624
936
1037
1246
1077
932
962
993
1058
971
821
1159
1544
1569
1439
1163
997
688
455
286
133
89
128
184
687
973
1043
1237
1046
1004
1119
1007
1056
952
801
1045
1443
1611
1462
1355
1075
1012
830
472
253
136
145
186
576
863
1095
1217
1112
1023
1054
1061
1098
958
807
1009
1432
1594
1504
1429
1296
1127
1115
818
635
399
253
173
204
235
414
722
989
1149
1300
1314
1370
1163
944
1039
1308
1447
1315
1328
1251
1220
1165
1051
848
554
335
190
142
188
395
590
719
848
1038
1067
1182
999
887
996
1267
1120
819
1036
790
535
661
228
130
62
89
183
624
866
993
1213
961
735
802
824
867
783
779
947
1267
1151
1007
966
683
483
314
172
91
70
84
148
562
822
1030
1233
971
891
1009
885
952
880
778
1060
1394
1406
1269
1260
973
676
499
263
128
80
109
196
636
791
930
1220
1060
882
976
841
944
827
797
1061
1435
1376
1231
1112
1139
814
521
284
138
129
98
192
623
885
1033
1258
984
809
984
897
1030
876
799
1075
1414
1641
1427
1406
1070
1074
869
493
284
155
146
195
604
829
1075
1181
973
954
1099
942
1036
950
814
1057
1407
1773
1679
1577
1311
1188
1103
909
573
363
279
207
212
264
410
666
848
1006
1259
1201
1258
1163
1011
1041
1377
1477
1407
1364
1246
1314
1160
1071
883
598
346
199
167
200
299
508
728
918
1112
1001
1057
988
885
1022
1184
1152
928
969
848
599
330
179
116
96
110
195
578
786
956
1158
926
792
908
853
961
813
749
1067
1337
1310
1168
1098
857
604
389
214
116
60
85
183
557
844
1088
1223
951
904
1024
954
941
834
840
1074
1265
1461
1279
1180
1056
604
433
253
178
97
101
177
567
909
1047
1267
955
970
1021
991
990
887
833
1097
1376
1478
1342
1098
930
640
417
220
142
89
104
168
548
879
1199
1292
972
975
1005
990
994
961
912
1064
1309
1652
1466
1264
1023
1045
814
443
231
138
126
203
554
775
965
1070
1002
970
1034
1040
997
926
830
1144
1499
1612
1558
1457
1339
1191
1024
740
525
406
262
195
169
238
434
625
810
1050
1164
1139
1133
1080
886
806
1183
1445
1434
1302
1360
1194
1128
1024
886
572
286
237
172
279
395
592
824
987
1045
1001
940
896
899
1089
1067
936
896
780
626
362
230
118
73
122
169
617
817
896
1174
924
823
892
820
858
799
800
978
1265
1175
1055
1076
677
465
310
206
125
84
76
169
592
725
956
1195
1122
1070
975
1030
1083
968
762
1069
1374
1271
1145
1165
930
618
422
216
132
88
98
163
634
785
943
1190
1071
962
989
871
980
868
688
985
1384
1462
1328
1334
1030
1009
668
316
175
132
130
212
652
860
946
1285
1209
1022
1229
951
1120
873
692
859
1166
1454
1518
1302
994
1029
927
491
312
152
137
180
618
835
981
1307
1086
1029
1060
922
1016
919
760
924
1290
1436
1510
1513
1418
1266
1220
948
660
430
305
197
211
249
460
731
873
998
1304
1254
1232
1064
737
1028
1380
1412
1316
1336
1281
1276
1206
1109
757
477
314
219
241
208
340
530
660
866
1093
1064
1141
961
898
1034
1120
1076
962
919
740
677
380
219
164
97
113
214
592
793
994
1205
1014
790
931
860
942
835
814
1102
1459
1340
1092
879
728
480
367
196
92
66
77
176
562
823
1067
1229
1058
1000
1086
816
932
890
837
1064
1307
1422
1229
1199
896
623
369
245
141
87
95
181
535
876
1128
1322
1028
988
971
939
954
957
842
999
1451
1503
1337
1344
1055
760
479
280
184
99
116
217
513
880
1187
1317
1027
946
1071
967
950
852
735
884
1251
1414
1441
1406
1092
956
871
534
295
154
165
191
493
820
1067
1208
1025
960
1038
1061
1053
962
870
1227
1558
1692
1641
1436
1269
1165
1218
998
707
475
315
217
192
227
377
611
836
1094
1242
1135
1219
1049
949
1066
1367
1546
1517
1499
1358
1172
1141
1025
754
551
416
202
152
168
305
408
631
879
1007
1051
1017
980
954
1044
1157
1086
1105
1044
825
617
479
251
156
66
114
171
487
754
1061
1148
889
798
860
882
945
883
882
1078
1206
1099
932
863
764
671
391
195
113
73
80
174
448
795
989
1202
901
864
860
828
925
837
816
1031
1366
1593
1337
1267
977
706
491
244
135
100
93
175
486
767
1085
1262
975
968
902
933
948
882
834
992
1359
1514
1350
1189
1158
848
560
296
144
114
128
181
483
801
1133
1206
971
1043
1003
973
1047
862
759
821
1263
1561
1514
1346
1122
1017
989
575
376
218
177
188
273
441
826
1088
964
1036
1014
1060
1061
930
834
1010
1348
1622
1426
1239
1281
1196
1125
778
583
369
266
178
142
187
336
547
716
1006
1041
1071
1041
999
842
829
1128
1268
1187
1091
1065
1101
1074
1092
658
459
325
198
150
155
236
419
692
829
913
937
946
796
932
900
1119
1137
1177
1019
1112
576
623
317
122
72
124
165
458
747
1049
1175
813
860
775
899
891
766
859
1017
1253
1238
1216
1125
933
476
422
248
117
67
96
161
496
865
1110
1242
975
1027
982
954
1016
897
868
1017
1430
1525
1396
1188
970
778
504
232
174
88
108
157
518
924
1248
1282
966
1005
995
986
980
946
818
914
1300
1599
1418
1188
1042
845
502
262
162
104
96
163
480
1005
1195
1273
1036
1042
976
1014
959
866
762
933
1130
1460
1486
1296
1054
1000
737
465
240
143
159
181
472
926
1085
1248
991
987
1030
959
1006
903
762
953
1307
1514
1561
1361
1341
1096
1010
844
572
371
269
168
196
324
502
639
785
878
998
1017
902
802
637
680
899
1032
1136
1168
1202
1097
990
974
781
531
308
169
176
179
293
441
751
937
1097
1037
1072
1024
793
705
898
1121
991
742
755
731
544
276
115
95
93
188
486
926
1067
1047
808
829
845
731
838
786
766
956
1147
1206
1151
919
962
853
622
232
164
78
91
151
526
966
1110
1106
936
870
898
885
915
901
752
927
1346
1389
1306
1119
1040
667
423
262
134
95
104
150
492
961
1068
1174
1007
858
960
893
871
868
761
969
1240
1225
1152
1054
1042
848
451
246
154
84
105
172
530
989
1072
1185
1031
950
893
919
999
940
762
931
1229
1494
1440
1205
1117
992
766
446
245
144
176
167
523
947
1074
1264
1269
1113
1090
954
1020
998
799
1013
1299
1616
1510
1268
1231
1132
1116
766
525
324
238
191
135
322
436
670
891
993
1183
1159
1058
1172
876
884
1306
1405
1312
1216
1237
1207
1105
1006
906
598
364
172
157
267
403
554
750
842
1059
975
922
992
799
821
1114
1126
1006
892
791
739
410
215
137
86
105
138
525
940
1086
1148
1071
897
912
800
830
925
768
955
1253
1288
1114
969
938
709
399
187
131
81
99
145
531
985
1220
1135
1015
918
961
825
911
960
745
956
1299
1457
1253
1148
1037
879
530
249
163
109
101
168
559
1012
1243
1265
1054
878
945
910
889
954
762
937
1156
1401
1185
1143
1028
810
517
274
184
103
109
193
583
1011
1182
1224
1059
1001
1062
938
1033
938
733
822
1225
1653
1499
1291
1087
967
808
462
277
163
144
183
568
944
1079
1228
1033
981
1049
903
982
966
814
951
1343
1596
1575
1355
1295
1025
1049
879
571
389
259
148
201
254
430
747
884
1077
1164
1139
1075
1068
912
1038
1480
1614
1463
1346
1385
1105
1087
983
868
509
300
205
190
241
317
481
690
997
999
977
1043
1017
913
882
1282
1146
1117
940
911
804
430
297
185
115
104
175
590
934
1055
1198
958
978
861
859
931
951
849
980
1338
1259
1236
1049
903
653
396
219
117
64
82
152
607
1033
1092
1296
1056
980
981
886
1045
1004
859
1014
1391
1413
1382
1099
906
987
587
281
161
99
107
157
625
991
1109
1282
987
965
978
836
1018
881
747
943
1328
1413
1394
1206
1032
921
541
284
171
121
122
194
623
1036
1062
1247
969
990
992
906
1024
872
703
833
1194
1498
1353
1196
1074
1063
901
549
285
155
149
199
541
918
985
1164
903
930
946
897
1006
964
743
851
1411
1513
1499
1311
1134
1108
941
838
641
381
254
169
223
267
425
698
828
948
988
1064
1089
972
764
705
1038
1232
1297
1237
1185
1096
913
1018
788
488
318
208
150
200
328
486
735
937
902
941
1037
1020
818
781
1126
1031
1061
979
822
627
441
241
164
79
98
188
570
1001
961
1311
962
968
871
907
928
899
810
1023
1410
1218
1129
1026
717
464
321
187
131
95
90
138
591
1029
1043
1238
906
883
899
833
952
903
767
964
1251
1345
1275
1201
943
715
