667
561
546
649
576
407
275
212
199
250
313
369
302
333
325
276
253
301
287
199
177
165
176
172
108
69
46
47
42
50
134
254
350
373
237
259
220
225
248
230
209
240
283
266
200
179
181
165
119
64
62
49
40
49
124
256
404
399
283
273
248
234
237
216
176
266
302
304
274
279
262
232
163
103
97
67
62
40
119
252
427
415
295
254
247
237
271
251
272
347
386
425
335
329
375
386
358
309
279
239
221
75
71
97
151
221
276
278
313
323
285
315
287
335
349
371
287
290
362
413
373
414
365
349
277
124
99
105
214
236
317
319
309
339
349
307
310
328
435
261
193
178
146
129
101
69
63
45
46
56
132
281
446
437
290
286
321
343
346
288
253
302
453
297
237
217
195
164
105
69
60
43
41
49
152
303
446
444
323
317
347
366
350
311
277
327
310
339
311
289
240
184
109
73
72
61
44
47
139
310
460
506
413
335
252
209
242
202
172
210
303
283
269
262
223
213
151
94
68
54
60
48
129
264
383
352
284
238
227
221
233
169
163
242
323
347
313
301
341
289
211
153
106
99
66
64
146
289
385
372
285
249
245
229
227
233
190
280
424
542
439
403
388
446
397
327
383
271
221
130
101
87
161
208
267
286
314
317
287
289
258
295
271
382
340
352
395
491
541
516
481
389
334
147
102
77
111
149
250
298
280
326
281
264
265
241
349
300
216
213
211
174
101
76
62
48
47
49
142
300
449
425
275
224
229
228
233
247
239
275
452
311
273
270
306
211
114
59
49
58
54
59
163
313
426
444
329
273
264
278
230
228
246
330
386
383
369
349
333
219
163
103
108
52
66
73
160
333
351
376
366
257
284
225
238
199
161
211
356
376
329
305
403
265
163
85
84
66
74
51
142
293
376
446
354
312
274
249
240
233
183
273
318
404
399
409
394
333
231
170
149
92
91
85
149
312
457
583
488
441
389
288
283
196
233
292
411
467
411
429
464
458
470
420
359
334
269
146
112
88
150
284
230
282
306
312
288
262
279
294
351
405
336
371
430
485
557
556
538
456
386
153
116
165
232
279
265
291
301
341
325
292
284
348
315
285
243
254
286
298
202
159
146
106
83
86
89
137
242
330
272
310
307
314
300
301
281
291
396
267
196
211
309
175
106
64
50
39
61
67
159
316
467
457
382
300
305
295
299
282
219
370
524
367
310
315
405
257
131
92
74
55
57
60
171
362
476
472
376
318
274
279
290
256
243
335
451
400
403
385
416
260
151
101
82
53
55
55
158
354
379
440
297
241
241
268
258
261
228
306
391
445
428
389
368
303
264
135
116
108
85
63
157
335
456
574
390
326
311
242
270
250
238
306
341
372
430
417
449
487
475
363
371
305
215
127
75
125
196
293
295
386
429
418
446
390
341
364
478
455
423
400
485
536
560
518
507
434
404
218
197
184
238
279
313
396
438
482
404
360
275
337
405
319
244
226
229
133
138
65
60
46
55
58
157
283
477
527
319
292
316
309
293
308
249
301
492
324
299
229
205
158
102
65
54
39
58
55
159
277
436
441
313
318
290
281
306
290
248
313
450
429
341
346
401
342
161
120
78
67
61
80
159
296
407
426
297
276
256
220
246
235
177
206
360
362
295
298
276
205
175
132
89
70
53
59
199
305
336
416
313
252
238
217
245
240
203
323
469
499
467
437
466
389
251
162
133
107
100
75
172
316
426
453
369
316
303
249
259
249
228
333
454
507
493
437
554
601
539
412
423
360
252
137
94
104
243
277
375
397
424
324
359
396
331
349
485
572
453
427
546
598
535
513
443
478
322
129
102
125
198
335
294
354
344
305
266
307
297
431
454
280
232
223
334
350
160
87
79
48
49
63
168
294
377
436
268
198
228
209
223
244
169
257
378
324
286
256
229
149
87
45
47
34
48
48
162
301
447
458
377
267
247
214
240
212
182
252
332
333
329
265
296
235
124
64
64
50
48
54
151
308
414
428
284
257
246
211
234
206
215
252
399
379
344
363
363
272
199
120
84
73
73
63
170
291
373
434
316
281
251
262
254
228
215
270
409
377
421
373
373
335
301
200
145
102
103
65
161
301
406
413
325
259
264
262
259
232
188
204
186
259
230
178
211
181
161
137
117
127
106
50
40
56
96
151
170
229
215
224
236
223
232
267
344
421
397
419
494
579
506
482
475
460
350
174
124
142
207
258
325
370
309
290
264
266
295
320
440
317
243
214
206
161
115
67
48
43
47
62
198
345
578
553
388
355
407
371
421
387
286
330
447
348
284
244
319
216
108
71
66
64
64
60
158
330
457
487
364
409
409
440
437
361
286
342
455
371
385
359
342
274
185
112
76
51
55
55
160
310
426
435
324
245
258
264
250
220
238
306
377
382
331
324
353
295
163
111
82
74
65
68
157
306
386
430
413
376
374
258
255
202
233
262
428
494
464
386
457
451
343
332
192
150
126
74
138
326
468
454
373
335
270
277
254
233
198
248
358
407
401
389
449
529
576
449
446
392
284
141
130
109
168
276
261
282
333
303
315
325
277
336
366
450
361
415
432
526
639
718
573
436
366
185
143
172
244
295
285
324
346
337
344
303
288
343
356
346
380
363
435
384
242
192
178
162
169
160
170
156
261
371
389
306
285
268
297
265
238
252
264
270
213
216
159
130
97
64
49
49
60
56
153
272
405
397
263
242
263
277
282
228
206
278
406
318
300
273
352
235
137
118
92
59
57
56
121
313
405
463
293
277
266
260
293
238
229
264
402
428
382
406
433
290
177
101
77
61
61
52
159
289
416
429
332
288
284
227
278
228
210
317
419
446
499
486
531
566
349
223
147
120
83
83
154
320
412
399
310
298
283
252
276
273
278
331
428
485
442
406
482
627
527
474
433
452
314
137
80
128
159
294
433
462
478
406
372
414
348
376
400
473
394
426
500
515
574
537
626
664
416
175
119
112
254
288
346
331
359
367
360
312
286
315
449
367
219
192
190
195
301
82
51
51
40
58
146
323
466
405
302
282
291
326
315
287
247
315
515
341
275
297
207
170
114
82
57
55
33
53
151
272
510
553
380
389
354
362
359
293
245
337
429
352
414
326
404
336
244
115
98
74
58
62
176
361
348
421
336
270
250
214
239
205
182
214
349
357
306
314
269
225
176
111
83
79
68
47
166
303
407
422
312
270
219
244
263
213
209
248
374
439
392
415
386
367
287
164
127
113
91
68
153
325
407
387
329
261
235
246
246
238
216
313
412
486
492
462
456
525
506
524
485
508
335
152
76
108
180
218
286
292
310
323
308
273
297
357
429
503
442
455
543
643
653
563
585
541
426
246
162
138
184
269
324
343
354
335
290
251
217
288
317
293
198
259
206
160
123
86
46
49
37
67
186
332
453
466
381
282
277
224
253
232
247
294
391
346
305
247
225
153
106
79
52
30
59
51
142
335
399
392
306
271
230
253
285
254
226
320
410
369
433
373
314
258
162
123
68
61
83
67
137
375
455
525
371
311
268
361
436
414
435
529
719
690
817
352
339
244
172
136
91
67
63
54
164
328
402
430
337
282
322
371
431
433
381
444
515
578
482
395
348
324
243
203
177
135
104
74
174
324
341
396
353
306
326
379
409
401
406
463
532
573
437
397
450
473
465
385
342
326
241
140
119
130
183
263
322
358
468
508
604
645
558
573
556
582
453
418
473
596
561
548
618
542
270
179
158
248
273
312
318
347
443
524
561
503
465
463
453
326
305
248
178
153
73
75
99
74
55
129
313
414
439
335
234
270
239
239
205
210
237
280
280
267
200
204
146
129
88
62
41
56
48
134
331
401
471
336
313
289
290
283
265
183
233
307
340
289
285
379
363
202
126
86
71
58
50
143
316
381
452
424
342
297
229
247
205
195
258
363
375
372
427
414
465
222
131
84
75
68
71
165
328
340
425
349
305
283
260
243
213
202
262
355
449
465
525
549
547
365
223
141
102
101
68
145
311
498
520
360
250
299
284
290
206
221
279
397
453
443
430
468
531
547
485
373
419
311
177
110
161
258
363
326
407
452
519
564
477
369
520
556
518
438
378
497
560
614
580
573
491
385
157
144
98
206
224
332
344
378
454
410
349
328
332
335
281
276
307
257
188
170
83
77
45
51
76
173
328
396
416
296
244
251
243
232
216
187
283
384
343
341
310
214
184
135
58
79
37
40
43
161
320
401
405
355
288
265
239
232
202
193
219
333
338
293
348
317
209
197
124
83
71
67
61
150
333
433
436
304
279
249
256
292
262
238
248
391
427
392
325
366
289
196
135
101
73
69
70
166
309
412
472
337
332
401
396
391
374
285
305
419
557
476
421
501
402
308
292
223
173
148
65
168
301
428
523
449
365
392
410
454
455
359
407
499
654
483
496
534
588
527
490
412
363
249
121
69
103
280
238
369
440
553
594
500
509
448
444
522
619
441
470
547
613
594
548
585
582
475
209
103
129
217
268
335
355
390
464
459
458
402
410
412
308
271
272
307
216
157
98
61
70
81
63
156
299
438
391
279
248
232
252
268
265
248
265
350
347
258
212
174
149
112
73
57
58
33
52
138
293
384
396
265
240
258
241
245
259
206
265
333
343
313
308
363
383
198
121
81
72
60
52
137
282
423
366
299
258
277
255
277
229
225
255
366
389
369
396
360
328
230
143
99
80
66
61
141
299
418
417
304
283
253
293
291
250
209
285
366
418
391
416
491
515
410
305
264
217
142
73
104
193
320
383
314
254
313
319
332
282
238
275
348
437
420
368
554
445
486
481
481
353
289
145
143
133
175
309
406
335
326
340
340
348
274
325
359
354
391
418
461
443
455
557
575
544
424
299
144
183
275
309
449
409
368
343
319
251
251
332
277
274
301
232
207
125
151
60
33
30
37
59
151
244
361
374
241
231
258
244
252
244
236
274
355
302
299
265
266
159
126
68
49
52
39
51
148
280
415
405
286
249
271
233
284
260
238
255
366
344
355
438
572
428
200
131
81
74
63
62
150
303
405
420
304
297
256
250
276
227
222
246
306
362
351
355
450
282
231
144
94
75
71
72
146
298
404
396
316
256
283
277
285
243
204
252
371
416
440
406
565
484
286
250
160
142
105
76
171
311
417
443
318
286
288
267
276
233
207
268
416
425
478
526
585
655
540
423
397
340
260
136
105
154
231
240
343
407
473
409
407
320
282
342
294
296
359
419
534
573
653
551
594
501
364
241
159
135
223
234
335
380
422
400
379
324
259
313
238
233
240
184
196
163
125
94
55
45
57
65
154
320
384
436
323
242
231
199
184
206
196
241
316
319
299
274
301
355
170
84
56
51
37
69
137
309
419
470
369
279
240
250
252
235
205
249
343
378
344
319
292
270
174
124
94
71
58
53
143
295
383
413
284
239
251
240
242
195
209
208
377
508
364
289
382
343
178
113
87
50
52
66
158
298
369
434
284
251
262
238
259
214
209
237
367
356
372
375
376
311
252
174
146
90
95
75
161
327
419
414
360
321
210
209
249
263
248
264
348
379
380
371
436
476
500
480
434
320
257
138
71
133
171
255
284
321
330
324
303
311
257
330
393
399
407
416
557
682
739
597
596
545
465
243
145
170
178
250
410
414
343
372
327
312
259
301
326
273
276
262
221
174
118
79
55
38
47
55
178
330
445
401
286
249
231
240
259
225
232
252
359
300
315
280
225
181
130
87
75
67
40
49
158
294
477
470
369
262
219
260
237
256
215
217
323
324
333
329
320
246
191
133
112
120
88
56
180
329
420
395
313
254
236
251
227
206
225
241
311
384
372
360
400
275
191
116
82
81
80
71
163
292
419
495
400
323
276
255
253
245
220
277
367
406
394
476
529
518
440
303
250
196
132
86
179
280
377
374
295
247
266
277
260
232
200
269
349
388
385
398
471
539
563
514
528
443
284
166
139
177
214
311
358
332
374
347
349
333
297
372
404
442
396
469
573
627
714
668
610
552
460
266
121
164
207
262
341
353
371
333
310
295
245
299
332
311
272
331
302
203
170
83
48
35
45
66
172
295
364
348
260
263
264
238
237
245
239
247
356
281
308
272
252
140
131
74
49
42
44
50
161
311
464
508
440
360
274
261
269
241
215
291
376
370
344
366
352
310
198
124
60
68
72
43
177
293
402
385
277
262
249
238
256
245
207
253
298
356
369
402
447
324
213
122
88
72
68
78
178
322
431
430
315
357
353
338
379
306
286
342
396
401
352
447
529
431
326
225
183
127
91
59
153
330
362
419
287
275
258
261
266
237
218
232
331
417
448
442
492
548
570
483
461
404
341
176
113
113
165
358
350
343
343
343
326
336
273
338
317
373
371
433
455
525
591
523
555
503
415
229
149
111
156
209
245
293
325
331
296
305
275
274
326
302
254
229
199
216
106
74
63
43
42
65
159
326
390
485
334
302
246
253
240
237
200
250
325
259
304
223
209
150
128
78
40
34
38
53
155
323
386
379
294
271
242
239
235
237
203
269
339
317
349
451
400
333
