300
330
328
427
347
175
115
69
46
62
87
99
165
204
219
216
182
192
234
234
272
256
194
131
77
49
41
17
16
24
61
64
93
118
123
92
118
135
140
136
153
130
149
194
211
219
206
164
97
98
69
44
21
24
47
57
92
138
106
94
131
127
126
131
121
143
170
192
206
224
200
207
158
118
89
48
34
22
50
61
102
121
115
99
102
125
126
109
94
150
177
249
257
303
343
360
426
437
347
281
146
37
52
39
44
81
79
109
157
157
188
182
170
231
264
294
293
319
309
360
479
556
575
324
191
50
31
31
43
58
80
105
121
152
148
150
158
155
181
204
186
200
139
96
74
56
51
23
15
31
51
66
118
115
100
86
97
99
118
94
85
91
127
157
152
142
174
131
99
72
56
33
29
24
42
82
116
119
100
84
117
108
106
89
80
109
127
166
172
188
228
175
141
82
53
32
39
25
43
88
138
131
105
81
100
109
128
75
79
96
116
147
177
247
252
319
248
176
124
52
35
16
47
81
113
124
114
96
71
105
111
99
72
98
150
213
192
246
305
325
278
215
149
96
68
29
59
81
128
134
93
94
104
115
113
91
91
139
191
306
352
362
296
398
456
535
458
317
184
55
35
21
71
93
123
138
170
179
195
170
163
157
182
270
252
302
359
421
519
598
739
555
222
78
45
43
46
69
124
123
163
171
176
160
127
155
178
176
200
182
166
162
108
73
50
35
20
29
53
73
107
115
96
78
89
109
93
82
75
106
137
140
176
185
269
170
117
97
87
30
23
19
53
86
119
132
99
103
104
105
111
109
81
110
170
194
210
210
237
207
165
152
82
46
25
30
48
98
125
157
115
93
101
113
111
94
73
95
117
161
178
215
229
207
162
125
119
50
25
28
61
86
135
142
95
85
90
108
109
103
91
100
134
183
222
294
316
347
265
246
186
110
61
43
44
85
144
138
110
89
86
94
113
113
94
113
168
216
276
302
360
421
471
456
452
314
184
54
61
37
50
78
125
149
150
198
195
198
142
192
242
287
302
309
344
402
514
608
650
479
262
89
49
38
46
53
119
123
163
181
195
185
143
179
229
239
239
254
230
226
199
180
143
85
61
24
29
41
49
76
103
89
133
129
118
119
123
150
170
176
168
203
159
124
97
73
70
21
20
28
51
89
108
151
109
101
101
114
112
105
89
112
146
189
243
228
230
212
129
115
77
44
33
16
48
87
146
155
123
97
92
105
128
86
90
114
167
186
244
245
245
205
171
139
84
44
31
37
59
95
116
138
121
95
119
113
98
95
99
134
189
220
295
289
308
364
296
198
195
97
61
31
71
88
153
134
130
107
123
120
129
119
107
127
164
239
303
318
370
398
509
548
460
365
189
53
55
30
52
99
120
143
190
187
203
204
183
241
265
330
402
391
418
513
645
784
782
585
256
72
66
51
41
66
102
143
173
196
195
173
167
185
222
207
229
227
176
154
103
53
60
38
18
28
52
74
108
128
102
93
101
98
119
107
68
82
115
135
164
167
152
135
90
78
59
29
13
17
53
84
111
117
114
100
85
89
82
79
71
87
152
170
182
185
213
220
136
118
84
53
27
37
64
82
157
125
116
79
110
109
110
66
72
90
128
171
203
217
197
214
196
167
102
79
41
30
60
98
126
124
106
80
102
101
120
74
78
112
162
197
259
349
355
345
346
320
171
103
66
33
62
97
134
151
123
114
112
124
134
114
136
152
215
261
318
385
441
468
585
586
546
368
197
69
53
53
57
93
119
136
208
223
213
218
185
213
291
332
293
362
458
507
573
679
689
493
294
58
41
38
41
63
115
145
177
205
198
203
161
211
273
181
168
173
176
210
130
86
63
26
18
36
70
84
131
159
112
84
102
128
115
98
83
94
144
150
180
165
177
103
84
84
53
19
14
25
66
98
134
127
116
84
109
109
103
75
81
101
155
181
217
216
224
214
171
92
44
42
19
17
56
104
156
139
104
109
113
115
111
110
88
103
139
225
273
342
354
296
254
182
112
90
39
30
54
105
127
173
139
92
110
107
131
102
77
104
145
197
280
360
328
374
401
331
254
142
78
61
64
100
126
113
141
126
142
163
123
81
71
80
122
159
141
151
158
160
158
130
107
81
66
30
14
23
29
39
60
97
134
170
179
169
178
221
277
336
331
379
476
550
698
791
770
614
358
79
41
39
60
99
84
177
209
211
191
229
192
243
254
296
282
296
286
195
191
198
157
81
50
33
55
80
127
155
111
107
104
127
113
104
80
91
124
143
173
218
191
165
102
93
61
43
22
19
59
69
118
135
109
98
110
109
108
105
94
119
158
195
231
281
294
320
257
194
155
78
44
44
65
80
131
143
121
97
108
84
91
93
81
108
156
170
256
270
321
336
267
215
234
128
95
41
71
82
129
139
111
101
96
107
124
93
77
120
192
283
298
366
380
387
359
304
226
124
76
56
72
108
118
143
129
104
113
141
148
126
100
147
199
250
297
368
446
496
563
570
538
333
209
89
49
52
70
94
120
134
157
197
154
187
148
218
262
316
333
388
449
441
535
609
654
465
269
83
73
46
42
72
131
172
219
242
211
239
215
202
265
313
338
328
312
292
212
212
162
76
55
24
46
55
56
87
96
127
157
158
153
166
184
159
217
210
252
212
179
167
102
70
73
26
16
29
50
66
119
124
115
91
117
139
117
99
84
99
129
174
173
248
177
203
118
87
57
40
14
40
67
71
140
152
127
83
113
124
121
109
75
111
143
207
253
281
245
240
182
162
116
61
47
31
55
77
120
155
114
115
117
131
114
102
101
138
180
224
274
426
357
377
353
387
338
171
75
40
75
91
126
159
130
94
124
130
126
119
93
128
188
247
307
383
385
496
604
571
565
368
199
65
63
35
79
106
149
171
217
213
275
237
205
256
322
363
338
336
480
481
593
699
758
476
242
94
65
50
85
88
129
139
143
183
208
202
198
236
279
256
206
178
212
145
149
119
55
39
18
37
77
69
141
124
111
100
109
121
118
99
81
106
153
183
181
190
234
150
99
66
55
32
19
27
47
76
137
130
119
98
104
89
114
100
70
84
131
180
224
257
261
259
156
80
63
24
19
24
63
103
147
167
127
107
98
109
114
88
67
100
134
180
205
218
227
254
248
170
137
73
48
31
61
93
139
139
110
103
104
107
110
98
78
103
141
225
256
294
332
325
302
250
187
124
84
33
74
94
131
153
120
121
126
130
134
103
79
119
187
284
324
323
408
446
595
745
646
394
233
70
78
76
77
98
98
157
200
235
227
224
203
225
298
342
370
369
430
576
633
759
736
523
246
63
55
44
57
66
119
147
180
230
213
218
192
174
231
284
279
255
231
174
133
100
69
27
16
26
70
76
134
138
107
83
97
126
115
108
78
106
139
175
194
186
182
149
119
89
76
18
12
30
66
82
124
135
113
97
105
118
108
93
97
95
164
163
202
232
214
229
174
105
49
34
24
32
51
82
119
147
113
112
106
110
114
94
86
95
140
200
218
240
300
222
231
151
104
65
37
20
58
85
142
150
114
104
124
127
115
88
94
133
164
224
266
298
390
430
430
323
181
112
62
43
58
111
118
138
109
118
110
133
135
108
93
107
174
289
314
334
447
477
573
613
441
374
241
95
62
43
62
108
120
162
178
185
200
210
181
223
279
329
367
370
449
436
582
776
995
723
252
77
42
66
55
92
177
169
204
203
197
193
206
211
247
270
263
217
199
164
114
72
41
24
33
69
79
133
128
111
103
111
121
98
113
99
108
149
169
220
204
229
182
134
68
56
23
27
21
61
88
122
156
128
118
108
138
126
84
56
115
145
161
173
218
216
162
146
92
78
39
27
26
50
106
143
171
112
124
116
122
130
104
76
133
158
159
255
269
281
249
178
126
99
70
30
31
48
96
156
169
145
122
105
128
123
92
72
156
173
223
307
399
406
440
349
278
216
161
71
40
69
99
141
146
132
113
131
135
132
112
99
155
188
257
328
374
402
528
572
620
569
347
213
87
44
61
60
106
121
139
163
204
248
236
178
243
250
297
294
337
409
424
475
502
576
398
237
81
59
51
52
89
199
207
207
206
230
183
183
226
222
272
283
260
208
169
117
102
62
40
19
20
68
74
125
138
131
103
117
121
122
112
84
137
149
203
218
213
161
128
100
70
37
21
19
24
53
77
117
165
121
109
105
113
102
105
75
96
128
184
221
247
223
188
167
113
83
65
34
36
65
102
121
161
117
107
122
127
131
95
84
107
158
169
252
264
264
265
213
128
102
56
29
28
55
81
151
172
133
109
111
119
118
98
69
85
145
195
265
318
342
316
267
268
152
91
77
62
65
98
126
155
118
104
123
112
130
125
107
130
203
248
303
331
392
459
596
593
508
382
224
84
50
56
69
109
138
174
201
212
211
196
198
222
258
315
345
387
418
475
556
651
752
458
321
65
61
43
39
75
103
160
175
199
212
172
161
181
225
235
260
231
228
147
114
91
50
31
17
35
63
80
100
130
87
103
92
118
143
121
83
102
122
156
212
196
158
142
118
69
38
30
17
29
61
67
101
128
93
117
102
113
120
116
87
105
153
212
218
292
268
213
169
106
78
45
41
33
55
78
116
127
120
105
116
105
101
125
93
126
159
207
254
323
272
300
262
189
145
62
51
32
54
91
119
169
108
105
122
111
159
109
102
117
156
228
273
301
355
399
382
324
286
205
111
46
61
58
104
98
134
126
139
152
130
138
124
152
221
299
353
325
401
459
501
533
569
465
259
110
69
46
65
97
140
149
195
201
205
213
171
223
248
280
326
320
353
381
444
431
478
357
238
76
62
42
41
73
124
164
164
179
200
174
153
198
221
232
270
250
232
136
125
86
82
20
19
28
67
82
102
135
126
94
99
104
126
124
104
138
143
177
206
208
247
190
139
87
47
27
26
23
52
83
116
126
107
88
108
138
136
114
89
107
162
173
233
241
234
187
165
108
107
68
48
36
51
71
119
152
114
109
123
137
117
110
78
88
183
213
246
312
367
269
195
168
82
68
32
37
73
97
141
138
122
105
110
132
111
105
81
130
159
212
273
296
338
344
311
258
193
141
87
31
80
74
142
142
126
85
111
119
132
105
97
119
203
259
398
400
502
558
651
678
669
388
235
81
62
56
67
111
118
150
181
209
220
175
154
194
224
302
267
314
365
441
531
696
715
546
287
89
63
54
59
94
114
159
169
207
192
175
130
164
190
197
214
204
207
158
101
78
59
36
18
27
47
70
117
125
115
95
105
106
108
87
74
98
109
149
148
212
155
165
129
87
47
32
19
25
55
77
120
133
102
91
100
110
95
72
69
92
137
169
179
227
233
220
166
150
82
46
41
36
59
69
139
147
117
100
109
118
130
93
75
97
136
283
249
218
290
270
221
125
100
52
29
32
57
99
131
156
105
103
112
114
110
91
85
114
162
208
235
295
349
408
332
258
184
103
68
42
64
80
153
183
142
118
113
103
125
97
93
127
192
235
314
335
348
467
610
616
532
358
189
74
52
54
73
103
116
167
198
220
217
203
156
209
282
314
361
332
410
450
599
707
758
439
231
84
41
39
48
88
100
167
202
208
192
193
165
181
201
216
243
246
241
150
86
79
59
32
26
28
55
70
119
138
125
95
104
111
133
101
88
103
147
175
227
221
215
188
122
75
46
29
25
16
48
81
129
135
110
102
110
114
111
86
95
101
138
158
218
223
213
193
169
101
61
22
30
32
64
85
120
155
95
82
113
129
95
110
85
115
140
187
268
273
287
264
238
179
109
64
36
28
60
91
134
151
106
105
101
109
113
98
89
114
159
185
214
342
304
349
279
189
127
110
81
36
76
81
142
156
141
85
102
121
116
78
87
127
191
249
282
320
452
505
555
595
590
408
190
79
50
52
82
116
126
170
208
198
194
213
168
205
242
297
337
389
451
507
678
774
722
543
278
82
52
46
81
95
135
153
184
163
182
169
170
185
186
232
258
227
226
182
121
88
41
35
27
28
59
68
104
153
90
91
112
116
127
102
90
95
131
157
222
184
193
128
103
83
45
32
18
38
49
92
126
141
107
87
83
107
106
98
76
112
136
181
225
265
265
206
151
130
64
50
37
32
54
86
161
139
109
106
97
99
98
88
76
105
153
161
225
273
272
267
240
159
113
92
48
30
79
88
162
140
105
114
117
92
101
98
79
114
145
207
266
290
358
341
354
272
190
115
51
35
66
95
125
159
133
95
88
114
108
118
67
125
174
219
287
332
428
515
583
560
581
394
227
77
56
65
92
133
136
188
217
203
201
196
140
201
208
293
296
359
375
454
505
750
767
521
258
62
51
51
58
93
127
154
196
171
195
153
152
171
212
202
228
205
210
143
139
83
44
38
30
34
70
83
117
153
109
89
108
104
121
94
80
98
138
147
163
172
222
169
135
111
63
36
21
27
66
71
136
140
112
95
107
103
107
116
86
112
120
169
245
250
308
325
