1407
1247
1179
1295
985
541
444
359
291
260
374
540
732
747
722
667
621
704
749
678
611
592
540
420
265
180
107
102
110
137
323
605
813
758
570
496
581
564
573
549
493
614
775
843
751
737
693
531
357
278
167
70
87
121
295
660
843
851
621
502
631
636
600
628
519
716
933
978
932
1010
982
822
511
341
185
123
170
110
328
747
936
961
653
615
622
668
664
674
566
749
1010
1321
1359
1222
1290
1573
1416
1204
950
632
336
145
136
197
317
475
579
749
773
780
734
787
761
901
1004
1318
1248
1275
1524
1867
1746
1511
1224
818
488
191
115
178
262
341
503
709
800
726
722
658
739
738
811
863
726
599
531
503
277
185
112
66
79
149
423
784
819
822
516
472
463
528
576
561
501
604
794
842
824
750
827
793
400
232
177
104
86
137
374
730
903
880
619
581
569
587
606
637
518
660
878
904
936
912
874
644
410
240
147
109
88
150
383
743
994
850
660
532
579
596
639
586
499
673
912
960
1020
1041
987
754
525
306
177
95
75
137
373
803
933
889
709
536
592
603
670
679
538
722
1061
1101
1185
1202
1227
1039
759
477
291
177
155
162
420
757
904
917
706
622
676
680
745
711
583
906
1373
1684
1559
1559
1511
1681
1531
1345
1071
669
402
159
133
245
334
531
695
755
852
863
848
817
923
922
1215
1377
1537
1501
1698
1912
1840
1886
1660
1073
566
209
155
240
307
393
528
846
895
826
777
755
811
805
901
859
934
730
666
623
361
189
117
72
76
163
454
766
737
848
555
538
517
537
557
575
516
643
780
804
864
940
885
775
496
265
135
70
76
139
390
773
852
839
683
645
602
623
695
663
605
891
1210
1242
1129
1151
1237
954
564
323
195
110
96
164
467
803
707
756
766
663
675
640
753
612
595
800
952
1175
1119
1128
1245
947
620
362
181
113
126
158
429
778
911
923
686
615
642
624
683
713
541
754
1071
1226
1293
1260
1396
1316
922
550
359
200
161
168
433
825
958
897
837
715
719
754
738
742
623
912
1216
1433
1520
1398
1473
1758
1681
1426
1181
785
450
239
269
289
396
574
646
800
819
899
847
763
765
877
1058
1335
1364
1245
1481
1789
1835
1692
1534
1090
585
267
138
185
257
403
529
696
770
792
835
890
754
814
1269
1058
1140
1162
1376
1119
866
622
353
201
133
100
194
289
608
610
515
580
635
699
728
678
566
670
802
793
711
638
628
455
341
165
129
93
85
174
428
805
981
868
716
626
603
662
743
727
629
833
1092
1132
1111
1086
959
703
478
242
124
95
65
130
441
909
958
996
898
644
727
707
773
753
607
834
1131
1340
1236
1150
1102
836
501
313
184
102
91
153
462
862
801
791
733
661
635
651
682
716
614
950
1293
1405
1418
1476
1426
1219
937
507
315
179
159
164
460
836
913
914
837
715
701
779
841
796
634
901
1248
1442
1501
1441
1569
1812
1641
1514
1247
797
441
170
171
295
469
636
761
908
1048
1027
892
951
816
1016
1384
1711
1783
1610
1934
1891
1734
1840
1726
1065
620
222
174
233
311
482
612
888
986
934
875
787
730
755
1000
882
837
764
730
465
280
185
125
76
94
159
455
785
776
778
774
600
590
604
702
749
500
685
913
925
905
792
756
536
361
222
137
84
76
129
407
804
864
852
719
586
618
609
695
641
495
752
1165
1148
1091
1023
1048
931
548
270
160
100
93
132
452
851
842
897
784
619
613
634
699
687
545
730
980
1124
1103
1074
1098
879
622
314
194
126
109
157
459
870
914
869
757
659
665
722
635
695
589
858
1216
1472
1426
1578
1556
1369
1123
625
422
208
182
180
433
863
909
859
886
825
762
847
855
803
643
966
1398
1785
1671
1614
1757
1877
1866
1586
1323
828
477
193
159
268
463
659
837
974
1048
1148
1061
1023
936
1103
1412
1782
1682
1552
1829
1885
1806
1726
1617
1154
598
250
165
216
291
474
619
931
971
902
866
862
938
1275
1345
747
856
845
971
1167
588
292
212
142
104
164
461
810
812
902
707
577
572
637
664
675
582
746
938
998
907
882
749
490
353
187
119
80
91
135
408
805
912
925
774
603
579
641
705
679
608
791
1022
1071
1042
1068
1079
860
528
261
124
64
77
160
428
861
830
861
780
669
673
699
672
734
622
798
1156
1177
1272
1378
1274
871
632
324
169
93
103
142
426
856
850
865
803
659
707
752
751
671
588
850
1196
1408
1400
1391
1448
1284
971
528
288
232
208
196
432
741
778
876
796
682
781
750
742
675
577
645
765
876
871
787
848
745
519
462
389
295
192
107
97
128
200
317
459
520
699
736
753
739
778
857
1125
1416
1536
1449
1661
1687
1574
1809
1416
963
623
285
205
218
284
476
677
808
983
948
798
761
731
775
901
963
797
699
629
530
315
147
106
79
99
180
491
690
551
583
717
628
619
614
637
659
534
755
910
993
896
838
771
594
457
295
137
102
85
142
446
786
730
754
768
596
672
612
724
685
553
754
1122
1150
1179
1180
1335
1022
639
315
202
102
100
143
442
770
796
837
767
671
684
667
753
661
580
837
1133
1235
1276
1200
1292
1327
855
420
223
130
125
162
461
863
845
916
813
709
650
688
711
658
557
858
1283
1533
1633
1450
1433
1473
1030
669
402
239
209
222
456
801
872
927
779
662
705
711
721
695
591
778
1166
1385
1399
1350
1509
1635
1663
1559
1301
900
555
247
178
264
421
581
672
732
922
850
817
787
736
935
1123
1453
1386
1433
1544
1841
1849
1707
1435
1075
669
308
184
171
250
404
605
812
853
905
891
827
757
918
1081
1121
1132
1066
1134
1012
768
496
398
211
156
97
206
301
466
504
554
611
691
743
752
753
615
754
894
889
784
726
638
513
342
203
110
78
67
132
386
733
876
908
653
581
624
705
682
633
574
739
1026
924
971
913
897
679
474
254
126
86
87
137
408
786
923
975
752
641
666
633
743
760
597
827
1113
1182
1291
1329
1196
1074
573
314
179
103
89
147
446
811
889
1014
768
663
692
671
683
682
596
802
1269
1433
1408
1594
1542
1324
962
570
329
186
195
190
390
824
901
892
824
743
708
717
761
733
641
870
1274
1426
1590
1560
1582
1746
1768
1562
1250
782
530
216
193
258
509
682
878
958
1189
1175
1076
909
877
1021
1293
1522
1571
1563
1758
1821
1668
1800
1612
1081
608
230
177
224
366
455
681
796
891
899
809
790
729
848
1020
905
755
646
683
530
744
197
96
96
91
154
428
784
706
774
610
539
569
546
635
611
505
649
831
845
883
822
766
643
339
208
132
94
78
118
437
770
810
861
718
623
621
646
708
690
586
755
1056
1158
1165
1210
1322
930
653
271
173
111
93
162
505
720
699
788
817
664
629
609
665
704
572
791
1015
1187
1156
1151
1081
943
623
303
173
111
124
175
443
829
937
919
765
650
656
665
734
706
588
796
1194
1364
1363
1480
1469
1411
1038
680
464
227
212
203
439
761
939
927
798
737
771
760
802
711
676
942
1300
1578
1659
1517
1740
1806
1833
1697
1288
962
602
306
208
240
417
673
841
921
1021
1025
989
937
865
1089
1278
1662
1625
1559
1672
1837
1728
1866
1463
1010
632
259
194
221
291
500
642
849
1046
989
900
880
740
897
1063
980
905
762
697
538
389
183
132
77
88
157
430
813
843
887
658
602
606
573
625
665
573
707
1005
1037
940
929
752
593
435
239
156
68
78
156
409
807
910
876
703
679
615
611
660
684
561
804
1092
1083
1065
1171
1064
845
542
282
160
112
102
151
417
831
999
923
785
735
699
716
701
718
601
759
1162
1141
1169
1184
1082
948
556
286
155
106
97
166
431
927
953
986
784
644
699
748
731
772
650
979
1222
1366
1464
1433
1368
1344
862
492
309
213
195
202
483
739
662
607
750
842
693
679
709
668
622
856
1202
1392
1394
1335
1518
1720
1782
1422
1278
855
485
209
170
274
414
600
752
897
926
996
906
861
708
950
1202
1561
1528
1468
1609
1740
1636
1919
1870
1219
543
259
236
308
452
537
785
841
902
845
857
682
792
873
929
814
809
663
475
327
158
104
84
105
158
394
771
752
805
716
573
568
575
617
670
545
700
841
881
857
755
687
570
355
221
157
107
86
154
410
772
804
836
814
756
696
734
716
709
556
794
991
927
1014
1036
927
795
488
284
165
112
95
153
418
790
853
953
755
693
706
668
661
646
584
800
1098
1188
1302
1310
1341
1013
669
381
214
103
120
168
444
854
812
878
880
785
784
799
749
723
514
890
1171
1384
1468
1501
1424
1385
1014
603
403
211
242
217
436
743
667
657
847
824
709
721
822
695
564
896
1235
1478
1527
1550
1631
1740
1742
1550
1131
774
517
216
200
277
441
651
799
977
1135
1206
1276
1160
956
1174
1663
1829
1857
1800
1773
1644
1596
1662
1233
809
502
260
310
238
320
550
646
862
1021
1003
929
860
835
929
1020
994
999
835
762
603
367
227
138
86
120
156
428
726
749
846
667
573
612
613
645
641
552
804
1115
1185
1033
985
830
647
402
179
127
108
94
163
388
794
868
903
735
736
655
604
675
646
522
665
918
1048
1032
1091
1066
821
532
288
178
90
115
167
421
820
848
947
752
673
682
618
653
607
556
732
1001
1109
1199
1228
1225
943
635
317
197
111
125
157
424
828
838
890
752
666
664
649
625
616
502
765
1070
1236
1479
1541
1539
1564
1282
637
332
208
200
170
428
854
873
814
755
681
694
684
794
752
643
938
1158
1556
1567
1680
1781
1712
1730
1500
1209
811
534
216
182
282
392
579
684
827
977
969
964
892
825
1042
1206
1479
1602
1515
1699
1662
1513
1622
1422
956
587
227
183
184
260
424
622
773
857
896
863
756
724
800
834
854
835
792
720
557
310
204
120
115
157
197
404
741
885
926
673
648
623
612
786
644
590
759
866
870
767
718
624
510
350
241
140
91
75
133
336
699
950
809
641
584
568
591
611
596
560
706
919
938
943
962
963
785
553
297
182
122
110
130
397
725
918
894
660
616
638
642
648
639
506
685
989
1107
1138
1195
1200
990
703
376
223
112
113
154
379
763
926
912
784
659
706
704
787
618
543
791
1201
1345
1436
1528
1626
1634
1528
893
547
337
277
179
240
451
793
911
814
749
790
668
850
751
665
879
1150
1379
1384
1363
1626
1725
1921
1620
1177
847
555
227
181
249
372
555
711
827
830
905
806
740
731
850
1039
1266
1300
1263
1315
1513
1378
1172
971
796
513
236
172
205
295
483
744
787
818
870
804
652
752
763
756
951
1010
729
684
348
266
154
117
74
97
158
361
689
800
835
624
521
526
543
575
629
598
717
809
819
845
896
755
525
393
240
159
70
82
150
382
779
907
881
730
599
637
696
647
659
588
725
989
1108
1090
1210
1061
850
559
284
153
98
111
153
412
847
873
890
783
665
683
636
724
704
589
812
1049
1194
1264
1238
1188
1014
649
311
168
130
85
139
412
870
874
965
820
720
719
659
711
638
583
845
1133
1286
1310
1405
1454
1392
1029
612
383
223
208
186
434
808
886
876
793
675
728
657
836
677
589
866
1178
1469
1699
1715
1724
1664
1595
1643
1226
847
519
232
214
400
523
672
952
975
1030
1011
934
854
661
708
1264
1519
1582
1604
1750
1617
1159
1463
1725
1103
578
282
163
244
320
481
731
975
927
924
797
694
582
655
933
875
812
669
657
718
367
166
144
56
78
163
457
773
761
861
643
565
564
612
581
611
549
619
771
865
890
903
801
984
752
278
177
97
74
141
394
821
899
897
698
574
597
643
650
681
546
760
1007
1051
1048
1022
1022
856
626
328
198
147
122
183
461
835
897
846
709
621
630
631
642
634
580
821
1138
1584
1384
1106
1282
1022
628
313
166
99
118
180
434
842
827
922
776
706
690
709
678
728
590
805
1140
1315
1315
1307
1325
1211
883
571
362
236
210
183
466
859
719
741
825
784
780
701
862
739
610
1063
1232
1460
1432
1428
1593
1694
1547
1371
1039
721
434
217
201
304
506
668
891
933
1022
1108
952
958
734
857
1172
1486
1488
1453
1692
1678
1397
1736
1514
1079
613
254
184
290
310
524
629
790
916
875
887
753
658
806
808
855
875
713
732
594
306
187
139
99
81
170
442
808
843
854
646
607
568
562
637
680
591
778
989
944
980
899
898
703
400
257
161
79
80
159
456
802
828
878
705
579
636
624
662
655
570
740
964
1017
1037
1067
1095
979
512
289
151
111
110
191
520
825
937
938
766
661
680
688
646
691
571
776
975
1084
1154
1224
1192
963
663
427
187
122
120
187
429
798
869
870
804
649
695
713
734
738
587
918
1179
1257
1301
1377
1510
1541
986
608
393
210
203
185
451
844
923
823
853
713
749
682
772
729
576
944
1211
1416
1484
1439
1558
1656
1507
1494
1209
822
434
203
175
266
541
726
825
943
1032
1042
1031
1000
808
1077
1244
1496
1579
1588
1728
1627
1592
1903
1635
1114
687
290
207
320
311
480
690
812
894
894
848
752
693
826
880
900
946
808
717
626
356
182
139
85
97
162
439
756
844
840
651
576
618
618
637
615
602
733
889
861
978
985
836
667
391
218
132
89
81
161
442
791
884
946
752
691
682
631
770
719
594
774
1026
1048
1326
1504
1443
1071
536
274
183
85
96
157
424
830
893
919
760
652
610
655
643
657
563
799
1085
1194
1219
1198
1272
907
636
382
198
147
128
171
471
774
870
841
762
657
677
680
696
665
542
823
1223
1274
1211
1447
1345
1435
1050
586
364
216
193
199
431
798
813
811
808
671
699
683
727
606
597
918
1191
1420
1496
1460
1556
1466
1568
1628
1249
706
430
216
179
305
502
693
879
935
967
945
890
910
675
933
1201
1380
1490
1454
1510
1477
1386
1655
1420
965
652
240
157
221
294
507
663
849
845
924
871
756
740
823
902
866
878
731
723
593
331
150
114
89
102
160
447
804
770
784
739
603
612
680
700
613
541
706
870
883
797
831
837
685
381
252
134
118
98
158
431
789
924
861
703
611
595
635
641
622
551
805
1026
1015
1122
1066
1158
875
