694
656
612
435
189
131
101
115
133
147
260
353
433
470
568
490
471
621
752
546
380
661
464
430
143
133
42
35
32
61
243
486
720
643
518
479
527
541
494
566
540
615
744
633
508
582
633
501
181
151
44
27
43
84
245
555
758
744
551
564
579
544
626
615
530
669
803
677
590
1054
658
351
159
149
51
25
47
94
270
564
760
737
595
569
622
615
622
655
597
698
819
761
712
709
1259
519
462
329
119
59
52
38
84
166
261
420
600
684
664
666
668
660
656
808
948
887
643
790
1138
633
524
387
143
94
55
44
81
126
222
360
546
601
638
671
744
654
609
722
839
595
485
526
319
193
118
51
28
26
51
95
323
660
753
694
549
489
476
491
581
537
469
607
683
650
523
412
534
413
159
79
42
18
33
97
285
689
857
706
618
477
543
551
596
590
502
611
733
667
557
593
880
255
145
103
52
28
37
80
291
735
835
695
621
581
606
564
599
594
546
645
730
681
673
831
756
336
184
102
54
30
37
76
299
704
806
795
612
524
616
569
584
621
545
646
767
708
652
846
624
713
237
165
51
27
38
85
304
681
795
773
618
592
633
702
635
664
557
761
951
1109
799
874
966
636
413
326
114
59
44
47
81
161
328
495
603
634
743
709
670
724
701
756
1012
946
751
739
719
841
486
388
152
83
81
63
70
107
232
405
553
634
734
741
775
641
674
683
781
597
417
458
372
224
108
76
31
21
43
99
313
612
785
696
554
521
521
552
528
537
507
574
682
637
508
633
826
253
125
103
39
28
27
80
293
714
855
757
623
635
629
544
604
595
508
658
821
748
623
684
1165
390
237
80
39
22
31
87
316
603
620
658
595
593
613
585
600
562
502
676
769
793
702
872
1066
344
150
101
38
23
41
89
294
717
815
714
614
597
610
569
655
653
555
694
867
700
624
839
1054
398
225
142
72
38
47
105
300
728
784
743
660
619
675
662
625
668
630
692
871
854
634
776
1047
600
539
301
154
97
68
70
110
179
298
495
601
634
627
724
641
590
726
769
895
880
679
846
1114
725
619
368
195
117
66
58
73
102
206
331
480
582
630
674
691
701
539
795
858
639
521
600
478
306
258
154
76
34
39
50
131
198
327
500
539
498
654
637
650
617
584
612
751
619
452
502
641
200
132
57
21
15
30
87
335
731
883
837
628
605
664
597
687
662
643
788
911
832
733
833
871
298
168
85
46
24
28
96
351
794
787
808
670
626
666
594
693
691
594
822
901
850
721
782
1200
332
188
87
28
21
26
73
323
731
762
785
648
624
667
618
674
711
589
786
902
910
818
900
1045
414
219
120
56
36
39
87
291
709
873
789
690
655
657
678
734
693
599
780
872
919
667
681
948
636
418
257
134
70
56
47
93
226
366
538
743
741
827
757
774
871
789
722
1013
1047
744
897
1136
973
588
418
204
86
84
66
76
164
297
443
636
729
771
729
755
702
591
693
740
636
470
491
361
222
134
84
28
23
39
92
261
642
729
806
580
538
573
527
620
694
597
641
711
723
526
601
449
608
150
110
38
19
36
85
299
716
832
775
600
543
555
533
574
583
549
675
932
836
670
696
999
355
187
56
35
12
37
76
320
775
824
752
587
499
569
503
684
653
489
626
862
751
649
631
904
507
233
107
58
32
21
99
308
736
705
716
679
621
635
572
714
705
605
767
957
902
823
1176
995
566
299
158
81
37
41
101
309
725
831
777
706
631
661
689
742
682
545
811
946
997
786
888
1062
790
512
287
144
79
60
49
105
165
340
542
651
745
833
793
794
796
805
808
1047
1099
785
911
986
838
542
322
203
131
62
45
71
121
266
430
574
673
740
736
765
648
731
819
962
525
474
500
446
518
161
67
41
25
44
90
335
681
705
675
634
548
622
566
630
657
611
676
697
752
635
603
890
352
117
62
31
24
33
84
317
753
755
798
657
607
660
567
650
682
529
685
874
706
721
821
745
327
188
74
33
13
40
80
320
754
904
729
655
601
715
616
669
691
591
737
924
822
780
1094
973
404
215
116
53
27
39
94
335
785
872
888
850
939
801
721
931
796
624
767
1039
1146
820
996
670
388
220
124
69
39
57
104
287
709
829
817
694
893
789
742
745
697
626
489
506
591
471
528
476
282
175
106
77
27
34
28
41
95
146
280
491
546
655
643
633
831
777
802
939
1067
890
795
914
893
640
335
188
88
62
50
87
135
235
418
629
812
807
796
832
868
874
899
894
895
602
849
461
276
140
69
48
22
45
119
350
694
785
845
747
763
630
620
682
690
726
751
954
902
887
687
518
261
140
66
38
31
30
101
350
720
863
784
828
840
713
675
855
823
736
788
932
934
908
872
995
505
243
98
46
30
43
97
315
754
817
818
851
789
671
732
822
858
686
801
1085
1133
1000
878
928
826
216
111
59
33
39
89
322
765
821
728
677
644
695
668
718
698
581
736
900
1021
1031
965
942
559
350
166
72
43
49
115
318
672
814
714
619
608
624
645
644
590
534
630
763
878
707
675
1007
822
688
328
156
103
70
56
102
164
297
439
551
593
627
699
614
596
625
701
902
922
786
788
1057
769
722
334
219
130
92
51
84
138
220
345
558
630
750
744
706
703
657
660
833
745
623
821
570
407
244
119
52
36
30
60
136
225
381
452
540
519
629
566
597
615
541
692
725
656
555
640
485
736
271
82
39
15
41
96
340
566
782
720
580
508
615
677
638
651
504
622
753
652
570
550
804
701
184
63
48
24
34
89
329
729
809
714
666
564
682
625
659
657
504
774
938
854
696
763
903
809
180
95
37
38
34
101
343
746
809
806
669
635
646
601
601
618
584
690
832
837
801
1004
1046
819
367
158
60
41
41
101
314
726
881
798
900
636
628
655
673
554
555
728
891
861
671
778
962
932
863
313
151
93
56
48
96
182
354
562
662
821
873
827
825
840
727
750
1000
1022
813
814
958
917
609
339
194
101
47
46
100
120
300
390
591
655
774
725
711
665
633
722
791
673
408
377
384
229
333
63
26
18
41
96
326
663
837
701
533
466
553
543
543
554
533
617
672
639
536
570
453
509
179
68
38
25
29
84
303
733
837
780
634
538
632
554
604
579
579
633
849
812
675
701
725
737
198
92
45
24
42
90
359
693
685
671
679
642
625
575
616
576
561
649
818
809
740
767
913
685
291
94
47
23
46
93
330
783
804
728
671
577
623
599
674
651
552
690
833
807
692
776
850
655
288
98
63
31
45
97
330
709
787
759
668
615
636
640
690
608
598
756
867
882
738
730
962
943
556
307
188
79
56
45
101
196
362
545
623
689
796
753
727
692
707
771
1037
1015
857
853
1044
716
575
331
199
113
83
66
87
158
279
465
608
712
803
761
735
743
619
632
852
675
594
578
380
207
119
56
39
20
34
94
328
656
759
702
603
581
615
524
650
581
582
694
809
755
638
582
574
538
155
64
40
17
41
76
341
785
826
741
616
581
566
521
621
632
569
655
788
755
690
712
637
771
278
108
51
43
32
82
326
771
859
707
669
622
667
590
678
694
632
736
845
766
738
820
633
628
268
97
48
35
43
97
310
788
879
780
673
644
639
629
677
698
593
772
891
831
717
974
607
474
230
110
74
41
62
103
312
622
593
591
604
628
650
669
613
613
537
686
809
870
662
672
888
764
584
247
143
96
66
62
107
196
369
520
640
687
710
773
672
625
667
650
827
877
741
714
876
730
612
308
227
134
68
102
145
209
402
554
647
754
739
709
656
586
676
824
738
585
550
413
246
126
54
29
25
54
106
282
636
748
722
571
545
564
557
593
564
557
624
703
636
588
546
995
340
220
95
32
14
29
97
304
737
712
650
659
682
663
638
690
707
517
667
782
669
638
712
609
527
199
74
42
36
28
106
300
705
798
596
629
580
627
586
631
605
575
681
927
874
824
764
788
693
330
103
38
24
51
101
313
731
795
679
709
685
709
668
730
621
500
781
894
912
753
930
1216
486
281
131
60
37
51
101
279
625
679
702
672
640
611
570
719
614
517
610
864
802
663
735
1150
599
526
278
187
83
63
57
103
199
351
527
635
629
710
730
742
603
538
641
758
831
662
757
913
663
740
343
195
109
90
69
124
168
251
372
598
707
715
705
714
596
617
777
775
686
493
501
352
261
135
62
34
23
43
112
328
611
709
667
551
576
508
524
574
544
575
732
840
737
647
600
800
295
158
73
26
25
37
96
300
586
690
720
655
703
605
551
522
542
473
537
666
698
596
758
505
466
149
97
39
29
34
83
314
614
747
676
593
548
592
542
547
517
483
644
755
756
764
760
847
342
213
83
37
31
33
73
316
621
778
724
636
608
603
545
555
554
457
592
738
693
749
1022
665
662
255
144
69
39
45
81
296
615
778
697
640
663
641
618
635
609
554
674
815
839
692
766
840
741
434
233
128
93
65
41
84
168
340
560
602
605
727
643
667
824
619
688
797
892
748
784
915
792
612
300
171
109
70
55
89
127
209
405
509
584
662
686
617
585
566
661
676
648
501
495
336
224
145
46
36
22
46
94
290
577
716
646
583
546
572
542
557
567
517
615
639
617
525
486
512
479
221
67
36
27
30
71
252
526
674
692
591
461
450
475
439
492
438
528
852
1247
1246
912
913
524
255
100
30
23
37
87
256
598
714
694
622
467
522
565
508
482
458
550
657
721
683
622
1036
404
258
106
61
32
40
91
258
589
712
712
628
560
585
548
520
531
447
606
748
745
598
747
839
790
310
147
98
44
50
68
172
325
556
665
561
615
605
526
558
524
490
669
703
798
601
630
653
538
407
245
180
73
80
55
79
134
252
395
509
516
615
582
555
695
535
570
709
798
654
698
706
807
421
324
162
91
64
43
73
134
231
361
558
574
622
657
678
536
515
555
670
541
560
614
358
213
163
50
30
19
49
94
262
546
640
634
535
481
542
511
505
561
542
632
604
596
514
451
364
250
136
73
34
26
37
94
288
687
835
759
652
555
576
534
621
582
492
633
776
758
714
878
498
527
210
96
44
14
33
84
317
740
800
767
686
547
625
609
605
577
594
653
802
875
730
956
941
577
227
77
54
24
32
103
329
790
783
775
644
632
630
567
588
609
569
708
872
851
908
1088
914
655
657
190
108
53
41
95
313
733
837
783
659
683
621
598
694
629
553
758
896
1028
784
768
880
1007
529
254
125
80
52
48
106
247
403
600
600
728
730
675
634
591
541
531
862
920
742
748
956
777
651
379
174
104
75
49
84
147
251
439
585
828
837
786
783
680
613
643
858
710
534
472
433
259
111
61
37
21
61
104
330
637
779
634
559
513
518
475
585
545
522
598
712
652
631
610
553
234
140
72
39
16
48
77
352
729
832
698
585
549
561
530
543
605
496
668
729
688
645
788
692
608
327
77
36
18
44
76
325
729
819
713
574
566
580
564
568
577
545
697
935
1172
881
732
851
486
195
105
46
22
43
90
318
690
829
731
666
650
606
558
632
685
554
697
819
837
784
906
896
474
242
126
64
34
53
96
332
748
797
709
726
736
637
654
725
679
538
713
962
887
746
735
1027
871
651
302
154
83
38
66
90
231
336
556
656
723
761
743
702
673
638
618
877
903
804
783
887
884
797
388
207
122
86
52
76
167
280
438
558
660
746
711
729
636
520
629
732
639
517
595
441
256
176
70
32
15
39
103
326
646
790
712
610
562
579
520
543
580
516
601
743
707
646
613
432
253
141
89
32
25
32
82
372
722
778
676
621
545
565
531
605
604
524
611
754
755
667
726
581
753
238
132
50
19
45
96
377
719
856
735
668
631
667
574
569
593
545
665
889
793
835
875
743
489
220
117
47
18
45
105
386
722
798
720
649
622
661
604
661
734
622
773
914
766
708
828
887
497
377
185
63
35
41
101
322
707
870
749
684
614
598
607
648
577
499
608
882
894
728
764
973
851
631
312
132
92
55
68
110
198
369
578
626
712
765
729
649
687
626
650
896
1048
816
863
969
973
677
364
217
133
69
42
79
190
284
448
606
661
725
697
734
683
526
637
661
649
642
611
408
243
145
45
25
17
33
90
339
676
757
706
533
497
555
540
578
598
550
590
729
752
650
716
630
726
318
82
41
27
27
93
328
750
811
767
663
609
591
584
650
604
556
658
836
769
670
707
524
567
179
91
59
20
42
103
350
735
851
686
649
548
586
535
614
552
535
676
867
803
740
878
1048
408
241
108
52
17
41
101
339
737
813
691
605
591
594
609
597
584
507
628
840
772
791
835
1003
536
277
149
101
36
58
104
306
653
716
749
604
621
616
589
589
647
551
668
880
860
789
857
915
938
503
275
172
70
51
58
96
188
378
541
587
670
756
675
660
605
562
624
850
869
772
834
904
923
587
393
174
127
60
45
83
161
255
406
583
657
689
651
694
704
608
599
728
663
588
549
421
235
155
94
57
27
33
107
328
664
747
686
560
582
551
600
652
642
538
620
683
625
540
737
434
544
160
152
44
30
40
91
326
722
813
735
606
583
532
520
541
588
531
649
792
777
692
746
863
657
