321
445
403
396
325
147
93
71
66
42
43
56
72
74
85
60
71
69
61
54
70
50
50
62
48
33
27
11
24
20
30
38
32
44
47
34
42
35
36
32
41
44
61
60
88
65
69
93
76
80
35
29
30
10
22
40
56
43
30
48
28
28
36
36
39
44
59
70
85
84
106
151
133
125
96
101
57
20
26
54
40
51
44
35
31
34
41
33
36
50
74
95
122
143
181
240
400
514
592
474
166
37
27
29
49
38
46
56
58
63
55
64
80
77
80
118
99
129
188
277
511
674
734
544
250
54
28
24
25
38
47
44
59
55
55
58
56
64
85
61
68
71
80
75
54
45
22
15
12
19
30
38
46
51
33
29
27
24
25
38
23
34
50
71
65
54
77
119
78
50
24
30
17
21
16
36
49
41
30
35
33
43
32
32
34
48
49
67
72
101
108
132
117
67
51
38
27
23
22
46
41
41
36
36
40
35
35
47
24
31
49
71
78
83
99
149
134
100
52
30
22
13
29
41
40
48
37
29
29
24
38
34
23
46
69
76
125
126
137
182
215
171
136
109
53
24
30
42
42
48
38
37
47
39
52
31
31
60
101
153
155
194
208
288
384
618
730
571
190
31
27
43
45
60
83
88
91
100
88
90
77
102
93
140
151
159
206
370
550
688
699
628
277
64
34
24
52
53
46
84
98
75
87
76
78
79
89
103
96
83
113
105
118
98
47
25
28
12
39
37
43
46
33
33
23
30
36
32
31
41
56
54
77
97
119
100
107
47
39
23
14
20
27
37
37
44
38
30
28
37
35
39
37
42
50
74
106
99
133
135
141
80
41
30
35
14
31
46
57
48
34
50
40
45
38
52
31
44
60
77
85
134
127
162
117
91
59
47
37
14
34
66
40
31
44
31
28
41
52
32
30
37
84
110
105
144
172
226
232
178
149
134
84
36
35
51
64
47
40
46
26
36
36
41
33
65
84
107
136
146
185
304
439
664
739
533
220
55
36
23
38
44
63
72
64
75
69
77
84
76
76
107
121
129
217
318
567
749
695
672
305
76
34
24
20
32
52
66
69
76
66
71
84
93
96
86
88
91
138
139
170
122
112
52
41
20
22
20
37
33
38
53
41
49
76
73
53
72
64
89
74
72
89
80
59
65
23
23
16
10
33
42
53
67
38
68
82
93
107
91
65
76
93
118
123
114
166
129
98
49
32
33
19
23
33
51
58
69
72
72
74
75
82
80
65
74
81
87
89
108
140
118
122
98
43
33
30
13
23
41
50
37
39
32
44
33
22
54
30
57
81
87
112
160
217
171
240
206
140
106
69
33
37
53
64
49
48
40
36
46
44
41
49
67
92
102
145
166
206
318
404
562
605
530
178
57
30
39
42
47
53
66
82
68
88
82
90
112
136
152
163
135
238
433
680
777
802
683
316
48
37
38
40
31
49
63
78
94
81
58
78
97
75
96
77
95
87
93
72
47
37
27
33
18
30
36
53
42
35
38
33
40
42
30
25
38
56
68
70
83
87
92
67
66
34
22
20
18
21
44
47
46
23
22
29
41
32
46
28
38
87
63
67
83
109
122
105
67
54
30
30
28
34
44
70
65
41
51
75
59
54
42
31
40
54
78
79
114
134
143
136
96
82
35
29
18
30
52
53
41
43
34
44
43
46
34
38
52
83
90
111
157
198
195
264
193
171
114
81
36
32
49
54
56
49
31
49
64
42
60
34
79
85
142
153
205
255
375
468
595
651
556
264
66
43
29
50
47
80
77
85
92
105
87
105
119
136
161
165
181
260
321
560
731
745
592
286
82
32
41
34
49
51
84
80
75
69
98
87
138
150
81
83
77
90
181
88
48
29
29
11
21
35
45
53
43
32
29
26
23
41
37
39
39
61
61
80
95
95
92
82
59
29
14
18
21
29
42
66
42
51
40
31
36
37
39
33
40
64
61
83
96
129
103
97
74
39
22
25
17
39
45
52
43
39
35
33
42
36
40
25
55
68
80
97
131
155
161
116
103
69
36
34
18
32
50
51
41
51
21
47
30
44
40
42
60
89
120
138
138
192
172
220
219
152
104
66
48
45
43
73
56
57
44
47
51
40
46
30
50
63
62
70
91
108
94
129
108
75
62
43
29
22
15
19
28
33
40
60
52
70
78
81
87
106
114
155
185
239
354
552
756
700
556
293
65
35
32
35
48
63
60
87
81
75
67
87
126
115
109
94
90
92
84
88
50
38
32
19
23
43
45
58
45
42
36
32
36
36
41
41
50
65
81
87
94
119
92
87
57
42
42
20
25
35
39
53
43
36
32
30
38
30
37
33
55
74
71
105
123
200
183
146
102
68
57
29
22
43
43
50
48
30
44
32
36
41
33
40
51
77
81
121
124
154
187
178
92
87
53
37
33
32
38
58
55
47
47
43
41
48
49
39
69
110
150
128
153
221
208
287
232
176
125
73
30
43
54
56
59
39
49
44
45
58
36
37
50
103
122
113
150
227
308
497
695
726
565
225
69
36
53
50
53
48
61
73
73
74
88
90
115
129
145
163
167
246
348
537
730
739
640
302
78
46
40
24
45
49
55
85
93
102
75
92
115
134
110
117
138
198
226
207
204
158
94
60
33
28
29
42
56
47
43
47
45
59
61
59
61
75
89
73
81
94
93
92
44
34
15
15
14
27
36
48
42
46
32
31
41
35
27
30
41
59
60
62
69
127
113
74
73
41
26
31
26
33
40
50
43
48
29
43
42
36
40
18
51
66
71
92
112
159
163
132
74
51
53
25
23
38
46
51
51
44
38
51
48
49
39
34
69
106
108
138
146
235
228
230
189
121
89
54
35
42
47
65
60
63
61
58
76
53
66
59
84
87
128
147
160
235
341
489
700
672
513
264
78
33
38
49
67
74
111
110
121
149
137
131
135
120
147
158
192
251
352
569
774
724
654
334
80
55
30
33
49
59
81
96
100
91
113
107
152
126
107
85
93
97
85
129
34
39
25
27
19
33
42
38
48
34
22
36
31
32
28
36
37
48
72
79
105
103
85
85
60
32
23
6
16
34
42
45
43
30
32
23
34
34
28
18
38
66
112
133
134
189
149
114
79
62
36
30
22
34
64
58
50
35
35
44
38
34
35
44
46
67
78
91
97
137
121
116
94
74
83
63
26
42
41
56
48
35
37
43
35
50
49
26
44
79
87
118
136
182
252
233
210
151
105
79
36
46
54
71
57
61
51
45
53
53
55
47
61
86
122
172
192
226
348
498
606
629
502
240
65
40
43
40
54
76
68
73
88
113
100
74
104
130
179
204
189
268
423
604
750
665
594
287
80
53
49
23
55
54
74
82
97
81
92
87
95
97
102
89
88
109
83
67
61
26
21
22
22
40
44
41
30
36
29
36
31
36
42
28
53
59
77
81
79
120
105
90
61
36
34
29
24
32
41
45
53
29
44
38
36
30
37
30
38
67
66
63
147
143
147
115
74
54
37
36
19
42
48
62
36
40
45
43
46
41
40
38
38
77
87
103
109
154
135
125
90
61
85
56
22
35
60
55
57
50
31
39
37
33
46
37
51
78
98
105
159
191
199
214
156
130
110
64
20
34
67
48
41
34
44
50
48
45
45
47
45
80
110
127
174
195
337
469
581
612
519
228
61
32
36
36
64
52
65
86
69
85
83
85
95
155
139
174
180
247
370
515
701
693
483
152
64
45
29
51
65
93
94
72
72
78
67
88
81
94
121
93
90
94
83
68
39
24
27
17
25
45
58
39
37
28
37
26
43
37
42
32
49
73
76
93
102
83
107
72
39
31
33
26
27
45
52
44
35
55
43
42
31
46
27
47
64
56
65
123
105
128
98
66
67
39
29
13
23
52
54
59
34
28
36
32
27
39
28
31
51
75
89
128
143
159
172
144
97
90
74
19
36
53
72
48
40
37
41
33
41
41
38
45
79
97
112
127
193
218
243
205
141
125
82
39
43
60
63
68
49
46
41
41
54
50
45
60
88
106
127
194
232
325
445
646
653
514
242
79
35
27
51
73
63
60
77
114
135
116
85
120
129
180
194
172
248
342
480
699
663
541
245
76
51
50
46
57
47
76
80
87
87
71
83
103
81
91
92
92
112
102
75
88
43
27
26
31
41
65
59
52
31
46
35
27
41
36
35
64
60
88
81
97
83
88
79
44
33
17
23
20
24
56
56
50
38
42
27
26
30
28
26
42
47
77
97
116
158
138
89
75
51
35
24
29
35
33
54
42
36
41
33
31
39
34
27
34
60
81
95
133
172
158
167
109
76
76
72
31
31
42
68
53
36
33
45
52
32
31
22
41
68
86
117
166
209
229
250
227
165
113
78
23
26
53
51
50
42
48
39
39
56
44
39
67
85
102
158
171
244
306
448
542
603
503
221
51
44
33
56
68
60
75
90
90
101
105
83
110
103
133
140
175
238
373
571
698
795
673
332
78
45
40
34
37
64
67
83
68
82
80
64
80
90
88
96
116
85
96
75
79
64
46
32
20
29
45
35
32
36
53
33
44
46
50
34
52
53
75
81
58
97
107
102
60
33
25
18
19
28
34
41
35
40
37
34
32
42
36
33
56
56
49
96
113
131
135
133
92
69
38
38
20
28
31
45
40
40
38
30
41
32
38
36
31
68
79
102
124
152
178
168
131
92
65
71
22
30
58
39
40
44
40
35
38
44
46
40
36
60
101
106
155
220
260
299
303
263
230
128
34
44
49
42
61
57
47
46
47
63
61
33
61
92
120
202
166
213
304
406
628
662
571
267
61
40
30
42
39
58
69
71
79
80
82
96
88
106
112
137
152
174
303
398
617
658
531
271
73
35
35
24
42
72
54
66
93
83
63
81
77
67
81
122
80
97
76
73
54
27
32
22
24
40
39
29
36
40
33
37
43
39
35
39
51
52
65
76
80
126
98
88
49
37
17
12
22
21
38
43
37
29
39
38
36
41
39
30
36
45
84
93
111
135
163
129
93
48
37
31
19
22
37
49
37
34
46
42
35
31
28
31
42
69
101
120
139
195
209
148
121
83
84
48
29
32
59
54
49
33
35
42
41
37
50
31
59
67
77
111
153
183
251
203
186
140
112
66
27
37
56
65
70
34
45
39
41
44
56
38
45
89
112
156
217
293
391
540
698
775
544
242
58
40
50
48
41
53
64
72
73
93
79
68
109
114
122
166
185
201
308
551
630
763
713
313
74
42
30
32
51
51
93
67
76
106
96
74
86
74
94
86
91
98
130
83
52
32
35
28
18
41
50
51
50
38
32
30
28
47
35
30
46
47
55
93
114
110
93
99
62
31
22
26
17
31
38
47
37
34
44
34
38
41
43
38
48
58
80
88
101
146
139
105
94
63
48
33
22
27
40
55
43
25
28
36
26
29
41
33
35
57
154
106
167
189
158
127
86
73
57
45
26
37
60
59
57
36
41
51
43
32
34
30
57
72
119
120
144
213
209
274
221
190
120
60
16
51
54
79
58
66
68
53
45
65
49
36
56
91
106
127
189
201
306
437
534
573
501
225
49
48
31
67
70
104
82
89
92
93
85
92
110
128
167
164
227
271
390
552
635
702
624
308
95
51
42
45
43
66
81
90
101
83
81
73
89
102
105
100
95
110
107
74
55
28
18
20
17
35
43
47
43
41
33
28
34
42
40
37
44
67
102
76
136
150
165
144
68
51
26
23
16
31
53
58
40
34
24
26
28
33
35
29
28
63
86
139
155
132
131
130
88
58
57
49
28
42
36
57
42
39
29
41
43
24
39
17
52
60
76
104
117
151
164
152
126
134
95
60
41
35
46
41
45
43
37
33
35
35
43
36
41
70
76
99
141
186
231
228
192
164
100
74
28
37
45
50
42
64
37
47
47
51
50
35
51
83
105
147
160
259
376
538
676
651
505
223
59
68
69
107
135
146
138
135
136
135
117
124
158
147
209
250
215
280
402
563
789
732
683
322
78
63
53
79
74
104
121
129
121
133
107
119
137
156
124
137
141
144
93
82
52
38
40
43
27
30
43
45
37
28
43
35
32
46
36
37
40
49
63
71
89
121
100
85
62
35
23
22
15
38
62
51
62
45
44
34
40
43
45
31
47
64
74
97
133
142
187
139
90
73
43
32
33
38
32
44
48
35
19
33
32
32
34
49
42
63
93
123
123
177
187
174
143
104
90
71
30
72
46
67
50
36
44
38
44
36
47
39
38
71
79
132
197
239
248
262
224
210
101
71
22
47
43
51
53
40
52
31
46
41
41
39
52
66
123
129
180
248
371
511
580
661
500
214
73
43
67
79
73
81
111
112
130
109
129
91
89
145
176
187
215
266
344
501
622
596
561
303
87
48
32
58
50
80
106
103
78
76
69
73
79
103
91
100
132
108
102
111
69
48
37
32
22
32
47
56
57
41
47
39
37
44
45
35
52
46
68
96
79
110
89
94
64
45
28
21
17
45
53
48
52
31
38
31
39
39
47
36
45
78
85
103
154
163
151
