359
473
390
258
135
99
85
87
65
88
127
140
241
198
215
213
186
210
241
170
161
136
113
86
64
32
25
12
17
37
116
201
252
261
236
230
217
235
199
227
182
199
267
246
168
146
118
71
67
40
19
20
28
44
123
226
298
295
275
248
224
234
199
211
199
249
287
248
219
158
146
127
66
40
40
28
21
34
123
250
326
288
277
254
267
239
215
215
210
218
290
250
219
184
232
163
145
100
57
46
29
40
40
104
146
231
306
275
263
302
256
250
228
248
324
370
241
200
214
219
164
128
68
54
35
34
73
78
153
223
307
316
322
269
279
261
247
246
249
217
141
103
120
114
49
34
29
13
29
67
124
205
283
244
227
213
218
191
238
241
213
249
261
273
193
138
109
86
51
49
21
11
29
48
136
297
367
302
266
227
238
152
216
247
190
254
288
239
204
142
128
101
63
71
68
19
22
42
155
283
383
245
223
226
219
217
215
247
199
247
326
273
200
155
138
90
56
38
26
12
30
47
152
285
376
267
241
234
257
221
222
232
213
265
321
276
227
193
153
100
58
42
33
17
17
49
151
273
391
248
291
272
277
246
275
249
203
291
356
400
260
234
192
197
145
107
53
39
29
35
44
112
200
279
349
333
346
303
290
259
238
315
356
368
271
216
252
210
144
115
65
59
25
36
48
109
154
257
326
350
350
338
266
264
248
248
249
186
148
125
113
99
36
27
20
14
25
64
141
229
282
220
231
198
198
171
192
243
199
234
271
207
173
146
156
68
52
24
18
10
21
47
130
266
326
207
247
229
210
198
220
252
193
276
309
298
205
170
159
101
53
50
21
19
19
48
111
206
252
162
246
255
251
213
232
243
212
254
277
291
225
178
139
97
54
42
22
14
35
49
154
283
336
204
239
241
238
218
230
268
210
286
336
264
201
165
133
112
57
47
21
23
31
49
125
287
303
221
263
278
302
247
252
335
241
275
332
300
239
183
218
180
125
76
65
35
37
36
65
97
172
280
284
269
272
249
230
206
190
272
359
307
238
203
231
233
160
124
83
40
45
39
54
99
121
203
275
268
305
278
286
244
205
214
293
236
175
151
180
151
95
44
32
17
27
37
72
96
174
230
232
245
258
251
242
237
239
232
255
235
187
125
117
88
40
36
14
12
24
54
145
254
339
280
315
312
229
231
243
265
241
311
333
310
205
170
145
100
63
26
24
7
26
53
163
277
284
269
296
269
255
246
264
264
240
322
346
310
215
212
192
112
45
28
21
12
22
60
146
221
279
201
296
253
238
220
242
292
235
337
353
342
252
239
211
126
90
53
31
20
17
52
156
307
354
223
307
268
264
233
283
283
231
281
360
307
241
216
234
187
147
95
75
33
35
33
54
138
251
317
362
370
331
324
300
276
304
302
440
392
268
294
332
304
213
126
96
66
39
33
54
114
212
254
369
365
349
395
310
298
239
249
266
247
168
127
138
89
52
23
23
13
26
62
158
177
238
203
259
212
245
201
248
276
247
251
287
236
160
168
128
75
52
22
11
7
22
51
163
281
311
250
276
239
242
226
241
241
228
269
447
295
198
178
130
84
45
24
12
7
16
60
152
289
290
225
288
237
211
222
232
259
206
252
335
302
202
164
142
109
59
38
15
17
21
48
168
241
304
235
268
237
249
216
238
281
242
329
357
386
296
206
171
256
75
54
27
34
23
57
163
303
345
251
283
261
294
253
311
257
258
316
396
393
287
241
257
181
171
166
69
44
55
47
64
108
246
334
335
345
353
318
298
273
257
314
425
341
293
282
276
263
222
114
83
64
42
34
57
117
199
281
336
364
328
369
301
284
261
361
380
182
217
204
214
267
79
41
28
15
23
53
139
194
289
210
261
213
230
214
255
285
248
259
322
279
175
152
118
78
40
19
13
9
22
62
165
280
296
192
285
235
233
219
225
268
241
254
307
270
206
177
141
95
67
37
13
16
12
64
157
286
348
272
272
238
223
235
217
274
233
286
323
315
230
202
173
101
68
33
21
20
25
51
171
308
344
265
313
261
297
239
262
282
219
307
376
324
270
227
170
133
75
54
35
20
35
75
146
237
335
275
282
277
307
257
252
217
168
155
187
166
118
124
121
78
70
41
23
42
21
11
26
42
63
120
177
165
182
201
227
224
228
282
306
343
255
260
259
263
164
109
72
55
52
44
66
91
174
235
351
312
358
335
322
252
256
262
281
225
182
145
100
90
56
38
20
16
15
73
129
199
210
170
295
229
246
197
244
227
196
291
303
254
202
164
121
81
35
22
15
15
23
59
164
303
352
279
264
236
247
214
224
245
253
294
358
289
194
166
142
115
65
36
22
17
26
52
143
316
321
225
274
264
243
225
238
288
242
303
376
307
238
192
189
128
71
29
18
18
25
48
159
268
297
242
253
212
247
215
229
279
240
317
429
366
323
349
234
167
104
63
41
33
41
57
165
303
357
293
272
255
281
230
264
267
183
223
314
292
245
299
235
216
155
99
75
60
49
26
71
103
181
224
256
277
275
258
249
238
182
213
317
376
212
219
226
199
139
95
78
73
45
30
73
89
127
220
295
304
318
319
257
238
215
253
262
255
208
179
174
142
102
66
40
12
26
32
90
101
178
256
240
248
253
239
205
203
230
245
279
238
164
168
125
86
52
29
19
8
28
53
104
216
286
296
256
241
259
257
239
191
214
241
281
212
193
168
119
94
60
25
26
9
22
52
136
300
365
272
290
250
276
222
253
249
219
270
296
315
221
241
175
106
54
34
19
12
19
53
149
301
340
264
297
277
256
237
259
298
228
303
366
334
244
249
186
124
129
42
23
27
31
60
146
281
309
193
263
337
296
282
282
274
220
269
336
347
240
216
252
523
538
270
132
78
45
24
89
158
278
341
390
397
411
382
361
348
260
310
414
359
340
318
317
339
232
182
120
81
39
39
65
114
198
302
368
370
365
392
359
321
271
318
365
313
214
191
162
135
191
40
22
9
26
70
140
251
261
247
260
196
248
248
251
233
212
269
320
282
167
170
119
68
43
32
14
16
24
47
154
320
360
268
301
242
253
235
218
246
213
268
281
304
271
186
184
114
45
41
20
13
26
61
152
201
250
181
232
244
262
232
256
280
209
272
320
286
217
182
133
87
61
40
23
18
24
68
169
265
304
192
270
245
272
264
263
258
236
298
340
302
241
198
181
139
75
68
43
31
45
76
253
356
309
287
293
278
287
279
271
276
244
328
403
375
303
273
268
238
249
177
97
74
55
39
81
134
263
373
366
367
386
377
343
333
284
299
393
429
324
303
275
284
217
178
104
51
50
39
80
142
202
313
405
380
391
364
361
293
274
286
327
304
207
186
202
87
70
47
28
20
31
62
151
253
317
253
299
232
233
213
238
286
243
276
314
316
184
166
154
94
58
30
23
7
23
51
159
330
325
244
263
246
251
225
234
249
188
263
320
285
219
173
161
98
69
29
19
9
23
67
152
316
352
251
268
244
251
220
219
259
224
310
342
299
220
207
160
114
69
28
35
22
20
49
156
365
339
224
225
257
263
223
235
277
234
283
341
297
266
216
191
135
95
40
32
33
23
58
134
145
200
187
218
295
280
218
278
259
221
315
352
325
249
219
216
185
201
121
94
50
38
54
69
154
283
367
385
357
373
327
341
284
242
271
435
320
317
313
320
336
220
159
121
98
66
81
100
178
313
397
391
407
352
339
304
280
299
294
269
208
188
180
107
57
40
28
12
26
46
132
185
270
227
277
219
226
213
228
276
222
263
289
281
212
139
130
101
53
43
22
18
25
55
133
223
306
177
217
255
307
273
267
330
215
257
342
252
246
170
118
89
72
42
25
21
23
58
128
293
342
156
177
233
250
221
221
248
216
268
303
307
242
214
236
136
75
43
33
23
33
66
154
227
288
191
205
267
269
235
256
313
212
313
392
329
239
231
213
154
94
63
51
25
29
68
141
203
263
146
244
263
280
242
286
286
233
306
350
343
272
235
245
205
174
130
75
53
50
36
79
108
215
297
326
339
276
275
267
270
208
258
308
335
275
247
258
279
205
137
90
61
60
39
80
125
162
206
320
305
336
325
308
269
245
254
254
237
189
165
137
100
68
37
35
17
27
69
131
208
219
214
253
225
208
209
202
210
185
243
261
259
198
156
138
82
77
29
25
14
27
64
122
226
230
193
232
255
240
226
199
207
173
234
247
223
181
168
162
110
52
39
14
13
25
64
145
277
283
234
240
236
219
208
197
185
194
227
307
272
196
191
149
127
100
40
30
26
30
53
137
266
339
250
257
233
254
210
197
215
183
217
259
278
263
220
171
138
77
51
32
40
32
74
141
298
323
280
249
263
262
239
236
223
185
225
283
308
241
197
274
205
130
113
55
37
29
39
68
75
204
256
252
250
246
247
203
222
194
208
283
296
282
231
206
201
173
130
75
64
40
41
46
100
154
234
315
339
281
333
269
224
199
205
245
232
206
166
158
81
66
38
17
25
25
61
124
198
291
252
255
226
250
194
200
206
176
251
309
227
146
214
243
195
96
43
20
21
31
53
107
190
265
267
248
199
231
170
186
254
176
215
301
717
519
315
327
181
105
50
29
16
21
34
113
216
263
275
258
208
213
190
156
176
149
166
221
235
184
171
121
117
72
35
25
33
26
50
126
219
267
254
285
260
247
228
247
183
190
230
245
305
194
201
155
141
98
54
54
28
28
58
104
179
247
286
288
275
229
228
196
220
163
216
296
293
207
161
188
179
147
121
78
52
48
35
71
132
202
255
318
291
334
279
296
235
221
241
323
303
214
199
205
187
154
107
108
53
41
46
67
112
175
271
421
330
316
321
285
293
234
255
344
264
262
191
202
77
71
51
24
10
24
55
132
198
261
248
252
220
224
179
168
155
209
216
236
199
174
161
121
103
49
41
38
11
26
66
148
286
320
257
261
255
246
194
209
255
174
214
275
282
205
233
144
104
61
42
28
16
25
55
153
352
379
267
286
245
275
236
235
252
236
261
320
294
260
206
170
103
66
36
22
14
31
64
151
289
338
216
267
263
232
232
247
280
212
354
392
331
213
224
182
126
67
61
18
31
18
66
126
262
397
214
290
258
274
219
240
227
212
253
348
407
230
244
258
252
197
123
69
45
44
30
66
155
248
315
330
301
279
282
265
236
211
268
321
258
281
246
274
283
189
233
70
51
38
39
69
97
181
244
409
378
339
422
275
290
264
287
371
343
216
197
155
101
70
35
19
16
23
77
155
235
317
206
279
204
221
178
225
266
204
247
355
275
213
153
151
100
64
43
15
10
18
62
179
311
360
293
228
240
223
204
259
231
203
272
338
266
221
179
169
92
67
38
21
16
21
51
157
302
368
234
275
233
238
218
246
251
185
278
389
430
231
199
206
110
66
35
23
16
33
66
150
314
340
224
272
253
280
227
251
252
182
315
386
325
265
208
171
142
69
51
28
16
22
62
177
258
242
178
218
257
276
229
296
255
238
300
408
370
277
226
208
216
198
169
94
27
37
43
97
197
360
428
441
400
414
352
361
303
265
286
413
347
280
267
254
287
203
148
72
55
37
47
79
160
177
308
329
314
350
347
287
253
245
300
293
211
220
155
143
107
70
30
13
12
23
65
147
224
300
220
269
228
230
209
245
234
222
237
298
261
198
199
192
136
56
32
13
13
31
59
145
327
361
230
238
251
239
203
212
274
207
258
346
306
228
181
163
99
55
45
17
13
11
47
161
275
352
233
255
256
263
213
236
233
198
284
331
276
225
222
159
115
58
41
13
16
23
51
166
311
336
219
268
266
265
245
240
297
267
345
378
317
254
196
205
144
83
81
32
25
25
65
169
306
385
188
233
287
261
250
274
243
241
302
330
328
267
235
251
237
164
103
75
47
32
23
74
140
235
371
330
359
333
317
270
258
238
251
316
311
310
289
348
276
249
139
77
67
53
38
79
132
171
292
341
368
340
321
310
248
220
217
285
227
213
172
142
86
51
27
25
4
18
63
155
236
251
236
248
216
196
191
214
226
230
250
310
273
194
159
127
91
52
25
20
12
17
52
152
304
305
237
255
266
236
210
220
241
243
280
295
272
179
152
136
121
54
37
21
15
19
59
174
305
332
261
247
267
259
220
221
261
192
248
330
304
227
198
175
127
77
42
20
17
22
54
167
307
289
205
244
244
249
207
225
209
209
257
388
273
250
217
184
142
90
36
45
25
22
62
170
282
327
192
244
247
273
247
273
339
261
362
439
415
285
243
255
236
174
116
70
40
36
32
62
126
233
266
316
288
287
257
245
236
222
281
363
311
248
277
260
266
205
138
78
52
26
36
79
111
177
272
326
300
320
311
243
235
241
270
290
255
174
157
141
96
50
40
16
12
23
57
148
217
274
212
253
259
249
231
231
264
192
270
289
243
197
151
128
95
45
61
27
17
23
59
179
317
339
251
270
254
242
206
215
248
217
241
331
272
220
188
153
114
