145
186
150
183
144
90
47
22
4
10
9
7
12
29
24
18
20
15
36
38
34
41
41
49
34
12
16
14
6
1
2
1
5
6
4
6
6
10
13
7
9
9
26
28
25
45
46
53
55
51
31
23
7
4
3
2
4
4
6
5
1
4
5
6
11
13
11
20
26
39
70
65
51
48
29
23
7
1
3
4
5
3
3
3
2
13
9
7
7
9
22
35
45
63
95
98
137
163
167
177
67
12
8
3
3
5
5
11
12
8
11
17
24
17
44
42
64
68
91
123
171
177
190
146
68
17
4
4
3
3
9
12
10
13
13
13
21
17
25
32
44
51
45
55
49
24
17
9
8
4
1
1
1
3
0
2
3
9
2
2
8
9
19
13
33
33
45
50
39
27
18
10
5
0
1
3
1
1
3
5
5
6
6
5
4
6
13
25
33
48
56
71
49
37
22
12
6
1
1
1
0
3
3
9
2
3
5
1
2
11
12
21
40
52
81
68
52
48
47
22
9
5
6
2
2
1
8
4
6
6
8
7
3
6
20
33
45
73
95
110
117
85
58
27
12
2
7
2
3
1
4
7
9
1
5
3
10
14
42
49
74
72
111
121
189
201
170
139
62
14
5
2
5
3
7
11
15
22
15
27
21
29
51
50
59
72
92
133
188
245
228
172
109
20
8
4
5
3
9
18
21
14
22
23
20
25
28
43
50
59
42
57
61
25
26
9
12
5
3
2
4
3
4
4
7
4
5
6
3
10
18
23
35
32
68
55
35
32
19
13
5
2
2
0
6
4
3
4
4
3
10
2
6
7
16
25
32
41
74
77
70
67
42
21
3
4
4
4
3
3
2
4
6
5
4
5
4
7
19
18
31
52
73
77
73
65
45
26
7
0
0
3
2
1
3
2
10
6
6
1
5
11
14
28
41
65
82
97
91
72
34
26
10
5
4
5
8
3
4
6
1
7
7
9
2
13
19
46
58
71
105
129
195
216
222
193
70
17
4
4
6
3
8
13
17
17
27
21
24
45
32
56
64
84
109
116
238
241
243
134
91
18
13
7
8
8
14
12
13
24
23
20
14
32
41
55
54
61
82
78
92
59
49
17
20
6
0
3
19
5
7
6
10
10
9
8
12
4
26
30
26
39
57
39
44
27
14
10
1
2
4
2
4
4
4
2
5
7
4
5
2
12
16
25
49
36
81
128
69
52
35
5
3
5
2
3
5
7
4
7
7
6
7
4
4
8
18
27
36
58
77
95
114
55
39
22
8
5
1
1
2
3
6
1
5
4
6
11
3
3
23
40
39
65
83
118
128
82
32
25
13
3
2
2
5
5
4
6
3
4
8
8
6
4
25
29
63
68
102
143
230
232
177
127
47
13
9
10
6
7
9
7
25
10
14
21
21
32
68
74
89
103
138
164
208
240
209
164
79
14
6
2
7
7
6
17
15
20
23
20
15
30
34
36
59
53
64
81
55
39
23
12
4
1
4
5
5
2
3
1
5
4
6
3
10
16
16
26
29
24
43
51
53
29
15
10
7
3
1
3
8
6
1
2
4
8
12
8
6
5
18
27
27
42
75
87
85
34
30
17
10
4
2
2
4
2
7
4
3
4
10
5
3
6
15
19
23
36
85
91
90
46
29
17
4
0
3
2
5
5
3
5
4
4
3
4
4
7
23
32
41
63
83
124
124
85
40
35
16
2
2
2
3
5
4
7
3
12
3
7
9
22
21
49
60
87
125
219
207
235
216
137
64
11
4
5
4
5
5
16
19
15
26
22
28
36
48
85
91
96
127
177
235
269
218
128
68
14
4
2
3
3
6
12
11
14
25
17
23
61
91
47
44
60
62
118
70
34
24
14
6
0
0
4
6
3
6
4
5
2
5
4
3
8
11
25
24
22
42
56
55
33
19
7
3
1
2
1
4
2
3
5
5
6
7
1
2
3
14
36
36
41
55
75
77
48
25
18
6
1
2
3
2
3
5
4
5
6
4
7
6
5
10
35
45
45
87
123
121
58
37
18
9
6
2
4
4
5
4
5
10
5
3
8
3
10
22
31
34
68
90
124
150
74
66
25
14
0
6
6
9
7
4
8
3
6
7
7
1
7
17
30
23
34
37
37
29
25
16
19
8
2
1
1
1
2
4
1
10
11
17
15
11
25
53
62
79
75
95
143
219
256
208
168
84
19
12
9
4
2
11
14
15
18
20
23
22
29
37
45
49
43
63
61
42
26
19
12
8
0
4
3
7
7
5
4
3
6
6
4
6
13
21
24
33
39
44
52
51
26
21
10
7
3
4
2
5
5
3
6
9
10
8
9
3
4
21
30
40
49
77
87
66
46
26
17
6
3
6
1
4
5
2
10
6
4
9
4
5
12
19
26
27
65
68
105
114
66
37
21
7
3
3
3
4
1
10
8
10
9
8
11
4
18
29
64
67
77
108
113
181
99
61
39
22
5
2
5
5
8
6
5
7
9
11
6
8
15
33
43
60
87
118
169
190
197
201
134
72
18
10
10
6
6
7
14
21
36
22
26
21
44
54
82
101
94
102
177
230
255
233
143
87
14
7
3
1
7
11
9
22
31
22
21
22
34
58
64
83
80
100
126
118
64
40
20
20
5
1
4
4
5
7
7
7
6
13
14
20
12
29
38
40
48
57
62
52
39
36
13
5
1
3
4
4
3
2
6
1
7
5
2
3
10
7
24
40
41
50
87
76
47
34
22
7
3
2
1
1
3
2
8
1
15
7
3
2
9
23
34
41
68
75
118
99
57
37
24
7
4
3
2
1
3
2
6
4
3
7
8
7
11
34
39
48
69
117
155
146
104
74
55
23
3
3
6
6
4
10
5
3
7
10
7
11
18
27
35
67
72
124
216
247
252
259
184
80
20
5
3
4
9
7
10
26
30
39
41
33
38
50
91
91
100
148
212
254
264
244
178
95
25
12
10
6
10
10
8
25
28
23
16
29
32
50
45
56
50
53
76
132
46
24
10
5
0
6
3
4
6
5
6
6
7
2
4
7
18
17
24
27
39
53
53
44
20
20
8
5
1
1
2
4
4
6
2
3
7
6
11
6
7
15
22
43
63
107
82
84
69
34
19
8
1
3
7
8
5
5
4
4
4
5
0
4
8
19
26
42
44
66
70
80
58
33
27
10
3
3
2
3
5
2
6
8
11
13
13
14
18
27
34
39
65
96
121
193
116
39
41
20
3
3
3
4
6
9
6
10
5
5
12
4
8
27
48
72
112
111
152
229
253
277
213
119
31
14
15
6
8
11
12
23
16
23
17
25
29
58
87
106
103
131
189
264
278
247
188
104
23
9
5
4
4
16
21
28
22
31
17
28
29
50
58
57
63
69
75
67
43
19
10
9
1
2
3
4
4
3
1
3
3
5
8
6
8
21
31
48
48
59
81
51
21
10
9
5
1
1
2
2
6
8
5
7
7
6
6
7
7
14
34
24
54
54
77
89
50
38
35
7
3
1
7
2
6
4
1
5
11
7
9
6
7
24
31
32
59
93
132
127
95
42
26
6
4
1
2
7
4
7
8
10
10
3
12
5
12
23
39
43
72
98
137
166
64
42
22
12
4
2
3
10
3
7
25
15
12
6
6
7
6
22
54
74
95
114
164
231
239
220
177
86
16
7
6
5
5
8
15
15
19
21
24
27
36
51
79
99
100
130
176
252
305
288
202
66
24
13
6
6
8
8
23
29
27
23
16
19
43
40
49
44
58
59
67
34
20
13
9
0
3
3
3
7
0
3
3
9
10
6
3
12
14
27
37
63
56
93
78
37
27
8
2
1
1
2
7
5
4
3
5
8
9
3
1
6
18
22
26
37
64
79
49
40
34
17
10
3
8
3
4
3
4
3
6
11
11
8
6
8
27
23
27
54
67
88
75
52
43
22
6
3
1
2
3
6
4
5
4
4
6
7
4
17
16
45
51
70
97
136
152
79
52
19
14
3
4
6
7
1
4
6
4
4
4
10
7
12
22
32
57
86
101
159
235
265
290
202
94
18
11
7
9
5
6
18
13
24
24
25
21
32
50
70
85
90
141
162
196
228
213
157
96
32
14
6
7
8
6
12
24
25
39
26
27
38
53
57
72
65
87
71
72
56
32
24
2
0
4
1
7
2
6
4
13
4
6
9
13
17
25
43
41
56
65
64
52
23
28
13
5
0
2
7
3
5
7
3
1
3
10
3
6
6
7
34
33
47
76
115
111
85
30
16
5
2
3
4
9
6
4
3
5
8
8
7
5
11
14
34
37
77
82
138
132
82
53
28
19
1
2
4
1
6
7
6
8
5
6
9
6
3
19
31
48
67
84
135
156
96
65
34
15
4
6
5
4
7
6
5
9
9
14
6
10
11
33
55
62
89
151
153
236
249
249
215
102
15
6
8
5
7
8
14
27
26
27
19
27
24
57
98
84
100
156
205
242
319
293
222
105
24
9
4
2
8
9
13
18
21
33
28
25
27
38
48
52
77
69
88
79
46
20
14
11
4
3
1
2
2
6
7
4
7
17
10
9
13
14
28
40
50
57
68
39
30
17
9
6
3
1
2
5
2
7
7
2
7
7
8
4
12
15
28
35
52
60
94
91
75
34
21
8
0
1
3
3
6
4
2
8
11
4
7
3
9
15
24
42
56
104
127
142
82
42
44
11
1
1
5
7
1
3
2
3
10
13
3
7
15
16
31
49
77
97
178
153
124
78
58
35
9
3
7
8
8
9
5
11
10
11
21
22
21
37
52
73
102
125
219
232
241
234
194
73
21
8
5
7
10
8
13
21
23
23
27
39
33
58
69
78
96
97
179
225
253
213
201
84
15
7
8
7
5
11
15
26
28
26
41
32
34
41
60
76
94
84
64
65
42
23
10
8
0
0
6
7
3
1
3
8
7
10
8
15
19
23
28
40
65
88
83
67
40
14
12
5
1
1
5
2
4
3
1
6
4
3
3
10
13
15
21
48
61
92
104
148
103
43
24
3
2
2
1
3
4
1
7
5
8
4
3
5
12
19
23
49
56
79
130
137
75
46
26
12
5
2
1
4
3
6
5
4
11
9
9
6
12
25
37
34
51
90
141
132
91
58
43
20
3
1
3
4
1
5
5
6
4
9
9
9
9
27
58
90
112
139
244
255
289
260
174
79
9
7
8
6
7
8
14
25
23
30
41
27
39
53
91
90
99
132
170
231
271
274
194
78
14
2
5
9
4
10
62
13
25
33
45
34
28
44
48
47
38
75
87
56
30
24
14
8
2
2
6
5
10
4
5
5
6
8
7
5
8
21
34
47
48
60
69
46
33
27
13
10
0
2
5
4
6
2
7
5
4
8
6
9
11
20
24
44
42
77
90
102
80
38
14
12
4
5
4
3
2
5
3
5
6
10
5
3
10
15
71
59
50
99
126
100
63
23
12
9
2
3
4
4
9
8
7
12
7
8
4
5
10
24
28
54
61
104
153
164
120
69
53
22
1
6
3
10
18
11
13
6
9
16
13
11
12
30
66
59
104
119
193
264
269
218
198
79
18
4
10
4
7
18
19
18
33
37
31
41
45
78
94
104
130
154
204
284
326
289
199
142
30
19
6
7
10
10
17
37
26
32
44
33
46
56
58
56
67
74
96
74
42
24
23
8
2
4
4
8
4
3
6
4
7
10
6
7
12
17
24
34
35
61
61
55
38
16
20
6
1
2
5
4
6
4
9
5
5
10
4
7
8
18
29
28
43
79
94
73
66
32
17
5
3
2
0
8
2
4
4
6
8
10
6
2
14
10
20
39
63
89
138
123
91
57
33
11
2
2
8
1
3
3
5
14
10
10
5
11
16
16
26
43
57
105
160
153
83
56
29
14
3
4
2
5
1
5
2
9
7
9
3
12
13
31
34
65
80
108
222
248
278
260
160
80
18
7
7
2
9
11
26
20
30
43
30
31
47
73
65
107
105
147
229
251
314
286
212
60
19
11
5
7
4
7
24
22
29
45
35
37
43
58
55
64
89
91
73
84
47
28
11
9
3
1
3
3
5
1
5
13
7
10
5
5
12
11
13
28
38
58
70
54
33
14
7
6
1
5
2
1
5
1
4
5
4
8
7
5
9
22
21
49
76
90
147
76
61
19
21
9
1
2
7
3
3
4
3
4
3
7
3
4
10
14
39
44
65
81
104
115
71
67
36
10
5
0
4
1
6
7
6
4
3
8
7
10
5
19
28
49
90
120
144
159
122
66
34
22
7
4
7
3
5
5
5
4
6
13
7
8
14
31
38
53
87
132
227
248
235
229
170
79
29
7
2
8
7
10
15
25
28
35
37
33
45
78
101
104
134
146
224
320
371
341
228
125
42
7
6
3
8
9
22
29
42
41
36
37
55
56
46
63
55
75
65
77
39
35
19
9
1
2
3
4
6
3
6
8
7
8
7
4
10
24
31
30
47
64
56
67
35
23
16
7
0
2
1
1
3
8
2
5
10
8
6
6
7
24
36
41
68
117
148
