532
460
248
116
64
38
29
35
66
78
127
175
276
317
349
343
326
249
277
204
150
113
101
73
57
14
9
5
10
36
155
245
436
447
452
580
694
687
732
732
648
698
487
374
237
192
164
147
63
55
26
16
6
23
129
282
523
581
552
585
714
774
787
791
688
752
606
454
308
266
186
152
77
50
25
14
17
31
110
298
497
597
562
617
671
777
741
765
660
727
673
584
518
333
309
232
143
106
46
16
11
18
36
75
159
335
345
480
507
571
626
662
635
690
631
541
438
292
263
241
180
84
51
28
26
18
27
39
112
200
271
351
478
495
547
598
586
572
353
298
240
184
148
98
49
23
10
6
17
45
135
488
687
541
481
502
580
528
580
701
491
581
565
430
285
249
206
130
66
43
10
13
9
48
144
550
810
636
613
586
653
621
758
812
688
771
690
560
423
334
227
172
68
45
17
16
12
42
152
575
770
662
587
633
754
689
725
835
634
729
668
570
476
360
298
163
94
39
24
10
14
46
153
565
777
739
631
633
690
615
788
774
704
724
804
592
416
379
347
219
109
60
27
23
14
39
119
536
793
702
604
655
743
776
804
869
601
580
807
734
565
445
370
271
166
82
30
24
12
13
34
85
164
324
392
514
621
591
647
663
655
660
673
563
442
340
333
293
192
133
47
28
27
21
20
58
101
218
338
429
495
515
572
609
526
508
343
268
234
172
108
122
45
26
3
10
7
40
132
549
778
579
523
501
559
557
645
682
566
578
588
532
349
408
340
154
75
18
17
7
14
42
155
581
828
635
653
621
739
666
765
814
674
746
864
681
447
371
308
219
86
49
20
13
11
55
169
667
974
727
628
676
720
654
749
711
611
758
712
641
535
376
276
200
88
44
32
14
13
38
180
597
836
722
632
658
664
642
788
860
635
710
743
630
504
398
328
240
114
61
38
16
24
31
132
572
941
737
658
717
750
729
783
783
604
652
812
590
514
350
348
257
173
104
38
25
24
17
39
78
169
293
403
425
569
585
599
637
650
705
636
533
450
338
293
263
147
100
38
28
14
12
15
54
110
180
246
369
474
532
621
604
608
484
358
256
227
200
199
115
101
39
21
10
12
27
44
119
203
320
447
498
592
602
619
653
574
537
487
364
237
203
183
120
54
19
11
10
5
52
164
589
787
678
638
684
786
720
855
865
699
758
722
565
435
363
286
154
70
35
17
9
9
50
171
635
907
747
675
757
778
689
834
868
671
752
751
637
553
418
318
161
97
39
15
13
13
40
165
635
911
730
627
644
788
674
740
851
765
734
799
639
559
445
396
242
123
42
23
16
11
39
136
628
861
740
650
746
761
702
750
884
741
687
731
607
464
371
386
303
166
94
37
16
14
11
37
117
223
361
469
579
680
712
816
847
735
603
720
484
487
336
397
319
204
123
44
32
22
13
29
80
153
306
552
503
608
630
672
674
559
572
420
295
292
246
234
89
43
21
16
6
20
45
138
598
935
929
542
576
684
521
714
706
582
588
607
512
360
270
258
179
59
26
12
8
13
48
148
590
815
651
625
632
734
692
720
753
692
726
830
677
455
359
301
193
82
36
13
3
20
43
156
571
855
706
589
661
664
638
740
769
655
668
732
619
428
391
337
225
73
39
9
10
8
34
174
577
880
728
648
695
719
698
724
819
632
749
823
616
472
417
377
242
109
65
23
15
19
47
140
580
810
745
664
647
794
760
840
809
704
738
800
715
543
398
386
271
183
108
63
38
15
24
31
85
212
346
454
558
710
687
711
794
759
720
701
419
493
342
337
276
175
94
49
25
15
11
25
72
147
266
417
432
528
556
620
623
555
454
395
240
258
229
182
168
49
25
15
7
11
45
135
527
985
702
531
524
608
638
680
728
540
691
610
556
420
273
247
135
64
30
12
7
12
46
171
588
874
720
636
631
728
665
794
821
663
719
660
626
435
354
278
156
83
39
20
10
12
48
136
638
884
721
589
677
712
639
713
769
677
692
748
579
395
371
302
167
86
48
17
9
17
40
144
587
899
750
669
631
739
685
742
786
588
627
785
670
536
505
419
241
132
68
41
10
20
49
123
604
817
655
526
624
740
626
646
609
463
425
420
344
218
191
165
120
67
47
28
14
9
5
12
48
89
187
329
471
627
619
698
729
719
715
668
477
436
300
333
329
205
134
67
28
19
16
34
62
175
252
369
475
533
580
583
592
626
551
460
331
272
196
157
129
58
11
5
12
13
58
153
665
974
766
600
581
560
534
576
614
521
602
658
559
379
295
252
145
69
29
19
5
13
47
154
608
839
705
622
663
755
674
737
777
648
711
725
653
449
362
271
220
92
36
18
15
14
36
161
639
1016
744
643
725
741
666
754
776
677
664
758
617
408
428
336
236
101
48
23
12
15
58
182
616
832
744
662
658
754
666
777
807
631
605
809
694
503
387
356
276
144
61
33
20
17
47
112
499
733
606
606
626
695
632
708
687
554
603
686
557
452
411
292
217
151
105
43
17
23
19
48
87
162
268
374
467
577
637
653
752
654
695
681
437
487
345
318
286
202
90
45
18
21
14
30
48
122
195
319
432
596
697
742
837
566
346
351
262
299
194
190
141
97
41
20
14
16
19
65
147
250
368
362
488
562
603
592
653
620
619
462
402
255
225
201
151
58
20
13
15
13
40
129
357
506
579
556
604
696
839
848
796
653
649
639
571
459
326
258
147
83
32
15
9
10
33
144
582
883
668
644
682
808
742
823
869
743
777
759
728
525
365
286
177
76
44
11
10
16
40
135
612
806
724
632
709
798
685
858
824
689
766
794
738
654
534
379
239
138
38
27
19
13
37
144
539
804
649
657
654
738
702
805
842
679
735
767
714
540
447
356
254
188
99
37
35
22
18
50
77
215
356
515
602
777
811
921
933
678
590
697
450
565
416
379
288
192
114
68
26
25
11
25
77
153
275
387
463
582
646
705
723
598
538
400
289
201
182
196
121
131
14
12
9
10
42
139
528
753
599
571
517
560
509
631
726
581
612
617
527
388
294
240
110
61
23
9
6
8
53
159
628
819
643
614
667
737
685
753
767
648
720
753
611
526
376
374
176
79
49
19
9
12
56
214
736
994
760
686
681
751
591
716
753
602
702
694
607
591
445
316
220
102
34
18
13
11
42
149
595
812
732
611
671
707
672
839
802
575
662
787
705
550
532
374
291
171
54
32
28
20
35
140
555
760
687
633
674
711
758
819
791
639
727
750
693
570
370
368
312
194
127
55
25
18
17
44
87
200
383
490
557
785
805
837
851
736
745
719
567
513
494
382
316
245
176
49
43
20
28
41
63
168
261
389
519
621
668
699
762
575
509
482
310
283
201
177
91
49
21
10
12
9
54
138
592
791
688
564
598
653
593
674
731
555
664
739
563
338
314
249
140
61
32
6
7
7
37
161
598
788
672
639
726
748
682
774
813
631
763
817
735
510
336
368
199
98
35
24
8
12
46
152
587
808
687
655
780
755
717
804
813
631
757
741
589
487
379
289
171
100
36
17
10
19
45
160
573
873
739
715
732
751
724
850
874
667
739
810
756
581
430
356
346
189
88
27
15
21
57
163
639
849
688
592
648
732
747
780
801
671
713
790
722
505
423
368
291
204
96
44
34
14
14
39
116
252
383
516
628
747
815
775
801
657
507
587
401
364
415
400
333
207
125
68
27
25
31
65
129
226
381
468
637
657
666
719
502
511
538
405
292
272
192
127
70
24
16
11
15
50
129
610
845
644
554
574
633
589
689
758
603
643
642
556
399
291
282
144
52
35
10
9
17
46
151
634
961
716
668
805
916
903
1002
792
575
609
719
543
484
394
375
156
89
36
17
12
17
45
141
601
841
682
683
685
717
750
772
861
638
746
844
667
494
340
339
199
95
38
15
14
19
47
158
602
948
778
746
808
869
768
872
804
585
670
865
760
551
488
386
203
130
59
21
25
15
45
130
528
828
653
646
767
747
734
837
786
587
694
827
725
564
442
416
290
191
106
48
22
12
15
36
101
159
306
386
361
475
431
429
380
252
387
598
378
395
293
348
291
230
93
63
24
18
30
58
93
181
237
337
441
628
678
715
673
522
477
469
344
245
205
149
104
60
23
11
7
11
48
136
402
533
534
505
519
529
581
569
606
482
598
616
475
299
236
258
148
62
15
17
6
8
45
145
474
585
583
593
734
724
620
671
669
573
593
589
507
384
306
258
164
68
31
11
9
13
33
139
360
618
787
525
582
663
671
607
702
587
613
614
517
375
280
266
155
77
47
16
13
12
38
143
327
563
581
551
527
623
645
656
630
435
503
573
479
455
379
281
201
104
63
21
10
11
32
139
322
547
494
564
530
580
582
720
725
564
650
656
532
507
329
321
265
156
90
43
24
12
16
40
73
146
298
393
490
639
649
687
718
636
640
698
412
489
333
308
263
195
108
41
22
19
17
25
38
114
187
345
410
499
602
640
618
565
511
408
268
229
210
139
112
70
21
10
7
14
41
103
292
462
480
471
565
549
570
666
629
498
602
507
357
335
362
389
187
73
33
14
6
8
35
111
323
498
498
495
519
609
600
701
688
583
641
497
436
364
378
310
173
80
43
15
13
11
44
128
327
517
534
538
584
705
706
685
712
600
723
646
571
492
319
287
195
95
54
20
16
9
45
122
342
516
600
532
606
740
700
769
761
513
675
680
536
378
318
252
210
144
56
29
20
21
35
73
174
336
460
492
579
646
646
770
816
509
653
704
624
497
298
312
236
121
86
29
26
7
20
30
71
124
189
290
443
550
602
593
687
562
722
618
495
454
266
269
205
175
119
57
23
13
9
21
46
103
161
349
397
541
598
659
596
547
566
388
299
287
183
165
83
59
20
13
8
8
44
125
346
511
462
495
510
581
602
624
668
608
689
531
436
442
302
211
110
73
19
7
9
9
41
142
571
754
676
622
684
768
718
866
840
704
773
747
588
379
301
304
146
81
29
11
12
9
41
153
567
837
657
611
647
785
750
825
797
605
760
850
695
488
326
342
194
114
54
20
14
14
43
148
614
837
731
635
659
767
717
856
759
602
750
792
690
518
468
461
337
208
88
27
18
10
35
124
564
828
704
660
654
756
726
800
813
584
742
788
823
641
478
436
316
149
85
34
25
15
15
42
111
197
402
435
606
670
694
667
661
472
432
665
362
344
301
351
291
224
104
59
21
14
17
29
62
134
234
397
438
514
472
391
389
281
455
485
341
303
240
171
110
79
20
9
8
6
47
158
577
752
601
556
553
645
575
682
710
603
634
682
550
355
311
282
146
93
35
15
13
12
43
174
704
811
638
641
676
709
681
837
891
626
767
780
714
485
414
395
166
83
38
17
13
14
47
167
621
831
658
612
720
724
661
776
763
620
813
851
855
596
360
366
205
103
47
18
13
10
41
160
586
886
701
669
631
752
719
759
765
576
762
783
688
540
566
344
274
142
66
24
11
18
49
152
636
914
797
748
736
798
712
834
798
580
705
909
738
578
343
346
302
202
94
38
22
21
9
54
90
205
363
449
560
654
719
600
720
663
668
678
496
459
348
386
265
227
131
68
30
15
18
36
86
142
242
509
637
654
628
711
613
553
575
429
341
265
222
181
98
44
27
7
9
14
38
132
557
835
619
528
603
680
581
638
688
577
699
659
540
419
318
266
123
73
28
14
9
20
55
154
609
802
632
639
641
726
647
843
844
679
771
760
623
515
349
294
167
85
29
17
13
13
53
169
618
893
708
638
727
738
755
761
750
647
733
773
636
509
388
334
212
80
36
18
11
10
39
165
601
823
676
640
688
734
693
827
883
545
622
860
633
471
419
375
232
147
67
43
14
14
42
148
550
771
635
555
715
792
749
851
771
576
708
794
674
535
381
400
313
200
96
56
16
16
24
63
111
217
405
522
635
727
774
751
750
669
689
791
551
465
431
457
316
236
141
57
14
17
16
40
84
208
366
420
493
632
648
662
664
612
553
447
372
276
213
179
101
66
21
9
9
18
48
152
551
833
567
556
578
627
589
660
735
609
633
672
501
386
310
336
212
74
23
13
6
10
52
161
593
855
690
672
759
851
716
894
832
597
761
752
602
442
343
369
186
70
28
14
14
10
37
158
641
741
675
600
688
693
717
738
822
640
767
796
710
454
391
337
212
83
37
18
5
14
41
192
638
813
654
634
673
811
720
763
775
576
672
884
679
592
436
380
224
137
48
23
18
11
48
133
544
753
628
569
674
717
717
766
769
563
677
801
694
559
407
372
314
179
103
28
22
19
22
48
77
207
305
431
617
705
720
700
758
685
646
742
569
433
327
348
340
231
102
40
28
24
15
30
65
128
340
410
419
577
580
714
694
595
549
494
363
290
264
189
103
56
19
7
8
14
49
156
543
838
634
605
637
681
645
664
698
548
619
662
468
360
304
275
161
65
19
18
7
10
55
167
615
805
659
639
710
777
704
772
861
621
734
857
634
497
437
303
187
