108
140
150
119
80
38
31
26
18
34
30
46
57
44
42
39
51
53
56
36
29
35
40
42
31
16
4
7
15
10
36
55
71
38
46
34
30
32
41
21
28
48
54
36
25
30
25
31
24
10
7
10
11
14
38
81
77
42
35
31
49
43
48
30
30
40
51
42
29
40
39
43
31
24
14
7
15
7
29
71
88
54
43
45
41
39
47
38
42
50
62
47
43
56
57
46
47
36
37
15
18
12
15
26
49
45
62
49
54
62
44
46
35
58
54
74
46
56
48
63
57
47
33
23
25
15
19
17
34
59
73
62
54
50
49
54
51
48
57
37
42
28
24
42
18
14
8
7
9
15
33
85
78
51
34
30
34
29
31
35
27
59
44
45
33
35
34
28
19
15
12
3
4
16
21
70
87
40
37
36
42
41
36
34
26
46
43
31
39
33
30
31
12
14
17
8
12
15
33
80
90
56
40
35
31
36
36
28
22
42
41
35
41
48
42
29
24
12
11
5
10
13
37
90
97
52
27
38
44
32
30
33
19
49
55
40
38
34
47
33
42
30
8
8
14
13
26
98
90
63
43
39
38
45
46
35
24
72
94
84
71
54
64
66
59
35
25
20
13
13
13
33
53
78
69
69
53
54
45
50
50
61
80
69
57
50
50
76
66
39
35
30
19
15
25
21
40
63
72
78
64
54
59
45
42
44
63
34
36
29
33
35
23
14
7
6
10
11
32
77
104
36
31
33
32
36
38
39
27
45
35
40
30
34
33
26
17
18
11
9
6
19
39
90
79
48
27
33
21
40
36
40
35
40
54
41
40
31
36
28
32
20
11
10
6
18
43
101
115
43
21
29
39
34
38
32
23
43
42
36
28
36
42
26
26
19
12
4
9
18
31
93
86
43
32
35
40
33
32
26
27
60
62
41
43
42
44
42
41
12
13
4
10
21
31
89
83
55
43
32
45
36
45
38
38
76
84
73
60
55
64
75
52
39
24
21
26
15
17
30
49
67
73
70
52
54
48
46
48
62
76
63
61
54
58
71
50
50
19
20
22
10
21
36
42
69
59
71
57
72
50
47
43
51
66
54
48
39
65
47
33
24
13
11
8
17
17
31
40
42
50
47
41
41
41
42
27
46
49
48
36
30
32
25
20
12
14
7
9
19
33
83
88
55
50
41
45
34
48
38
30
60
58
52
44
44
37
22
18
7
6
3
5
15
43
98
107
55
40
41
46
55
43
39
33
53
70
55
51
45
53
35
25
16
4
5
7
17
37
111
98
50
33
39
41
40
34
50
39
68
70
51
59
54
56
46
35
35
17
14
13
24
28
99
101
69
44
49
48
53
54
38
39
85
88
73
69
75
60
65
52
47
36
23
19
14
22
29
59
74
75
58
71
57
67
59
48
78
82
97
65
70
58
74
64
55
47
36
22
16
22
29
43
65
88
70
73
58
64
58
39
47
59
45
46
34
39
18
25
12
6
5
8
17
44
73
106
43
37
37
42
36
33
39
37
54
46
47
41
36
39
27
17
9
7
4
6
19
34
82
73
48
38
41
32
29
49
43
29
65
61
50
47
49
44
31
19
13
5
7
10
13
27
90
75
58
38
43
33
37
34
38
29
51
81
57
47
39
33
36
18
10
22
2
5
16
51
105
89
56
28
33
37
45
38
36
41
69
74
81
78
67
64
84
59
26
9
5
12
16
28
95
100
60
54
50
42
46
63
41
47
76
89
82
79
73
83
72
66
51
28
16
18
18
23
39
57
84
89
77
74
88
53
63
54
67
89
92
46
70
74
62
87
61
38
29
21
17
9
34
43
59
82
87
74
69
56
70
72
96
117
67
63
47
65
129
29
19
8
0
7
25
34
88
108
48
25
40
26
45
43
27
34
54
66
56
43
46
29
29
21
11
7
3
4
19
29
100
110
59
58
39
32
41
43
33
27
48
77
57
47
56
42
22
27
16
9
6
4
19
45
99
86
46
42
42
36
48
35
36
30
63
66
62
33
41
42
34
31
18
13
10
10
29
35
102
96
56
40
47
34
32
48
45
41
53
80
54
62
71
62
62
30
23
19
10
12
17
31
108
88
55
47
55
46
49
58
37
46
43
40
51
41
33
33
36
19
22
21
8
14
12
11
12
18
37
46
36
50
47
46
49
32
57
81
73
54
52
64
78
77
54
31
40
18
18
15
40
34
69
80
77
79
62
67
55
49
68
56
50
46
38
34
31
25
14
7
6
9
23
47
105
108
52
36
40
47
27
33
39
38
33
57
62
37
28
26
33
28
19
5
6
9
18
40
105
86
49
45
42
44
33
48
33
42
65
58
66
59
57
33
37
34
18
7
7
8
9
45
95
102
60
32
41
55
38
48
38
29
72
74
79
53
60
57
34
31
20
23
5
9
20
46
101
102
69
35
42
54
53
47
33
49
73
97
96
84
87
59
71
61
42
27
14
10
23
39
112
120
74
48
56
54
68
51
48
44
64
86
80
65
62
64
82
85
66
50
25
18
15
26
36
56
91
81
91
69
76
53
62
54
85
108
98
68
76
76
95
76
66
36
28
27
10
20
23
39
75
84
69
72
79
74
63
60
57
90
65
66
66
55
60
47
28
14
11
11
14
28
37
43
53
54
53
43
64
50
61
59
69
77
74
54
51
60
49
25
10
11
6
7
17
25
68
62
53
33
37
43
43
56
29
41
66
52
44
40
44
34
26
18
8
5
3
5
14
23
75
82
46
46
44
50
47
38
43
41
55
72
61
54
55
58
25
24
19
7
6
3
13
36
94
91
59
41
52
32
43
50
53
37
50
72
68
49
61
61
65
36
22
17
11
6
15
39
90
83
48
56
57
44
50
49
57
50
64
90
87
75
72
93
112
111
84
49
24
21
22
26
39
74
84
103
112
90
94
80
71
55
79
118
112
72
57
86
99
83
65
34
25
11
16
19
30
47
70
93
87
66
83
73
70
49
64
79
87
53
30
36
35
86
19
8
5
12
19
41
83
106
47
43
40
28
35
38
30
32
59
67
55
58
33
30
25
23
13
7
3
10
19
41
95
73
54
39
44
36
44
48
46
32
51
84
56
50
65
51
42
32
20
12
5
13
15
59
112
118
51
44
48
50
38
38
39
40
55
87
59
32
51
49
34
25
21
15
9
15
19
58
86
111
63
44
32
50
42
43
47
37
65
69
73
77
72
54
61
57
40
15
8
11
15
52
94
133
90
59
49
55
58
79
57
54
93
102
95
95
92
75
98
86
72
47
26
27
16
32
50
53
83
83
77
84
84
82
62
53
99
128
116
111
101
87
92
70
58
57
29
24
15
17
30
58
85
144
90
89
81
84
71
59
86
62
77
64
51
53
44
24
24
7
4
9
18
43
99
97
60
49
45
48
53
49
56
52
77
75
59
54
61
37
37
22
20
10
3
7
18
27
83
78
54
44
41
42
47
48
43
31
67
63
69
58
72
55
50
43
25
12
3
6
17
45
102
93
56
48
40
49
49
47
44
45
68
86
58
55
49
44
35
27
26
15
8
11
19
43
91
86
56
35
44
36
53
49
38
37
79
97
75
73
63
43
50
39
32
14
13
20
24
48
137
127
71
50
59
54
45
59
52
45
86
95
77
64
57
73
79
79
63
38
33
15
21
25
36
63
76
91
80
73
95
76
70
67
78
157
129
96
81
89
107
105
72
69
41
36
29
33
47
101
96
98
84
77
60
65
55
71
72
72
62
64
67
38
37
19
9
6
12
16
41
105
102
51
45
42
40
48
49
48
48
58
68
50
42
49
42
24
35
15
11
9
7
13
55
102
98
55
37
46
48
43
53
47
43
60
62
50
45
45
52
42
27
24
10
9
10
16
39
97
100
55
38
36
59
51
58
40
48
66
57
66
69
60
51
64
44
31
19
8
13
29
53
109
112
55
51
39
38
57
42
45
44
70
89
64
80
79
55
67
49
28
16
10
16
25
47
112
127
73
40
47
58
63
64
48
34
75
89
82
84
68
67
97
72
59
38
28
33
16
27
45
50
76
79
74
87
60
100
63
49
75
83
85
78
66
65
87
80
56
54
35
21
30
50
44
31
62
88
72
74
67
58
78
43
46
50
51
62
41
44
43
27
8
10
13
10
12
40
85
80
43
38
30
35
36
43
37
27
69
72
55
65
58
56
43
37
14
10
10
9
19
40
96
97
65
48
41
49
45
36
36
25
42
49
47
38
39
35
45
28
25
16
7
9
9
40
98
78
51
40
39
44
41
42
32
27
71
56
53
48
46
54
37
44
25
16
14
9
23
35
90
95
53
42
37
40
35
34
33
28
68
70
54
61
55
61
62
41
32
15
12
9
22
39
80
82
41
39
43
59
52
55
39
46
60
90
67
91
73
80
67
70
62
38
27
20
18
22
43
54
79
68
64
75
58
59
49
65
66
63
93
71
52
72
91
83
56
50
33
24
14
21
33
45
61
98
82
73
66
65
64
55
52
52
58
49
43
40
42
27
16
5
8
9
17
46
62
71
55
48
51
48
38
51
40
44
60
64
51
43
39
47
36
24
24
8
4
7
21
28
46
66
40
47
40
31
35
42
33
39
53
86
111
95
71
48
44
39
29
11
7
10
7
34
51
79
44
47
51
29
46
53
39
37
39
60
64
64
50
53
47
40
25
15
6
11
7
31
74
75
63
46
39
50
45
49
44
28
82
78
64
70
55
57
64
60
32
21
23
15
16
32
51
75
62
58
58
51
53
55
50
48
82
71
58
74
75
75
87
69
90
42
34
26
17
21
30
48
78
82
79
55
63
47
54
56
82
64
80
60
56
74
85
78
58
51
42
35
13
26
39
55
103
103
118
110
98
92
70
61
56
59
62
75
68
57
35
34
25
11
5
8
19
34
70
58
55
42
49
44
44
38
47
49
67
68
57
56
61
33
38
33
15
10
6
6
17
41
65
72
56
46
42
32
39
35
41
38
51
57
71
72
59
58
37
35
23
8
3
5
13
42
99
97
51
33
49
49
54
41
49
51
62
65
55
61
72
55
47
37
22
8
11
12
32
48
87
98
61
34
42
30
37
51
41
42
75
86
86
70
69
67
61
40
26
12
13
13
17
36
111
110
65
44
44
52
61
58
48
61
65
88
94
64
69
87
88
97
76
38
26
22
21
22
80
73
90
90
71
86
56
68
67
52
77
88
94
86
92
70
91
89
71
50
40
23
12
20
30
49
78
105
80
78
69
83
76
59
59
65
63
48
62
45
35
23
24
10
9
11
15
42
81
94
52
33
47
33
47
47
32
43
34
60
54
57
54
30
43
33
18
15
8
6
23
37
88
106
60
45
39
27
32
41
23
33
73
46
61
48
66
58
51
34
17
12
8
4
16
37
100
87
49
47
35
38
42
54
41
38
72
73
125
80
58
63
51
25
19
12
13
9
21
50
87
114
61
48
52
37
39
53
39
43
68
72
66
62
54
57
40
37
29
15
16
15
11
51
128
131
74
66
58
42
41
83
59
48
64
87
76
76
90
86
89
82
68
34
19
18
14
22
42
62
90
93
85
67
79
77
80
49
77
105
103
80
98
86
96
65
59
44
26
22
20
27
44
40
80
110
93
97
79
71
45
46
66
65
56
56
48
53
43
26
18
8
6
12
16
45
98
87
60
32
22
41
37
44
37
52
47
61
58
50
45
44
33
35
12
5
6
11
10
46
83
103
64
47
29
32
35
24
37
38
52
55
55
47
52
47
44
19
23
4
3
7
8
47
99
112
65
42
30
40
49
49
45
28
61
61
63
69
72
59
49
38
17
16
14
10
25
40
73
117
55
45
46
37
47
54
53
48
87
72
72
75
79
62
48
33
32
11
9
17
9
40
91
103
60
62
48
43
56
50
41
41
69
67
80
101
76
90
102
82
70
37
25
21
25
27
44
71
88
82
89
90
60
49
67
54
75
87
96
59
74
100
100
87
71
50
35
24
18
26
36
46
85
111
105
91
89
61
45
45
52
47
56
51
55
42
27
33
20
16
8
11
15
42
99
85
54
33
40
31
31
44
35
38
52
60
52
52
56
29
36
19
18
9
2
7
9
42
102
111
62
33
31
34
29
40
31
31
52
47
66
66
55
40
37
28
22
8
3
8
15
51
79
95
50
46
44
41
41
41
37
38
61
75
58
52
67
50
44
39
24
9
9
7
14
55
93
96
53
40
41
44
31
56
41
33
61
67
54
63
66
43
55
38
31
14
9
19
14
43
90
108
47
28
47
45
36
52
60
49
82
78
89
86
77
100
87
88
71
35
14
22
18
29
46
65
82
89
58
67
69
47
57
53
64
62
78
68
76
71
85
96
65
49
29
18
15
24
33
51
97
128
85
81
73
73
63
55
59
71
57
57
45
38
35
24
8
14
3
9
21
44
83
94
47
40
36
46
41
47
42
30
51
45
42
45
55
47
35
42
21
16
8
9
7
42
85
85
49
55
48
32
33
55
40
34
64
59
57
58
35
43
49
