27
57
65
46
27
15
11
6
2
8
5
11
8
7
6
6
6
5
11
9
3
7
5
3
3
3
2
0
1
4
4
9
5
1
5
4
3
5
1
10
5
8
10
7
6
14
9
9
7
7
4
1
0
2
5
6
6
1
4
7
10
6
4
3
2
7
15
9
5
8
13
10
7
3
3
2
4
2
1
2
6
8
5
4
5
2
3
11
4
9
16
14
12
18
17
26
34
22
22
4
4
5
2
10
9
13
11
12
14
13
19
11
21
26
29
42
29
27
30
35
29
19
17
9
3
4
2
4
7
13
11
12
13
12
12
18
19
17
18
14
13
13
13
15
7
6
0
1
1
1
2
8
10
8
5
16
2
0
5
14
12
6
6
7
6
9
11
10
9
5
3
1
1
3
6
5
5
6
4
6
3
4
7
8
12
9
10
8
8
11
13
20
8
7
3
2
4
5
8
8
6
3
4
4
4
1
2
2
5
9
6
5
7
10
11
14
8
7
3
3
1
0
4
10
7
6
8
1
12
10
7
5
8
13
6
6
10
15
12
16
18
8
5
6
5
3
3
5
5
4
5
2
2
8
4
3
12
18
20
39
26
20
19
32
39
22
13
6
6
3
7
10
17
12
13
13
17
20
24
19
22
25
41
33
34
39
52
49
43
27
17
13
5
5
6
2
8
9
11
12
21
28
20
24
31
25
15
23
21
22
19
14
4
4
3
2
1
0
8
4
8
7
7
7
7
4
8
4
8
9
4
7
9
15
16
12
10
5
1
1
2
1
5
9
3
5
10
6
1
5
1
5
23
11
13
11
7
10
19
9
5
4
1
1
1
2
2
8
5
11
7
4
3
11
2
9
6
9
3
12
7
11
11
12
9
6
2
1
2
4
5
4
5
5
6
3
11
3
5
7
10
12
8
11
15
14
16
13
20
7
5
3
1
3
5
5
8
3
5
7
2
4
3
7
13
22
13
17
23
24
30
30
43
21
13
2
4
2
7
7
20
19
13
15
15
18
27
20
17
26
38
48
35
31
28
48
44
19
14
11
3
4
3
4
5
6
11
12
8
14
18
15
15
37
29
22
25
17
22
16
14
6
3
6
3
2
2
6
11
3
9
9
5
4
12
18
19
13
12
11
10
11
10
7
3
1
3
1
2
7
7
9
15
6
7
3
3
5
4
8
1
7
10
9
13
18
13
9
4
3
1
1
1
2
5
8
7
9
6
3
2
17
7
5
11
20
17
8
9
14
13
9
7
5
3
4
2
5
12
10
6
2
6
4
7
6
7
7
14
10
19
10
15
16
20
22
11
8
2
1
3
1
6
8
3
2
4
11
4
2
3
9
9
10
15
16
16
23
26
21
28
22
16
4
4
0
3
9
16
17
15
11
11
13
23
14
20
27
51
37
38
37
34
37
31
18
13
10
3
0
6
6
2
9
15
21
13
11
19
21
17
18
6
17
15
20
12
6
10
5
1
0
3
0
3
7
6
5
7
8
4
5
6
3
10
6
6
9
16
12
8
9
5
1
2
0
2
1
4
5
11
7
9
4
6
6
2
13
9
6
9
12
9
13
12
9
9
7
3
2
2
1
9
8
6
6
3
8
6
3
3
8
7
11
16
12
16
13
15
14
11
8
3
1
2
2
6
11
4
6
8
4
4
7
11
9
10
11
14
10
17
17
22
20
11
5
6
5
2
2
4
9
9
13
9
6
3
7
10
10
17
20
17
23
29
22
34
54
43
24
25
15
6
9
2
7
15
16
14
12
18
22
20
14
26
33
43
46
44
34
33
52
45
31
16
11
8
3
6
5
6
8
11
12
16
12
16
18
27
33
42
10
18
29
25
77
22
9
3
1
1
6
6
10
8
4
7
2
7
7
4
5
3
12
6
8
10
15
17
10
5
7
0
0
2
4
9
4
9
13
7
1
3
4
8
5
3
17
14
10
11
14
10
12
5
4
5
1
1
1
6
7
5
6
6
5
12
10
10
6
13
16
6
12
6
14
16
14
12
8
3
1
5
5
7
5
7
10
7
2
6
12
9
10
7
21
14
12
11
19
30
10
13
10
5
2
3
3
10
5
4
7
8
5
3
4
1
2
10
13
5
7
10
10
3
5
5
3
3
1
1
2
2
0
2
4
4
1
4
13
5
12
9
14
16
17
14
17
29
27
31
25
29
22
5
2
3
3
3
8
7
7
10
7
9
9
12
21
6
15
16
12
12
9
6
0
1
1
0
0
4
10
8
4
4
7
8
7
6
1
8
3
8
6
7
13
13
4
7
5
2
1
2
1
9
7
7
11
12
4
13
4
6
9
3
16
7
12
12
19
18
12
7
6
4
2
1
4
6
6
6
5
7
6
6
10
15
18
7
11
10
10
10
10
8
15
11
11
7
1
1
3
4
7
12
8
6
3
6
8
4
8
18
12
12
22
18
24
24
22
19
11
6
1
4
3
14
8
11
11
6
3
7
6
15
14
9
9
15
15
24
23
37
37
57
28
20
6
6
2
6
7
11
9
14
27
22
17
21
18
15
29
31
52
29
34
32
48
54
32
15
15
5
4
10
6
6
9
11
14
13
23
21
28
27
38
29
32
23
19
31
13
11
8
4
4
1
2
13
9
18
23
19
21
16
22
18
19
17
31
37
26
14
17
24
15
8
4
4
3
0
7
3
6
3
9
7
2
2
3
5
7
19
34
11
14
10
12
13
10
6
4
4
1
3
3
6
8
6
7
4
2
5
6
6
4
12
8
11
11
12
16
14
10
15
6
1
3
2
1
8
8
9
10
10
7
4
7
15
17
15
13
16
15
20
23
18
26
11
8
2
1
3
2
9
14
7
2
17
4
4
7
6
9
8
24
17
23
24
16
34
46
50
21
10
14
3
2
5
8
19
23
15
18
25
15
20
25
17
17
37
44
36
35
34
35
42
21
21
9
11
1
7
4
8
14
14
16
20
14
19
22
14
34
19
13
12
15
14
14
29
7
0
1
3
4
11
7
8
6
10
5
10
5
11
6
6
7
17
9
11
22
12
10
7
1
5
1
0
2
8
8
2
4
5
3
3
3
3
13
2
13
8
9
16
9
12
16
6
5
2
0
2
0
13
13
13
13
6
14
8
11
11
6
6
12
11
11
10
17
27
14
10
9
6
2
1
5
7
11
9
5
8
7
3
6
3
10
6
11
16
16
18
25
12
16
13
5
5
3
3
6
10
7
8
13
7
9
9
5
8
8
12
15
23
25
19
28
28
52
53
42
10
11
2
4
4
7
16
18
16
13
21
21
16
18
23
32
39
50
47
50
41
58
55
46
25
11
9
6
2
6
11
9
11
16
19
17
17
18
14
22
20
15
20
24
9
19
4
3
3
2
1
2
7
7
5
3
2
5
11
1
7
9
10
14
13
13
10
17
15
9
7
4
2
3
3
1
4
9
5
12
6
9
6
5
7
6
9
9
12
10
7
16
14
13
8
10
4
2
3
4
8
11
8
6
6
6
5
9
8
6
9
5
8
15
11
13
17
14
11
3
5
1
2
3
6
10
5
5
7
4
6
7
13
8
4
10
7
11
15
18
24
14
8
6
8
0
1
0
6
5
7
10
12
5
9
3
3
3
4
11
14
13
20
22
22
51
45
41
22
11
5
4
8
11
11
14
17
16
15
23
19
22
20
31
36
54
48
45
61
61
46
38
31
11
8
3
10
6
8
13
9
23
26
22
24
13
29
19
22
13
15
9
10
13
4
0
1
4
0
6
14
10
10
8
7
4
5
7
13
4
13
10
7
9
12
17
16
12
7
4
3
0
1
6
17
9
9
4
5
3
4
2
3
4
15
14
13
9
17
16
12
17
6
4
1
1
3
9
9
6
5
2
10
4
7
7
7
3
0
4
13
10
10
21
20
14
11
4
1
1
0
3
7
9
9
9
3
3
10
11
10
5
7
14
14
16
11
23
26
19
15
3
8
3
2
9
11
9
10
5
1
6
8
14
9
15
9
15
16
22
26
34
47
41
27
25
5
10
2
6
14
22
22
19
15
32
19
20
24
23
25
43
39
31
42
39
34
43
32
16
15
13
5
2
2
2
9
11
20
20
19
19
24
31
23
26
25
18
22
18
23
12
8
4
2
2
1
8
6
9
5
12
5
6
6
11
6
16
19
15
17
17
10
18
17
10
5
2
4
1
3
3
9
12
4
7
8
25
9
13
4
5
5
4
11
17
8
12
13
9
5
1
0
2
1
5
12
12
7
7
6
10
7
10
7
16
6
13
9
13
15
11
14
17
10
3
4
3
4
5
10
9
12
3
1
1
4
5
4
5
15
19
6
28
24
32
26
21
13
4
2
0
0
4
12
7
5
3
2
4
4
5
9
10
10
13
25
18
28
33
42
48
33
16
13
10
3
6
6
11
20
11
14
19
24
18
20
21
34
50
45
45
29
46
58
47
36
25
15
9
6
5
6
10
10
14
9
12
20
19
17
19
30
13
24
17
11
18
18
4
8
5
1
1
3
6
7
10
9
2
4
6
2
2
5
6
13
6
11
12
16
13
6
14
3
6
3
2
2
6
11
15
9
6
1
4
9
6
5
4
8
7
8
17
16
18
21
15
6
6
1
2
0
5
6
4
9
8
2
5
8
10
7
8
12
21
16
17
16
23
15
22
6
6
1
1
2
7
15
15
18
4
8
2
5
2
17
13
21
17
16
15
17
22
27
27
14
12
4
2
5
5
10
5
8
9
6
6
5
9
12
15
24
21
31
29
20
29
36
29
22
18
9
7
2
3
6
5
12
10
8
10
10
11
13
11
17
13
24
25
27
21
38
32
18
16
6
7
1
9
7
5
8
9
8
10
10
17
26
12
17
9
11
16
9
16
12
9
2
2
2
1
0
3
5
4
5
7
6
7
9
6
12
13
17
5
5
10
9
14
13
8
7
6
5
1
1
5
5
7
9
4
4
6
10
5
15
18
15
12
13
21
23
13
22
13
12
6
4
1
0
10
13
15
5
6
7
5
4
10
5
4
15
10
14
21
23
17
17
15
6
8
0
0
1
2
11
4
9
11
10
4
12
10
11
10
17
14
14
18
12
15
25
14
8
8
3
1
1
4
7
6
9
6
5
5
5
9
6
8
17
16
21
25
19
32
43
45
30
22
16
3
3
6
6
5
10
16
5
9
8
7
6
4
15
24
16
28
23
30
40
28
42
35
12
12
3
1
4
5
11
9
10
13
13
7
14
14
16
12
5
9
13
8
15
11
4
2
3
1
2
4
5
7
5
1
9
5
6
5
5
15
5
9
9
14
10
9
7
22
6
4
2
3
1
6
5
10
11
5
6
5
7
7
9
12
14
9
10
10
13
21
11
14
8
3
4
2
0
5
8
11
3
4
10
7
7
15
15
26
10
11
12
15
9
25
18
21
8
3
1
0
2
11
6
8
16
16
4
6
7
13
4
6
10
15
21
13
25
32
25
15
13
6
2
4
2
5
10
12
11
10
6
10
5
10
11
8
19
9
21
22
25
21
36
29
30
18
12
6
3
7
5
11
17
8
11
13
13
10
10
7
19
26
30
19
21
27
27
40
36
26
24
5
1
6
5
6
8
7
9
11
9
11
13
16
12
21
16
14
24
24
15
11
3
8
2
1
1
6
6
10
3
4
6
15
19
9
5
15
22
11
9
7
16
17
12
5
9
5
1
0
4
4
8
17
6
9
7
13
11
8
5
7
4
3
10
7
10
13
15
11
10
4
1
3
2
10
9
10
6
5
2
4
6
10
13
14
13
18
6
14
12
21
20
15
11
6
4
1
3
4
6
14
6
6
7
4
6
5
3
19
12
15
14
12
17
22
24
21
7
5
2
1
1
6
10
7
12
10
7
4
8
9
12
9
13
17
15
23
18
34
45
49
25
12
5
4
2
1
8
4
17
16
19
7
13
14
16
12
6
28
18
25
31
33
52
44
38
25
21
9
3
4
3
5
11
15
5
16
13
12
9
8
10
15
18
9
19
15
13
11
5
0
0
2
3
5
12
8
6
7
9
8
8
3
8
8
7
15
7
14
9
14
11
9
1
4
1
1
0
3
10
7
4
8
4
3
7
5
6
6
10
11
4
8
17
20
17
9
7
3
4
0
1
3
14
6
2
2
5
20
7
4
6
11
14
15
11
19
18
22
18
12
12
4
2
1
1
4
12
14
9
8
9
3
10
9
16
14
8
15
12
21
14
33
38
23
8
10
3
3
0
7
9
7
9
6
6
6
3
6
13
8
10
11
20
22
19
29
38
43
38
16
10
5
3
3
7
10
7
13
17
10
15
19
16
12
22
23
21
23
20
31
37
48
33
27
21
5
5
3
11
3
4
14
7
10
17
16
15
16
18
19
15
12
22
11
13
9
7
5
0
2
2
9
9
6
5
6
10
7
15
7
7
7
6
5
12
10
14
21
18
12
1
5
1
1
3
9
6
9
8
8
6
7
1
5
11
7
8
5
4
15
13
11
24
