1186
1625
1505
1051
557
237
175
201
206
292
430
624
716
753
766
690
634
716
740
670
632
574
436
298
192
118
69
54
64
188
589
976
1141
926
735
758
737
788
847
794
645
765
853
817
656
654
533
355
233
148
85
66
67
159
484
969
1241
1130
913
859
799
790
845
804
732
1001
1017
902
828
699
641
482
282
180
121
103
81
171
513
949
1332
1107
948
827
819
889
919
849
740
897
1025
1100
984
978
914
818
725
581
418
289
176
103
183
278
469
750
876
1029
1078
1026
898
990
848
1022
1176
1246
1108
1028
1108
1111
839
653
487
315
214
109
147
186
374
533
845
985
1044
947
892
831
792
872
815
794
741
556
446
311
168
104
74
66
58
186
627
1097
1196
1028
774
764
691
726
807
892
703
787
914
845
725
612
553
374
211
123
87
56
65
172
577
1174
1260
1097
870
812
778
759
819
905
719
934
994
882
761
758
609
343
180
127
66
82
83
173
581
1203
1320
1098
881
855
816
744
919
1011
750
911
949
964
859
841
631
426
263
121
79
64
115
163
556
1174
1299
1143
921
833
805
796
892
958
773
952
1026
999
927
805
682
521
352
198
150
118
81
167
582
1201
1345
1244
959
894
848
1026
970
971
817
990
1316
1461
1226
1164
952
924
775
498
369
250
173
101
171
282
601
822
1049
1117
1241
1117
1000
1043
971
1034
1263
1264
1230
1157
1050
1090
955
679
512
368
239
101
131
196
413
626
910
1120
1107
1001
988
879
910
885
874
676
670
476
452
375
181
111
97
51
78
202
599
1101
995
956
816
821
724
699
775
892
726
792
900
806
711
761
669
309
178
106
74
51
46
170
599
1182
1226
998
943
831
900
800
921
930
868
1300
1712
1600
1018
866
748
493
258
145
79
53
64
212
663
1023
865
1073
996
929
888
777
906
941
736
988
1065
951
890
825
648
423
243
133
85
62
77
203
652
1214
1322
1148
963
896
811
781
910
943
754
991
1124
1024
891
884
710
554
367
208
165
91
104
217
595
1202
1138
1110
1108
997
896
941
964
924
764
1001
1129
1222
1150
1043
1032
861
686
536
366
263
226
149
221
322
535
790
923
968
1033
1008
874
837
866
932
1172
1247
1081
967
1057
1035
830
572
472
342
255
96
139
193
334
561
729
896
979
1015
974
848
779
822
931
803
866
763
837
614
408
288
197
105
111
124
251
390
639
814
844
884
921
980
1020
905
837
933
843
793
643
655
459
339
160
97
78
46
53
180
656
1330
1296
1182
997
970
956
892
995
1049
854
1005
1073
1049
824
822
586
386
189
107
67
55
62
206
679
1252
1246
1111
1065
960
960
915
967
1095
865
1064
1199
1069
917
906
686
423
225
112
75
57
63
183
652
1051
1006
945
1006
940
930
895
962
1057
874
1119
1297
1162
1052
1034
864
594
364
234
137
95
98
204
639
1260
1296
1266
1066
1006
990
985
1057
1041
921
1095
1189
1255
1103
1057
1008
879
760
531
354
292
158
121
188
335
650
947
1114
1230
1265
1218
1154
1101
953
1121
1376
1192
1244
1220
1317
1204
887
670
573
394
241
119
139
307
387
715
1012
1131
1258
1145
1066
1049
854
968
892
880
674
591
497
310
188
99
80
67
70
190
648
1187
1037
665
896
835
889
748
925
1095
789
843
883
855
699
609
457
297
156
89
39
52
50
172
656
1176
1299
1033
884
798
759
780
849
914
748
1029
1283
1137
814
772
634
403
227
128
73
44
61
152
619
1260
1298
1079
1007
811
758
717
892
902
746
880
1082
1029
812
757
602
406
261
159
117
69
69
193
690
1158
1127
1090
1051
859
849
795
934
1007
880
1100
1350
1168
1049
1018
869
634
396
217
160
92
95
178
652
1244
1245
1184
1078
1057
946
971
1107
1014
895
1079
1408
1396
1264
1288
1222
1049
890
575
419
279
236
149
194
293
672
970
1108
1228
1374
1298
1328
1114
993
1094
1404
1119
1230
1202
1319
1123
991
703
449
322
206
74
147
207
472
642
961
1102
1170
1113
1011
979
1007
1294
1297
609
712
746
687
1010
324
163
108
66
76
239
647
1082
823
853
920
858
841
782
919
967
764
947
1052
909
800
568
486
288
180
102
58
42
57
186
660
1154
1165
1157
956
840
884
840
940
964
765
897
1048
991
860
811
655
387
214
117
58
43
74
197
615
1247
1141
1124
945
917
876
872
917
966
812
957
1130
1010
939
848
662
382
292
162
90
65
76
207
621
1342
1219
1120
1051
958
855
868
973
969
827
1051
1200
1138
999
945
760
555
400
244
170
95
94
219
601
1137
1304
1210
1025
1024
995
927
945
843
643
733
717
757
563
531
525
478
411
353
232
163
127
78
121
156
247
448
587
682
702
720
812
875
873
1040
1267
1284
1131
1171
1208
1132
898
633
427
359
222
132
155
246
444
712
1028
1044
1168
1065
1019
955
877
939
974
819
679
556
464
362
185
82
57
52
66
219
650
906
581
477
734
799
769
735
839
827
754
792
952
845
711
683
515
281
201
103
66
64
65
167
641
1233
932
868
879
878
834
757
843
874
771
968
1117
1072
945
844
623
389
275
144
85
66
75
178
653
1242
863
885
922
851
848
818
898
1000
775
1010
1195
1051
983
858
733
544
299
154
105
64
76
196
612
1301
1168
1091
1071
860
868
867
893
953
796
1068
1322
1334
1212
956
865
700
529
273
185
125
128
214
634
1269
1307
1168
956
887
873
871
836
820
730
927
1119
1186
974
900
966
935
695
518
361
267
195
141
234
357
668
910
1001
1052
1098
1054
985
1024
927
1041
1229
1133
1131
1141
1201
1067
833
635
501
382
240
137
182
216
372
607
901
1068
1074
1034
1017
1040
868
1004
1051
1104
955
828
780
644
425
296
199
109
116
125
317
513
847
943
960
992
996
977
985
861
865
939
1030
870
777
637
505
374
228
105
72
54
79
176
657
1081
1289
1039
881
789
890
977
931
849
754
788
895
830
748
611
540
380
213
140
61
50
56
181
643
1295
1315
1065
965
902
866
852
986
957
860
923
1136
1064
949
886
757
478
268
111
86
44
70
161
637
1279
1356
1236
1021
962
884
836
971
951
843
1096
1228
1180
1052
979
803
539
355
222
167
107
117
192
575
1210
1490
1255
1015
961
948
935
999
954
841
1036
1297
1313
1089
1115
1042
1008
813
571
349
271
208
132
206
389
713
1124
1296
1384
1302
1087
1301
1252
1008
1146
1406
1151
1165
1310
1238
1157
910
644
460
376
245
134
159
282
478
747
1002
1182
1210
1190
1191
1054
1003
1034
1144
963
714
570
618
394
522
140
81
45
69
229
631
1178
1135
962
920
784
748
818
839
961
764
831
947
844
726
605
476
323
191
109
75
48
73
178
657
1324
1278
1143
940
882
821
799
847
981
765
954
1078
1045
889
863
759
508
302
157
78
72
93
251
761
929
667
913
997
911
834
755
880
989
771
953
1044
1100
878
820
658
442
231
116
78
67
66
195
687
1296
1234
1110
964
818
841
851
970
918
742
991
1153
1146
968
928
823
601
430
271
155
114
111
212
640
1244
1306
1165
1081
960
914
948
1098
969
819
1007
1298
1384
1256
1080
1068
985
852
520
442
333
187
162
250
387
744
1101
1226
1319
1381
1206
1251
1154
965
1230
1365
1054
1120
1158
1277
1188
980
680
470
356
225
151
187
301
467
763
1038
1211
1171
1038
1205
1111
987
1081
1146
1030
790
658
527
390
201
108
78
58
98
209
637
1117
984
773
895
811
786
784
876
974
785
928
1034
940
724
707
511
313
199
120
59
36
66
165
630
1285
1243
1148
942
828
862
759
886
895
801
1039
1166
1005
890
808
648
398
195
145
83
54
67
176
641
1366
1343
1196
1000
978
923
847
890
985
799
950
1061
988
877
781
624
417
275
139
106
51
90
151
621
1381
1302
1213
1018
892
845
850
966
1043
862
1169
1207
1181
1016
913
791
543
385
192
143
89
111
213
662
938
710
767
952
914
883
837
856
969
771
995
1219
1186
1086
1019
1026
924
770
550
374
273
227
131
245
451
744
1028
1199
1331
1219
1012
1111
1086
852
1048
1292
1095
1094
1238
1311
1264
976
695
542
321
160
195
229
431
724
960
1209
1213
1089
906
974
845
993
1030
1023
857
746
544
372
223
109
79
48
74
197
606
1061
1057
942
890
820
753
797
834
901
812
908
1024
889
671
629
511
356
197
105
61
45
50
204
638
1131
686
887
1020
1007
904
975
987
1048
736
963
1000
941
810
745
601
388
232
130
75
71
70
193
615
1213
1004
384
901
949
840
845
872
883
778
972
1108
1060
973
928
718
464
308
178
109
74
90
183
634
1163
1052
970
1059
990
997
965
982
1004
814
1019
1219
1248
1133
1016
932
667
417
263
145
105
137
195
596
1186
1012
1143
1024
998
894
876
1054
999
749
1009
1159
1271
1130
1045
1093
915
733
549
393
236
193
123
207
384
607
963
1105
1174
1320
1157
1173
1186
857
1298
1544
1091
1272
1370
1490
1361
1095
761
491
319
242
155
391
334
469
754
1011
1156
1345
1194
1141
1055
917
1047
976
917
908
765
621
406
272
146
115
71
129
215
602
1109
1054
1027
841
763
804
805
844
805
706
877
1055
1008
890
806
630
419
214
106
62
47
65
178
592
1171
1161
1059
954
995
838
708
703
724
599
747
823
899
806
720
574
412
259
123
121
70
67
190
644
1138
1373
963
935
783
791
820
720
780
692
756
873
922
836
810
693
428
243
159
98
77
71
193
567
1170
1357
1170
914
806
806
806
742
730
572
765
882
890
1003
907
808
615
401
267
156
99
95
197
543
1119
1340
1130
1028
959
848
856
849
853
680
876
1101
1226
1091
1054
1044
937
767
565
386
285
204
140
232
399
602
839
1066
1154
1188
1118
1093
1051
843
1021
1224
1156
1197
1204
1135
1108
911
623
472
357
251
123
188
213
412
632
975
1045
1160
1023
985
886
846
890
909
798
778
641
521
363
246
124
63
72
87
187
526
971
1151
971
804
873
759
784
874
758
707
827
868
693
623
739
745
548
305
156
78
56
83
170
533
956
1151
987
841
705
746
698
732
714
604
762
743
716
728
788
753
613
365
171
103
80
100
184
549
954
1186
1060
820
741
759
770
672
692
603
653
795
889
832
751
743
592
350
204
115
76
99
172
524
989
1295
1067
875
761
936
807
812
799
651
874
986
950
907
853
872
786
630
401
248
167
161
160
392
609
1087
1053
930
882
875
855
859
801
754
799
961
1056
987
939
914
788
599
479
298
220
169
103
162
260
453
631
788
891
860
876
805
749
731
806
960
1042
945
859
893
840
603
427
302
217
181
96
144
201
355
572
803
1003
1068
981
882
727
765
742
810
806
839
678
561
241
182
109
69
69
75
176
489
956
1040
961
805
755
726
729
707
763
808
941
825
809
683
706
525
328
212
132
66
51
80
166
610
1158
1197
1167
999
790
882
808
851
865
751
917
971
919
930
871
632
409
252
122
83
57
71
177
634
1246
1306
1071
943
858
874
814
801
926
726
894
1075
1035
945
901
745
490
281
137
90
73
84
177
651
1267
1278
1048
931
915
894
860
895
953
779
1021
1146
1169
1040
899
870
596
378
253
122
110
119
197
619
1200
1306
1187
985
966
890
787
893
953
791
955
1164
1463
1199
1140
1177
1018
839
567
402
268
190
118
217
470
694
928
1101
1218
1194
1055
1040
1003
782
969
1242
950
1023
1191
1208
1260
1101
672
497
361
213
120
146
242
421
653
947
1079
1136
1104
994
964
793
945
1043
862
765
544
472
314
221
103
68
48
77
206
605
1141
1062
981
821
809
750
768
829
883
730
832
942
885
768
677
509
382
256
136
65
34
72
182
627
1127
1282
1089
859
797
796
758
858
886
746
965
1074
969
868
770
681
404
258
134
81
55
69
184
608
1216
1298
1085
942
829
807
723
816
908
757
942
1178
1603
1062
751
891
479
248
131
74
53
84
198
663
1252
1258
1114
969
890
915
841
962
959
769
1074
1129
1113
982
909
767
578
400
251
146
92
121
197
638
1270
1084
794
1015
1047
987
855
1090
937
792
1008
1313
1335
1140
1068
1118
982
890
499
338
273
173
116
224
384
645
986
1067
1204
1304
1158
1030
1033
796
994
1295
1119
1121
1199
1268
1249
1023
611
394
318
229
98
163
325
470
685
884
1030
1083
1044
1000
855
790
873
946
865
758
742
494
402
196
113
60
62
80
212
645
1111
1010
973
855
784
780
789
811
915
749
857
959
847
764
752
509
356
197
95
84
51
63
186
614
1179
1143
1042
925
872
805
756
894
951
734
910
982
916
831
728
627
421
248
131
89
54
65
197
650
1232
1258
1106
921
858
825
805
784
871
730
946
1009
982
886
845
741
471
254
175
111
57
81
196
621
1227
1214
1111
962
844
941
849
913
955
852
1052
1258
1009
951
853
815
607
359
241
147
109
99
192
612
1232
1309
1162
979
929
928
915
975
849
682
960
1152
1240
1136
1080
1105
1017
816
557
394
302
165
121
229
433
755
1137
1120
1239
1314
1170
1128
1108
887
1078
1376
1243
1199
1299
1366
1244
997
675
505
323
208
139
170
349
496
795
967
1149
1225
1119
996
917
853
893
927
861
865
679
589
342
173
98
74
39
85
183
619
1132
1112
966
856
770
787
726
830
883
744
801
1001
785
769
751
550
338
181
107
63
43
72
159
648
1150
1112
1082
922
943
895
845
937
919
749
975
1096
905
877
757
699
408
233
120
88
53
70
196
665
1212
1245
1021
918
866
821
728
843
882
723
962
1104
1065
955
938
715
454
242
130
75
61
89
213
663
1217
1276
1086
950
795
835
767
902
792
713
991
1134
1093
974
975
917
613
379
236
129
111
116
200
634
1209
1253
1024
907
911
873
863
929
883
717
955
1169
1275
1078
991
1024
1054
826
543
314
259
219
112
206
373
635
951
1033
1116
1084
1047
955
924
762
890
1114
1148
1140
1172
1155
1131
856
684
466
301
194
113
151
266
476
638
896
1017
1114
1032
916
822
840
896
981
854
851
646
481
296
186
105
68
55
78
187
667
1164
1003
919
912
883
840
887
948
938
762
775
926
756
677
617
498
305
196
90
55
42
64
186
629
1255
1217
1077
872
851
722
787
816
903
654
899
1062
952
981
889
723
413
