20
54
49
38
31
31
19
18
8
4
8
6
8
5
7
5
4
5
1
8
5
6
3
3
9
3
3
3
2
3
0
0
1
0
1
0
1
3
6
2
2
4
4
2
4
5
7
9
4
5
4
3
1
0
1
2
0
3
2
2
1
3
3
1
2
2
1
7
4
7
5
8
8
8
13
11
3
0
3
2
2
1
2
2
3
1
3
3
4
0
2
8
8
6
8
15
24
23
28
28
17
4
5
2
2
0
0
5
4
4
2
1
4
2
6
8
10
9
14
14
19
29
27
13
17
2
3
5
2
1
8
1
3
4
2
1
2
5
2
2
6
3
9
7
3
7
6
4
6
0
0
0
0
2
3
0
2
0
3
2
2
1
3
7
5
3
6
5
13
16
7
3
4
6
0
0
1
2
0
1
1
3
4
0
0
2
7
3
4
9
5
4
6
8
7
0
4
1
0
1
0
0
2
1
1
1
3
2
1
3
1
5
3
4
5
4
6
12
2
6
7
3
0
1
1
1
1
1
6
3
0
1
2
1
2
7
6
13
8
9
11
11
10
10
5
1
2
3
3
2
2
1
3
3
0
1
0
3
2
7
5
8
15
16
26
38
40
28
15
3
1
1
3
1
2
2
2
3
5
0
0
5
0
4
7
10
6
17
28
41
32
22
20
7
4
2
2
5
2
4
2
2
2
2
1
8
7
4
5
5
5
17
6
5
5
9
3
0
1
1
0
1
1
0
1
2
3
0
0
1
6
3
4
3
8
12
10
15
12
7
4
0
0
1
0
2
3
1
1
5
2
3
1
2
6
13
4
6
4
10
12
6
7
5
5
1
3
0
0
0
1
0
2
3
1
1
0
1
7
4
7
6
7
10
12
8
4
6
7
0
1
1
2
0
0
3
2
9
3
0
4
1
2
4
5
5
5
13
17
19
15
11
8
3
1
0
1
1
1
3
4
1
2
0
1
3
5
8
6
12
14
26
22
39
28
31
23
3
1
1
1
1
2
4
3
5
5
6
4
3
7
6
11
9
9
28
44
45
45
34
19
11
9
3
3
0
2
1
6
2
4
6
4
3
7
5
2
7
6
13
13
10
13
15
12
3
0
0
4
0
2
4
2
3
2
0
0
3
4
1
4
3
5
14
11
8
4
3
2
0
1
1
1
4
2
0
1
3
3
2
1
2
3
7
5
2
13
9
9
7
5
6
3
1
1
0
2
4
1
1
5
0
4
2
2
1
1
4
5
7
15
17
12
9
6
1
2
0
1
1
1
1
1
1
3
3
3
1
1
1
3
7
2
7
16
8
17
11
14
12
5
2
0
0
1
2
1
2
0
3
2
1
2
2
3
5
10
12
13
25
28
32
39
29
17
8
1
3
2
1
4
3
2
2
3
4
1
1
8
9
9
13
18
18
40
35
40
25
14
6
1
2
1
2
3
0
0
4
4
4
1
4
4
7
2
3
8
13
8
5
1
3
2
0
0
2
0
1
0
4
2
1
1
1
0
2
3
7
5
6
6
9
2
6
5
1
2
0
1
1
0
2
0
0
1
2
5
3
1
5
4
2
3
6
7
8
6
8
10
1
3
2
2
1
1
3
0
3
0
4
4
4
1
2
1
6
4
9
8
12
11
10
7
1
2
2
1
0
1
0
0
0
1
2
4
3
2
1
5
4
7
2
10
20
15
17
11
8
8
2
3
4
7
1
1
1
1
1
3
1
1
3
2
5
9
12
8
27
37
40
32
18
22
5
2
2
3
1
0
1
2
5
2
2
1
1
9
10
9
9
15
27
43
33
41
61
23
10
2
5
0
1
5
4
2
3
6
2
11
9
8
8
7
7
11
33
18
11
6
3
6
4
0
1
4
3
3
3
1
2
1
4
2
4
5
6
6
7
9
9
12
13
13
4
5
2
4
5
3
3
2
3
1
4
2
2
1
1
0
3
2
4
9
8
12
8
6
4
3
0
0
0
1
0
1
2
1
1
2
3
1
4
3
4
5
7
13
14
12
9
7
9
8
2
1
3
1
2
4
1
2
4
3
1
3
2
2
2
8
11
14
15
17
22
11
12
24
3
2
0
1
0
3
1
3
2
0
2
4
2
6
3
5
4
6
18
21
5
10
6
10
1
0
0
1
1
1
1
1
2
3
2
4
4
9
7
6
13
14
20
18
24
36
35
26
9
4
2
5
3
1
2
1
4
3
3
6
4
4
6
7
10
15
10
18
5
3
1
6
0
0
0
2
3
4
0
0
0
4
1
2
2
2
2
3
4
8
13
9
8
7
7
4
2
1
0
0
0
0
2
0
3
3
4
0
1
9
4
4
8
7
12
7
4
8
2
2
2
1
3
3
4
1
1
0
3
0
1
0
1
3
9
5
6
10
16
12
20
13
5
2
2
2
1
5
1
1
1
1
2
4
1
2
3
8
6
11
6
12
16
21
15
21
7
10
3
1
4
6
5
4
2
5
5
2
5
1
4
2
5
11
10
6
14
33
28
46
35
28
5
2
2
2
1
0
2
3
3
6
5
3
1
11
14
12
10
7
36
34
57
63
46
19
12
4
3
2
3
2
6
2
1
5
3
6
6
4
11
13
9
18
21
14
26
12
7
8
4
4
2
0
1
2
3
1
3
0
2
3
2
4
5
5
7
5
7
7
8
9
3
3
1
1
0
1
1
1
0
1
2
2
6
3
1
0
6
4
5
10
10
10
7
7
1
8
2
0
1
1
0
1
3
0
2
3
1
1
3
2
4
7
5
11
9
16
14
8
2
9
0
1
0
0
2
1
3
1
4
2
2
3
0
4
6
10
8
13
16
19
22
16
13
10
3
0
6
5
8
5
4
4
0
6
5
6
4
2
6
11
16
21
21
36
40
35
40
24
8
4
1
2
3
3
2
5
11
11
7
2
0
4
9
9
11
18
15
26
44
38
35
28
8
5
2
0
2
6
3
3
4
5
5
5
6
14
15
9
13
15
12
19
7
3
2
3
0
1
1
0
0
0
1
1
1
3
2
2
2
1
6
5
4
8
9
9
2
8
1
3
1
1
0
2
3
0
0
2
2
4
4
1
1
1
11
11
5
17
22
23
7
5
4
2
3
1
0
1
2
3
1
3
1
2
1
1
4
3
5
5
9
7
9
12
10
5
5
5
3
1
3
1
1
0
1
1
3
2
2
2
1
4
4
9
5
15
15
8
15
11
12
6
4
4
2
0
2
1
1
7
5
1
3
1
5
6
11
15
12
14
21
34
53
33
41
28
10
1
5
1
3
0
2
3
4
7
4
2
3
2
14
11
7
20
27
31
48
35
26
31
8
2
1
6
2
0
3
3
2
4
5
3
4
9
11
7
8
7
11
10
9
7
7
0
1
5
1
0
2
2
1
0
3
1
8
10
2
5
4
9
13
7
11
13
8
5
5
4
0
0
3
1
0
1
0
1
1
1
2
0
1
4
5
5
6
13
11
11
11
5
5
6
0
3
0
0
0
2
1
1
3
3
6
2
1
1
0
6
8
7
6
12
9
7
5
4
0
0
2
3
1
2
2
2
3
2
2
1
1
5
10
8
16
11
17
9
17
14
12
8
1
1
0
5
2
2
5
6
2
0
2
0
2
2
5
5
14
19
17
35
32
38
16
29
12
3
2
3
1
2
4
5
3
1
2
2
4
4
8
5
13
17
31
23
43
49
39
18
9
1
3
4
5
6
2
2
3
8
5
4
3
5
4
5
7
12
4
6
3
4
2
0
3
1
0
2
1
1
2
2
2
2
0
2
0
3
1
8
11
5
11
8
5
7
0
0
1
2
0
2
1
0
3
8
1
1
2
0
4
4
4
5
5
8
15
8
11
6
4
0
0
4
2
4
3
0
2
1
1
6
1
2
2
3
10
14
9
7
15
10
6
6
6
1
2
1
1
1
1
1
2
0
1
2
0
3
6
5
8
12
15
15
22
17
10
5
7
1
1
0
0
0
2
0
1
2
1
6
8
2
3
8
10
11
14
19
38
41
40
43
19
4
5
3
1
2
0
1
3
3
5
6
1
3
4
10
10
14
20
25
21
36
32
28
20
6
2
5
3
5
5
7
6
8
6
3
2
6
3
2
11
11
5
8
14
18
4
3
1
1
0
1
1
1
1
0
1
1
3
10
2
3
2
7
12
6
12
10
10
5
12
5
4
1
1
0
1
2
1
1
2
1
1
4
1
1
4
5
6
6
9
10
18
16
11
7
6
3
2
1
3
1
2
1
1
3
1
0
1
1
1
8
14
8
14
11
10
20
8
4
3
3
1
0
0
1
1
2
4
1
5
1
3
1
4
2
6
8
27
18
23
18
6
7
8
4
3
1
0
2
3
1
1
1
0
4
2
1
7
7
1
12
13
22
33
45
54
36
33
6
5
3
1
2
0
6
4
3
3
3
1
3
5
9
15
19
17
20
52
44
42
25
36
7
6
2
2
1
2
7
1
5
1
2
6
7
5
8
8
8
7
10
14
9
6
6
9
0
4
3
2
0
0
2
1
3
3
3
3
1
8
2
7
3
3
4
9
7
6
3
2
1
2
1
0
4
0
0
1
0
1
2
0
3
4
0
4
5
7
7
12
6
6
5
3
2
1
2
0
3
0
2
1
2
1
1
2
0
2
4
5
13
12
17
18
14
10
4
4
3
0
1
3
1
1
2
1
0
5
3
3
2
6
6
6
12
13
17
21
18
11
17
12
2
1
1
2
1
1
1
0
4
3
4
3
4
4
3
12
13
11
25
36
35
40
24
16
4
2
1
2
1
1
3
2
4
3
5
2
4
5
10
8
12
17
21
25
32
43
36
21
8
4
1
4
2
5
4
7
2
5
5
2
2
4
8
14
6
10
2
8
9
7
7
6
2
0
0
1
0
0
1
1
2
0
2
2
4
8
6
5
9
10
6
14
8
10
7
5
0
0
0
1
1
0
0
1
1
1
4
2
1
4
3
7
12
12
29
15
5
4
4
4
2
4
6
4
0
2
3
2
3
4
5
2
1
3
10
8
10
15
15
10
10
7
4
4
1
2
1
2
1
1
0
3
1
0
2
2
5
5
7
13
11
15
19
12
9
16
12
6
2
2
2
0
1
1
0
3
1
2
1
1
2
3
4
8
13
21
33
34
35
30
29
14
4
5
7
4
1
3
0
2
3
1
3
5
6
3
5
9
11
14
18
45
35
37
32
27
6
4
5
3
2
2
7
7
8
4
2
4
2
9
4
6
8
7
12
9
11
4
5
3
1
1
2
0
0
4
1
0
3
5
2
1
6
1
2
11
7
15
4
7
3
8
3
1
2
0
0
1
1
0
1
4
3
3
1
0
2
4
8
7
5
11
11
12
10
5
6
7
2
0
1
1
0
3
1
3
1
3
2
1
5
4
18
12
4
17
11
15
9
9
6
6
2
1
1
1
0
0
1
4
3
2
1
2
0
4
8
14
13
6
13
24
11
13
8
10
2
3
1
1
5
0
0
1
3
3
3
0
1
5
13
7
6
18
16
35
38
35
41
25
8
11
6
14
13
12
10
12
7
9
6
8
8
10
21
16
21
18
26
34
42
46
34
32
10
7
4
5
3
8
11
6
10
7
11
7
4
16
21
9
8
8
17
11
12
8
8
7
0
1
1
0
0
3
2
2
0
4
3
3
4
10
9
8
4
12
11
5
12
6
5
3
1
1
1
0
0
0
1
3
2
0
2
1
5
2
3
1
6
11
12
17
8
6
1
7
1
1
2
1
1
1
0
0
7
4
4
0
4
1
4
1
7
9
10
9
4
9
6
6
1
0
1
3
0
1
5
4
1
2
3
1
0
4
2
8
9
13
16
13
12
11
10
4
3
1
1
1
4
2
2
2
1
3
0
2
1
2
8
7
9
14
35
24
39
32
22
20
7
5
1
1
2
2
2
2
2
3
6
5
4
5
8
11
15
17
30
38
38
48
38
32
5
4
1
2
2
3
1
5
5
2
3
4
3
3
10
8
12
9
9
14
7
9
6
1
2
0
0
2
1
0
2
0
0
1
2
1
2
3
3
8
8
11
5
12
8
7
2
5
0
1
1
0
0
1
2
6
2
3
1
1
0
0
5
5
12
35
22
15
6
9
5
8
0
1
1
1
2
2
0
1
2
3
1
1
2
3
9
4
8
9
11
10
17
5
7
10
3
2
1
0
2
2
0
2
2
1
2
3
5
4
2
7
7
12
14
23
20
5
7
15
2
1
0
1
0
3
1
0
3
2
2
0
2
2
3
8
12
13
16
33
50
35
30
23
5
4
2
4
2
2
3
3
4
2
4
5
3
8
11
15
17
30
38
46
51
56
35
25
15
8
3
3
3
2
3
4
8
6
4
5
4
11
5
5
11
13
19
11
11
11
8
3
3
0
0
0
0
1
0
3
0
3
3
1
1
5
3
6
4
11
4
9
10
10
2
4
2
0
1
2
1
3
2
3
4
5
1
0
1
4
5
4
8
12
10
