87
105
113
80
84
69
49
30
18
27
26
27
27
25
30
33
35
47
22
31
31
42
26
27
14
8
8
3
4
10
22
37
81
27
27
36
26
29
31
41
26
41
32
37
40
24
35
31
25
21
15
7
13
6
21
49
51
36
28
32
40
34
23
40
22
36
48
36
37
39
29
41
25
19
12
10
14
10
28
43
53
31
33
29
25
37
38
42
37
45
40
51
43
49
43
31
31
17
30
16
20
15
19
24
28
34
31
31
47
19
30
34
26
46
43
42
41
42
47
49
40
25
38
20
22
13
24
26
26
35
28
43
41
33
39
40
35
49
33
35
25
34
28
24
22
22
11
7
5
7
19
73
56
28
36
20
24
20
27
29
37
43
44
34
32
30
30
28
17
14
15
9
11
11
28
52
61
37
22
29
30
21
25
22
25
45
46
27
37
23
28
26
22
47
9
4
11
12
18
49
65
36
34
23
27
31
30
28
28
40
39
37
33
37
23
32
25
11
8
7
9
14
29
50
71
50
28
37
36
22
37
27
28
44
37
43
31
30
29
30
21
19
14
14
16
7
24
45
59
39
39
30
36
45
33
33
41
66
59
41
48
61
54
51
33
26
34
16
17
11
17
29
30
45
25
37
37
33
32
34
37
45
43
45
38
43
46
49
42
41
28
22
19
22
17
33
28
35
41
36
40
51
31
49
26
36
41
23
30
21
24
30
25
15
8
6
8
11
17
43
50
34
29
30
27
22
24
29
35
30
31
30
39
26
34
28
12
12
6
9
3
5
30
45
61
42
21
23
30
31
23
26
18
40
49
33
33
22
22
29
23
16
15
10
7
16
27
72
65
46
25
29
29
35
21
15
36
49
26
46
23
33
33
19
14
18
10
7
7
14
30
56
64
40
30
39
42
17
33
36
38
44
40
36
29
32
29
44
27
18
12
8
5
8
27
66
57
39
35
34
34
28
41
39
43
40
63
53
42
50
53
56
37
40
23
27
39
15
14
14
37
40
35
39
51
42
39
31
39
41
37
50
37
37
52
39
47
41
38
27
28
22
13
21
28
35
37
44
23
30
33
43
31
49
44
37
37
29
45
36
34
29
16
16
13
8
16
20
30
15
21
28
27
33
39
29
31
41
31
18
29
29
32
30
27
10
10
11
4
12
24
50
67
42
38
32
28
31
32
28
30
48
53
47
44
36
26
27
20
13
19
5
8
14
25
58
81
43
44
30
33
30
31
40
40
49
58
40
36
27
41
28
29
15
18
13
11
14
32
64
75
53
33
23
30
37
26
32
47
48
56
42
44
28
40
36
24
27
14
9
10
17
31
59
84
45
47
34
32
45
35
40
27
52
77
57
55
54
50
59
50
42
40
27
23
21
30
21
47
48
34
45
45
43
33
44
44
55
51
65
52
56
55
61
52
34
32
26
22
21
17
31
34
44
51
44
30
44
47
39
41
30
41
40
31
35
36
29
22
13
11
6
6
12
26
65
52
32
31
24
22
39
34
36
26
36
40
36
29
33
25
27
13
11
9
10
7
7
33
57
58
42
24
27
29
34
26
22
20
42
48
43
36
39
23
21
14
15
8
5
8
8
30
56
62
46
50
28
34
32
33
40
27
42
37
52
38
33
41
22
24
15
14
8
10
12
21
67
60
50
28
30
23
23
27
35
30
47
62
55
52
53
45
39
24
26
12
7
16
13
26
53
71
54
41
40
43
37
39
43
41
81
64
70
50
46
62
61
44
32
40
27
30
17
7
26
40
53
43
42
31
53
44
48
37
48
63
44
43
46
59
60
37
29
28
26
19
15
13
24
36
47
50
48
43
39
42
52
59
70
65
44
40
25
41
79
28
17
11
8
17
16
24
59
72
61
36
28
41
48
40
29
32
35
40
23
47
33
23
42
21
9
8
5
8
11
35
60
75
46
30
32
27
39
41
34
34
43
51
31
32
27
30
36
19
17
6
8
8
5
27
51
65
44
45
36
35
34
45
32
31
50
66
55
41
49
24
26
30
16
12
15
6
8
29
63
70
52
44
34
31
45
46
36
33
45
56
56
53
56
44
44
33
16
18
8
16
10
23
58
59
41
37
41
44
28
46
39
36
22
33
29
20
33
28
31
21
15
15
7
14
6
7
11
13
13
22
20
37
25
27
33
28
37
48
54
56
39
51
62
50
35
26
25
31
12
17
22
26
32
43
37
31
31
35
36
29
42
53
45
44
29
30
34
24
13
4
9
5
18
29
49
77
56
35
31
24
32
36
35
29
60
48
43
22
34
32
34
19
15
7
9
10
9
19
42
50
46
24
40
33
29
24
27
23
38
43
47
38
36
34
29
24
22
17
15
11
8
20
61
74
40
42
33
42
30
36
47
39
57
62
48
50
40
36
43
31
22
18
9
13
13
36
73
80
50
47
30
45
57
47
35
37
68
67
78
75
58
59
51
59
26
28
10
13
19
19
68
83
49
45
32
41
45
67
44
33
76
65
75
58
59
62
80
67
63
43
24
24
24
17
30
38
55
43
45
47
46
48
38
48
53
53
80
59
57
55
73
77
53
38
30
32
29
23
21
19
33
51
50
52
39
42
45
56
50
63
49
59
54
58
47
35
23
13
9
17
9
25
26
49
29
45
27
47
44
40
27
44
47
47
44
44
52
38
28
22
26
6
10
13
16
27
52
51
50
35
34
32
42
38
33
30
43
42
22
44
31
34
25
17
16
8
12
6
11
27
66
56
40
31
40
30
32
37
57
29
37
49
48
40
38
43
46
21
15
11
9
8
9
33
70
79
47
41
39
40
40
23
33
32
58
49
53
44
40
45
47
37
22
9
8
12
11
28
49
78
51
46
38
50
32
35
50
39
65
81
62
55
51
74
92
94
55
38
44
26
16
22
30
32
35
40
50
48
50
54
48
65
59
69
71
63
47
67
76
69
64
40
27
20
14
20
23
34
45
49
49
36
52
41
42
41
53
66
53
51
38
40
38
56
19
15
8
9
11
23
43
63
43
37
43
26
33
34
40
35
53
48
45
36
28
31
28
22
21
12
7
5
12
26
57
67
59
26
24
30
27
37
34
29
51
53
46
48
32
32
35
24
23
11
9
12
15
28
86
100
51
37
40
42
38
43
40
32
58
51
48
37
39
51
38
29
17
7
5
9
18
37
65
87
53
36
38
46
52
39
43
30
55
82
52
41
47
48
37
31
19
14
19
17
18
24
58
76
48
49
45
43
52
48
58
45
78
76
76
112
152
66
69
79
55
50
41
40
29
36
29
48
62
51
44
52
49
56
44
47
56
68
85
82
71
75
62
52
46
34
31
35
20
21
28
46
53
74
46
48
43
49
56
46
50
59
58
52
37
63
45
33
23
14
7
8
14
23
65
64
57
42
33
25
35
31
34
38
52
64
43
44
46
42
31
30
24
11
14
1
10
26
71
77
62
33
30
49
45
44
41
38
59
55
62
42
51
32
33
27
15
13
19
5
10
19
59
65
53
43
45
39
35
39
36
45
52
51
46
43
40
47
33
40
24
20
10
10
7
18
69
70
39
39
38
35
28
31
49
45
68
60
55
41
40
44
42
34
21
15
16
25
17
40
81
92
49
44
60
47
43
55
43
44
42
61
60
52
48
59
54
48
42
36
27
34
9
20
28
52
66
53
41
63
66
40
39
37
53
77
77
55
60
65
62
50
54
54
62
48
23
30
29
65
59
57
39
52
37
40
45
53
54
40
61
42
54
24
26
20
9
9
14
21
22
66
71
50
36
32
30
26
27
24
38
47
41
32
27
34
31
24
23
14
10
9
5
11
32
61
78
54
33
34
37
48
46
53
37
55
40
45
42
49
32
25
27
11
13
16
4
12
27
56
67
43
43
40
33
27
33
42
24
52
43
60
45
47
37
36
32
23
12
17
7
9
27
67
86
44
41
35
36
43
45
33
43
78
67
51
64
59
56
45
38
28
12
19
17
19
27
66
89
58
38
38
44
41
44
43
42
51
55
70
52
52
52
44
58
42
39
36
29
26
22
30
40
49
47
50
51
56
51
41
45
61
45
64
45
57
47
64
61
45
49
40
34
27
37
30
37
50
52
42
49
48
43
30
40
38
52
41
50
31
46
44
28
18
17
13
14
20
28
52
60
33
29
34
38
34
26
40
25
58
73
45
49
71
56
67
36
30
6
9
10
11
31
52
57
46
37
26
36
25
32
33
26
40
43
37
38
48
31
29
32
13
13
8
10
18
30
52
68
38
44
23
37
30
37
31
36
44
42
43
39
42
33
37
25
19
18
12
10
14
26
63
66
36
29
39
27
40
27
21
31
43
40
39
39
44
49
45
30
17
16
14
13
16
32
45
69
35
32
40
38
42
31
43
32
52
63
55
49
54
61
69
52
50
25
30
11
11
21
27
40
49
43
48
42
48
40
35
30
47
28
83
54
69
75
75
74
41
48
21
29
20
17
30
32
39
38
46
43
45
40
29
40
40
42
41
53
40
44
34
26
25
9
12
20
17
31
49
44
36
22
29
25
41
35
23
35
49
42
25
35
31
33
33
28
15
11
13
10
14
13
27
44
36
38
29
38
27
38
31
25
37
55
134
136
93
58
51
43
18
12
10
10
11
17
28
47
48
27
33
38
28
23
18
23
41
37
47
46
44
49
55
42
25
23
16
20
20
26
35
47
38
30
33
45
36
37
35
34
59
54
42
54
46
48
47
35
29
14
15
18
15
24
31
43
54
44
41
29
51
45
31
25
57
58
60
51
54
60
58
54
48
39
34
25
15
13
23
36
45
45
52
48
40
56
45
33
50
55
61
54
52
70
79
52
62
32
21
35
22
22
32
34
54
74
57
39
58
56
54
60
52
57
59
70
63
65
19
42
15
16
13
14
16
23
28
50
27
38
41
47
28
29
34
32
59
39
43
40
38
31
33
30
18
15
11
8
10
27
39
42
48
30
46
36
34
40
29
33
48
57
32
51
60
51
34
35
23
19
7
10
11
30
68
70
41
43
34
54
44
36
29
24
41
47
48
43
58
53
46
25
17
17
15
11
10
34
66
55
67
42
36
42
28
41
30
35
54
62
49
45
51
46
41
31
18
21
6
14
20
27
56
75
53
41
35
28
26
54
39
41
62
63
64
71
63
79
78
94
47
25
38
36
22
26
56
64
37
57
55
51
39
45
52
29
55
66
58
48
49
44
70
69
63
45
28
34
26
15
25
35
38
59
71
55
56
79
38
41
45
56
78
47
39
54
42
35
13
10
16
8
15
25
57
58
43
43
30
36
41
38
34
42
43
41
32
27
41
35
34
27
23
7
13
8
9
24
57
55
62
41
31
35
38
37
32
28
49
48
40
47
40
40
44
39
18
13
15
11
15
22
55
65
54
42
37
37
42
30
37
31
49
59
75
51
39
63
47
32
25
12
6
7
7
26
54
73
51
43
32
27
38
38
39
46
44
51
54
44
59
42
43
36
27
19
13
23
14
27
68
82
65
42
39
47
33
58
42
36
72
54
49
59
79
65
63
44
45
32
23
22
21
32
30
43
56
59
56
39
55
58
58
49
59
71
74
49
62
79
76
56
44
46
25
30
21
25
27
40
42
53
50
42
46
57
38
38
34
49
39
63
42
45
39
31
22
10
13
13
12
28
60
54
49
26
40
34
35
24
35
40
39
44
42
39
42
38
39
30
17
6
5
2
6
25
60
70
53
43
31
24
33
37
32
27
37
43
41
40
38
41
30
17
22
12
15
6
18
26
58
63
54
51
33
37
35
37
28
41
49
46
51
45
61
57
50
28
19
15
13
12
15
27
49
65
41
39
42
36
39
36
31
42
58
58
55
51
49
48
44
35
22
14
13
13
21
22
51
78
60
51
34
33
25
38
41
32
46
49
57
57
49
69
57
54
47
39
26
22
14
25
32
47
62
49
56
54
44
32
52
35
44
53
53
53
66
53
66
71
57
49
19
27
17
16
31
23
45
60
45
41
33
31
57
52
45
46
38
49
37
43
41
23
26
12
9
10
16
27
53
64
48
49
27
51
34
30
41
23
39
37
42
40
46
30
29
30
12
9
5
9
7
26
57
62
53
28
30
28
32
28
38
24
41
39
42
35
58
42
28
23
15
11
7
9
20
26
58
53
41
52
32
31
37
30
38
24
39
40
43
33
49
38
34
28
20
22
16
21
19
34
46
53
48
35
39
35
40
45
31
33
48
35
39
71
51
46
52
46
42
29
16
18
21
31
66
68
53
43
35
26
35
38
36
37
59
50
45
70
60
60
82
64
40
48
26
27
25
16
23
43
49
44
37
50
41
41
31
29
42
31
49
46
48
59
71
77
42
36
18
21
16
19
33
36
46
50
39
52
43
38
40
40
47
46
48
35
56
38
43
22
21
5
11
8
25
23
39
60
43
37
35
32
44
24
29
28
41
50
28
41
34
43
30
22
16
16
5
7
6
26
53
56
48
21
27
41
27
32
35
17
54
41
44
43
42
42
28
