250
342
283
194
122
86
75
76
78
95
137
134
181
159
154
138
162
150
147
118
107
106
86
74
37
29
24
18
16
60
144
219
234
189
155
124
126
131
122
127
102
136
124
118
124
94
84
75
46
27
12
23
32
55
136
239
258
201
145
140
146
129
137
108
106
112
156
134
119
90
87
81
51
37
21
20
36
55
133
273
296
211
174
142
163
135
125
124
117
144
171
200
183
180
140
164
112
77
61
42
27
29
82
112
147
189
186
209
198
171
172
174
154
166
200
241
197
195
195
194
130
113
66
51
52
39
62
89
92
130
188
234
212
170
192
150
158
152
170
132
103
104
71
76
48
27
16
11
22
54
146
227
209
177
123
135
111
106
134
100
109
143
145
108
99
74
93
74
47
39
15
19
18
59
138
239
236
186
160
124
138
96
117
126
90
136
144
133
120
86
109
55
33
21
23
16
21
52
154
277
251
186
132
130
135
126
119
119
93
135
144
151
140
96
67
71
62
33
12
17
22
57
170
261
248
197
154
128
141
132
136
141
120
132
148
157
120
109
106
93
65
32
19
16
28
52
161
262
248
223
166
150
128
155
155
135
129
156
208
297
230
193
167
165
108
73
57
43
37
27
62
98
166
191
215
202
203
192
210
159
166
169
216
252
208
217
202
211
155
92
79
46
57
39
59
82
113
161
210
234
213
199
184
152
178
140
145
138
115
94
94
90
39
31
20
16
31
60
159
233
185
147
145
125
109
109
120
103
114
112
132
132
90
90
83
67
36
26
12
17
24
55
143
241
221
112
148
127
122
114
119
109
125
224
236
210
143
111
106
84
51
23
21
21
24
75
173
258
218
149
164
159
136
126
107
121
107
153
151
179
125
131
85
70
39
22
16
17
31
60
173
272
233
184
165
141
137
135
133
120
99
136
160
192
156
119
105
95
63
44
27
16
31
60
184
288
216
185
160
147
161
150
139
116
99
141
204
239
211
193
168
185
119
78
59
58
51
38
77
107
156
192
214
219
202
224
169
151
153
170
205
260
198
198
193
204
130
103
59
53
56
24
51
90
97
149
201
220
215
210
182
171
167
164
184
127
114
122
151
112
85
56
41
21
33
36
84
131
150
159
138
172
175
139
148
135
111
133
149
136
99
94
69
55
49
24
14
16
20
65
190
261
207
195
163
141
146
138
129
130
109
137
178
153
145
139
92
73
42
19
14
7
22
55
183
258
211
137
164
152
143
132
117
115
126
164
183
164
127
128
88
67
60
36
17
20
24
59
161
208
170
128
150
144
135
126
145
122
115
162
183
176
149
130
92
106
48
35
32
16
32
64
189
296
221
215
156
150
148
154
130
143
118
151
209
221
205
170
180
170
136
81
69
33
55
48
78
138
175
246
244
236
260
219
187
216
156
197
260
280
229
237
232
221
158
98
66
43
49
32
75
107
101
154
211
272
210
211
173
177
170
165
159
129
91
105
102
85
33
24
10
9
27
57
176
221
171
103
109
115
114
117
148
125
116
106
120
125
92
83
78
52
26
19
15
10
21
62
169
243
211
183
139
123
118
124
94
98
109
113
182
162
119
106
78
60
37
23
20
13
12
57
159
253
221
202
145
115
132
111
129
134
108
111
145
140
108
106
78
72
70
25
17
18
26
62
152
246
213
153
155
135
109
125
152
121
127
177
198
168
157
120
96
107
71
42
36
24
33
53
172
260
224
196
152
161
159
169
159
136
129
186
262
235
240
185
202
215
140
113
64
44
48
36
72
133
182
251
268
234
245
196
219
190
194
223
253
266
238
213
214
223
159
127
73
47
38
31
56
92
124
182
238
222
240
218
171
159
184
293
283
128
128
127
172
304
106
58
32
27
29
60
159
232
158
91
141
141
136
113
126
143
128
131
161
146
98
79
90
62
47
15
24
10
24
63
154
254
182
179
158
128
131
125
130
140
123
134
149
150
121
94
102
76
63
17
18
12
18
48
164
261
202
171
124
126
129
110
127
126
129
132
159
174
128
124
83
74
40
30
12
20
22
57
170
278
222
172
130
139
166
123
160
137
106
172
180
161
155
140
105
85
73
45
32
28
27
49
172
269
267
217
189
213
139
166
169
134
110
122
119
140
99
100
107
79
88
43
48
23
27
21
27
63
68
105
103
129
136
144
144
143
146
170
241
240
208
222
203
192
149
124
67
57
39
45
66
103
113
178
209
214
219
189
181
139
154
146
152
156
98
103
93
91
40
23
21
8
32
61
152
226
171
105
90
127
126
106
139
128
114
133
143
120
119
82
69
62
42
35
13
24
16
48
166
245
174
104
147
135
151
135
134
121
117
159
158
165
128
100
90
72
54
43
16
23
25
56
174
249
192
140
151
125
117
126
130
112
93
149
167
195
141
117
93
100
65
46
15
28
28
57
171
280
217
144
148
142
144
116
143
126
143
167
193
247
243
170
151
123
83
51
28
24
41
63
179
298
219
220
171
143
166
169
136
126
139
169
220
245
193
218
173
157
161
99
74
46
37
46
79
111
193
221
203
204
209
235
169
200
153
176
247
276
251
227
222
235
174
120
71
61
54
41
74
109
116
175
240
237
231
206
185
205
159
200
202
231
146
151
158
127
70
38
33
27
37
50
98
148
185
182
160
156
145
149
144
142
143
147
166
158
140
84
70
64
53
20
24
12
25
61
147
225
237
206
159
115
120
142
100
125
107
115
139
119
98
90
75
59
46
20
14
10
32
67
166
272
200
200
142
131
136
130
143
119
115
152
195
162
158
110
110
61
42
25
18
10
33
65
178
269
241
171
160
134
160
121
139
134
144
171
170
184
141
124
114
91
68
35
32
21
32
59
165
309
281
236
168
159
157
169
147
141
99
154
212
221
208
190
189
168
122
115
71
49
48
36
92
108
164
243
292
273
268
229
203
203
218
243
301
277
215
229
218
201
181
119
81
66
51
42
70
96
110
185
243
289
239
251
209
180
180
196
206
188
136
119
120
101
145
27
17
17
25
65
193
237
190
126
112
122
106
123
112
118
106
129
156
145
97
80
70
53
55
17
13
14
21
61
188
288
235
187
151
139
140
122
100
133
123
132
169
167
143
109
103
72
63
45
14
22
32
78
201
242
190
174
173
166
145
119
135
132
114
147
170
155
107
106
122
78
52
30
16
15
37
68
189
266
221
161
141
122
134
132
149
148
117
143
179
192
144
126
130
107
85
37
29
16
36
47
186
270
279
210
164
167
127
170
141
156
141
181
265
285
234
208
197
200
180
95
79
58
60
47
90
127
218
263
252
289
229
216
212
188
202
214
296
308
237
244
236
222
199
122
74
63
51
35
73
117
138
202
247
285
240
198
213
175
178
188
208
152
136
125
114
94
54
32
22
13
36
75
194
243
188
107
109
149
117
134
143
127
99
150
187
150
116
113
81
74
43
24
22
12
22
65
169
284
225
184
187
120
138
115
112
154
109
172
188
165
124
98
93
66
39
26
14
29
19
52
185
272
245
225
183
162
135
132
134
134
132
143
174
142
132
105
100
74
62
28
21
14
31
58
201
315
229
199
156
175
154
110
146
128
141
177
212
189
182
124
123
76
56
49
25
26
33
75
211
226
193
162
167
160
126
144
127
135
124
180
219
243
173
163
180
184
132
107
65
53
45
37
90
138
207
255
241
252
247
251
193
198
183
217
287
265
242
224
272
213
175
125
92
65
51
69
99
134
167
296
285
252
203
218
199
186
182
189
158
152
123
88
76
63
31
24
16
31
52
151
235
166
120
151
137
121
112
129
107
115
137
141
146
103
74
78
67
52
32
18
13
27
62
161
219
188
108
155
163
163
152
136
153
126
136
136
163
142
90
94
81
52
43
23
14
27
56
152
239
179
94
120
145
144
118
114
131
122
163
181
165
144
151
125
92
61
39
26
14
35
74
153
238
186
129
152
167
148
142
142
137
124
175
203
176
144
148
106
94
68
46
32
27
41
78
165
262
237
201
184
201
144
144
161
156
131
176
211
278
214
168
197
166
142
98
80
51
61
52
92
144
209
268
299
301
268
267
243
225
177
251
260
274
269
227
213
227
162
109
96
67
76
49
137
117
140
192
251
283
233
242
214
212
161
181
192
170
145
119
135
93
71
41
29
25
45
76
156
268
218
194
151
133
129
135
147
136
114
149
192
173
127
98
105
66
42
29
17
19
26
67
188
309
185
187
179
160
143
118
126
111
91
124
142
144
107
98
92
72
49
31
25
16
22
68
144
348
296
157
151
137
127
112
123
133
120
137
162
159
135
98
112
73
73
34
20
21
28
62
185
323
300
191
186
164
146
119
124
130
103
134
140
168
174
121
121
110
80
46
24
16
28
69
154
326
292
257
177
142
142
158
168
133
118
177
218
220
224
196
185
204
167
91
69
53
59
49
79
134
197
226
226
227
224
200
205
171
144
216
257
247
252
222
258
207
178
101
78
56
56
47
78
103
115
207
244
223
223
204
211
176
179
175
158
151
123
117
102
92
55
35
30
20
28
63
155
234
252
205
169
165
125
127
139
121
114
155
146
125
95
109
122
80
44
31
16
11
15
60
137
245
244
216
164
128
146
114
124
129
97
95
160
137
129
110
119
96
57
32
24
18
24
71
159
247
275
209
161
146
110
127
110
114
90
117
149
138
123
119
112
98
59
47
28
16
36
61
145
248
291
192
168
163
142
118
96
101
92
158
173
189
153
116
129
119
94
54
47
25
46
56
130
211
277
221
175
194
154
164
155
146
107
165
206
233
183
177
187
167
137
92
72
37
55
32
87
116
150
222
237
226
179
175
175
147
151
189
173
249
172
188
189
162
119
83
50
45
40
33
60
94
127
182
269
235
219
178
169
152
145
152
150
152
168
141
140
72
46
33
23
16
30
64
146
218
217
181
162
148
124
144
126
114
125
127
139
122
122
86
92
80
46
32
20
13
28
58
143
240
237
189
178
132
147
139
124
105
124
125
152
157
134
110
95
76
56
24
24
15
25
59
134
287
231
153
158
172
143
113
127
107
117
151
176
172
169
108
89
91
65
33
29
14
26
63
161
284
230
162
157
128
145
127
143
114
106
157
175
204
150
120
112
113
72
39
35
35
29
59
181
277
232
181
168
148
142
159
158
127
135
184
241
230
219
206
240
209
163
130
64
44
60
59
84
171
191
241
268
242
211
230
194
175
158
235
274
260
232
230
229
264
182
112
77
59
50
34
75
98
121
186
207
228
227
210
202
189
166
166
129
174
121
107
108
67
50
33
20
16
35
72
184
252
190
171
137
131
130
105
127
103
116
122
150
143
117
103
75
73
55
31
16
17
23
73
150
225
226
204
146
135
142
109
122
120
87
128
153
129
121
110
91
61
48
30
24
7
31
42
173
217
242
213
163
147
147
121
120
136
111
156
176
241
157
89
112
84
49
26
24
9
34
66
174
265
231
185
131
133
147
129
111
141
114
168
211
178
169
121
111
101
75
43
19
19
32
65
192
266
257
125
141
175
148
144
185
158
136
182
259
263
198
180
171
186
156
102
64
45
37
38
99
107
194
241
266
278
214
196
198
177
168
199
277
251
240
243
216
207
187
105
84
43
55
40
86
132
120
183
226
259
255
221
187
175
138
127
152
168
144
114
110
90
55
28
17
19
24
60
177
215
197
140
125
107
125
117
130
129
116
149
134
141
109
102
88
56
50
31
15
11
20
61
151
238
170
135
141
98
126
118
117
97
96
137
147
143
134
107
69
71
40
31
18
13
15
54
190
255
209
175
148
133
136
143
127
119
92
151
167
150
132
102
104
62
59
47
24
19
27
59
168
235
216
191
159
128
127
131
150
119
145
201
188
193
179
138
100
80
81
28
25
21
26
66
193
283
287
215
139
163
128
126
140
137
115
188
196
230
214
179
174
168
122
88
61
53
62
67
99
138
249
250
285
271
259
220
224
176
190
224
265
233
276
240
236
245
188
122
89
56
48
30
57
135
152
201
263
254
236
215
170
179
160
174
191
150
118
116
118
88
55
28
19
18
26
61
167
271
175
154
140
124
139
105
107
109
90
142
155
135
109
89
74
55
60
43
14
20
24
54
152
251
230
163
161
143
148
122
131
114
110
133
151
156
136
105
78
74
58
27
23
16
27
51
187
268
236
180
151
137
118
119
117
108
108
134
179
162
141
102
100
91
52
25
17
19
40
79
208
267
220
168
149
120
155
135
133
105
102
138
179
173
158
126
128
110
69
44
35
21
37
62
189
293
275
177
135
165
140
128
145
135
104
163
215
221
163
184
189
205
115
89
66
48
43
59
89
116
202
260
260
219
208
209
197
190
184
183
223
234
234
250
250
237
155
101
65
56
54
26
57
90
142
173
221
246
240
197
201
163
163
176
177
162
129
92
97
75
40
26
13
22
29
77
180
235
171
123
133
121
155
117
138
108
92
143
144
123
87
93
78
67
40
9
9
11
22
60
178
253
223
174
136
148
141
110
134
124
93
121
134
133
122
136
90
78
