38
70
56
55
55
33
34
15
20
14
15
18
38
27
30
28
43
48
41
25
29
20
23
17
19
12
3
3
6
9
25
44
46
20
21
20
22
13
17
14
28
30
42
25
20
18
16
15
11
5
5
6
6
8
23
49
51
25
18
21
16
21
18
21
9
39
45
29
23
20
14
14
7
13
6
3
4
3
24
43
39
37
19
16
29
19
25
25
20
50
52
37
24
13
31
20
15
18
11
10
9
9
12
18
17
28
21
26
28
16
21
22
17
24
26
20
20
23
16
26
20
18
12
13
11
7
16
13
14
23
19
22
29
32
30
22
26
26
29
21
29
26
22
21
8
12
4
9
4
8
31
54
46
26
17
14
19
17
21
20
19
23
41
31
27
20
18
12
9
12
2
4
4
5
22
49
35
16
16
16
17
7
23
20
12
30
52
28
16
20
21
12
9
7
0
1
1
11
25
50
40
25
20
11
28
13
24
30
10
36
44
26
15
25
21
18
8
7
1
1
5
5
20
59
47
31
9
17
14
9
20
16
13
32
49
37
17
11
27
20
11
8
10
3
6
8
27
59
32
24
17
23
22
19
31
15
10
75
81
69
32
29
23
14
15
12
8
7
7
11
12
19
20
33
18
33
24
20
26
27
19
37
31
33
24
11
24
32
21
19
14
9
11
5
14
19
17
16
30
36
19
26
31
29
26
38
33
24
25
17
16
17
3
9
7
2
6
4
20
54
37
20
11
16
17
15
24
14
15
25
29
32
17
14
25
17
6
7
7
3
1
4
24
48
35
26
15
17
15
19
20
15
37
150
158
107
42
28
28
24
13
8
3
4
5
6
24
66
50
29
21
27
15
16
15
18
15
30
32
30
15
17
12
13
15
7
5
3
4
5
18
64
52
20
17
21
28
18
26
23
22
45
33
24
28
20
30
14
9
3
8
1
3
9
27
61
45
21
13
23
20
20
25
38
25
47
53
43
26
29
23
16
19
9
7
6
14
14
14
29
29
20
25
14
27
24
21
17
18
32
30
28
19
14
25
26
28
16
15
11
13
6
9
20
20
14
28
34
16
19
34
29
23
26
35
23
30
20
31
30
22
11
4
4
5
9
10
22
20
16
22
17
19
19
21
29
24
40
22
35
18
28
24
23
9
8
2
5
4
6
24
56
47
31
19
21
18
14
23
18
13
37
46
33
28
23
16
27
11
6
9
3
5
7
23
65
43
23
14
14
17
17
16
19
28
32
39
29
22
17
17
12
13
10
2
1
4
6
27
57
44
19
19
14
16
14
17
24
17
37
50
28
26
25
20
20
14
10
10
2
6
7
30
61
47
26
23
16
20
19
22
16
24
71
64
36
14
18
22
25
29
15
14
5
10
8
20
17
29
30
23
26
37
22
19
26
21
43
33
27
18
15
18
24
21
10
8
9
9
9
9
27
20
22
25
22
25
22
18
27
20
22
36
20
24
20
15
17
9
4
2
2
5
7
19
43
40
27
16
14
15
17
17
17
25
27
35
20
27
18
10
17
6
3
5
3
4
5
20
53
48
24
19
12
12
14
22
14
12
37
51
23
22
18
14
17
8
8
4
2
2
4
24
47
33
32
15
11
21
19
9
12
11
27
49
34
23
24
25
18
12
11
1
6
4
12
21
51
57
29
11
20
21
14
17
24
19
52
60
37
26
16
27
13
9
14
5
3
5
7
27
67
66
35
22
19
25
35
44
22
36
59
85
50
32
26
24
23
18
18
18
10
11
10
12
29
26
37
25
44
20
31
29
31
21
34
41
32
16
27
14
22
23
16
5
11
3
9
10
20
22
24
27
33
25
24
26
36
39
46
47
24
21
24
15
52
35
12
7
2
6
5
18
66
57
19
20
18
16
23
19
18
31
28
23
35
23
15
23
10
14
9
5
2
4
9
23
64
52
26
12
13
20
12
12
13
19
30
34
30
25
25
18
17
14
8
4
3
6
6
25
64
29
32
21
28
20
30
24
22
26
43
45
27
20
33
25
19
12
10
6
6
4
5
27
71
55
24
17
19
26
10
22
21
22
45
50
55
31
26
32
28
11
13
12
3
6
11
28
84
57
15
19
21
28
34
42
36
32
24
16
21
9
9
12
12
11
8
5
9
0
8
13
10
12
5
13
15
16
7
7
15
16
17
18
18
18
8
10
19
19
16
13
7
7
8
14
12
24
14
15
26
20
24
27
19
27
22
27
30
20
20
23
13
12
4
0
1
7
9
29
75
73
37
25
11
19
21
21
20
15
35
35
35
25
23
12
7
15
12
6
3
7
6
15
66
50
23
18
26
17
20
21
16
23
34
35
43
30
45
30
19
16
13
10
5
8
10
29
55
55
28
22
15
19
18
30
33
17
47
60
36
19
33
27
22
12
6
5
4
2
3
28
72
63
30
20
18
23
18
22
29
25
52
89
66
38
27
22
18
19
12
11
10
5
5
38
73
44
37
18
26
20
34
33
31
39
63
89
64
42
25
35
38
37
23
15
13
15
11
29
31
31
42
38
51
39
40
34
35
36
30
45
41
32
25
33
33
33
27
13
12
9
18
11
26
23
27
30
33
29
30
29
35
29
34
42
46
40
29
32
28
22
12
5
6
8
7
18
21
26
26
32
25
21
27
20
28
33
46
40
43
36
27
37
20
23
8
5
6
1
9
25
37
38
27
24
16
34
19
24
25
27
53
40
21
21
31
16
21
21
7
4
2
4
9
31
53
39
25
20
19
16
27
14
18
19
36
45
39
20
34
18
19
12
8
1
4
4
4
17
46
47
31
17
26
20
26
20
17
22
37
62
45
31
21
24
28
10
7
6
5
9
8
25
53
51
30
22
25
22
22
25
31
26
61
52
49
22
20
28
28
31
27
12
7
11
12
12
26
34
41
49
37
47
30
37
31
24
50
62
48
18
27
51
39
29
33
16
18
21
9
12
33
19
36
43
32
29
31
30
45
44
53
63
46
35
29
30
30
20
11
9
5
6
5
22
59
45
22
16
12
11
24
22
23
23
30
35
30
23
30
12
17
14
9
10
7
2
5
20
61
36
32
14
15
15
16
16
22
24
29
48
39
31
35
36
15
11
11
5
4
2
11
32
90
71
32
16
24
25
19
25
18
32
23
59
45
32
29
29
27
16
12
12
5
4
5
26
58
51
25
18
20
19
30
22
41
23
47
47
38
34
33
30
19
17
11
14
9
13
8
34
69
62
45
26
32
29
42
41
42
35
75
84
77
49
36
38
28
42
39
20
14
17
16
18
33
39
51
41
47
42
40
63
40
41
53
58
68
41
48
40
61
42
32
21
22
15
21
15
34
21
26
42
37
34
35
31
34
35
50
67
59
43
36
49
43
22
9
7
0
8
4
25
65
57
37
19
21
16
29
29
26
34
31
60
52
36
22
28
19
13
14
2
0
5
5
21
58
56
27
28
16
21
25
20
22
37
42
55
49
24
23
19
17
12
16
6
4
3
6
29
69
64
32
16
21
18
17
34
14
20
48
59
38
18
22
26
20
10
11
4
4
4
8
32
50
58
32
15
22
18
8
21
17
33
50
67
44
28
27
28
21
11
16
6
9
15
5
35
87
78
52
24
24
32
28
30
24
26
56
74
43
32
24
25
34
34
18
20
6
10
20
24
41
47
45
41
35
39
34
37
46
35
38
72
64
28
31
53
42
36
44
19
19
26
19
30
27
30
31
30
38
38
25
43
46
53
48
56
52
44
33
38
22
14
2
7
3
9
27
75
56
28
26
14
20
26
24
16
23
45
45
37
24
21
24
16
12
7
6
3
3
6
25
72
57
35
22
22
17
15
20
15
22
48
41
41
29
33
19
25
14
9
3
3
3
5
27
64
72
52
24
21
24
17
19
18
15
55
47
49
28
22
34
28
17
12
10
7
7
10
27
78
58
32
16
13
24
23
18
26
27
64
46
45
39
37
25
26
18
14
10
5
7
9
33
76
64
53
29
24
24
33
44
37
37
69
80
50
26
44
29
40
29
26
17
14
22
13
19
23
33
36
40
46
49
35
39
35
30
50
38
36
37
66
25
39
41
27
18
17
11
14
15
32
23
39
36
40
32
38
41
31
43
42
37
43
39
39
44
37
16
10
5
2
4
9
28
65
51
31
31
18
28
23
23
17
21
58
49
40
39
50
55
40
23
14
3
3
8
11
21
74
51
24
20
21
18
18
13
15
22
36
31
41
30
22
23
23
17
15
19
9
7
6
24
64
52
40
27
21
21
22
23
23
25
34
40
37
24
38
29
16
19
4
5
4
5
5
20
66
52
43
21
26
25
27
18
16
18
45
45
43
40
34
22
23
14
14
10
4
7
6
26
56
53
28
14
20
23
23
37
24
32
54
64
60
23
32
22
34
26
32
17
15
11
7
22
40
43
37
45
45
25
38
30
28
35
39
53
35
22
34
46
48
30
34
16
12
18
9
17
37
19
27
43
30
39
30
35
29
40
37
44
40
34
43
39
25
15
10
9
5
5
4
17
30
36
20
27
23
30
28
32
28
40
64
53
33
31
27
40
36
29
12
5
4
6
10
18
31
38
27
10
20
23
22
26
27
26
37
41
42
43
38
43
49
18
24
16
6
4
7
27
39
36
22
27
16
17
20
25
27
23
38
38
35
21
15
29
32
25
15
8
9
6
4
20
40
37
20
15
19
18
30
21
21
17
40
50
50
27
24
39
39
23
27
14
11
10
10
19
26
41
25
23
31
33
37
31
26
47
37
43
47
26
26
27
31
31
12
14
7
9
3
15
22
20
24
31
37
30
31
30
40
39
33
38
25
30
32
26
25
33
18
20
18
12
26
12
22
25
29
43
49
40
35
42
38
46
47
66
62
67
75
52
25
20
14
4
4
4
10
16
47
39
37
32
25
29
19
23
29
34
53
43
33
34
38
42
28
24
18
6
3
3
7
22
41
37
30
14
27
25
27
22
11
21
41
42
32
31
31
28
19
17
18
9
4
3
8
23
63
37
27
19
24
20
27
25
21
27
41
41
38
34
25
26
31
21
13
6
4
9
6
38
66
51
29
22
22
23
24
19
13
23
41
63
61
32
46
22
30
23
18
12
5
6
13
24
65
45
30
22
30
23
29
35
25
30
58
64
43
47
30
27
36
26
26
26
23
13
9
21
28
28
48
32
41
46
37
31
31
32
38
49
37
27
39
31
29
28
43
15
25
23
21
12
24
25
23
37
42
34
32
38
36
19
32
33
50
40
37
52
19
11
9
3
4
11
10
21
58
46
34
15
20
15
19
30
20
28
38
43
49
24
19
26
15
21
8
5
4
7
6
23
74
41
21
13
11
18
14
25
21
22
37
49
34
31
19
30
24
10
13
7
3
2
6
23
53
54
38
22
17
17
18
19
14
25
41
63
70
33
27
41
16
12
11
9
2
6
5
24
73
45
22
19
16
24
16
16
21
23
41
39
43
40
24
26
20
17
17
9
5
6
8
36
80
67
33
21
18
24
26
33
34
23
88
72
43
45
39
28
29
37
30
9
3
3
12
17
26
38
33
33
35
45
32
44
35
26
50
42
35
24
20
33
37
21
27
10
9
11
11
14
26
15
28
38
39
32
40
22
30
35
39
41
40
47
33
26
31
9
15
7
6
5
4
21
56
46
26
15
20
28
20
18
22
30
35
55
34
35
28
36
20
16
10
1
2
4
9
22
74
48
31
21
21
16
22
14
13
22
43
35
39
28
32
24
17
16
9
0
3
7
6
29
57
39
34
12
19
19
22
16
19
20
45
32
34
32
27
31
19
17
18
4
4
6
9
28
56
49
24
18
9
21
15
26
29
30
65
62
40
31
25
25
23
11
6
5
5
5
6
20
66
45
28
21
25
26
32
32
31
28
58
44
45
41
21
29
38
23
24
23
23
17
17
17
47
55
62
43
50
39
42
31
33
38
36
41
32
28
24
31
39
28
39
16
8
11
10
17
32
24
33
52
49
32
38
27
29
32
40
47
44
34
40
34
38
20
17
3
2
8
12
31
67
30
28
10
17
17
14
15
15
22
30
40
33
20
24
17
19
12
11
6
3
5
7
24
73
37
24
17
15
12
15
18
14
17
34
35
33
32
31
27
14
9
10
6
1
2
7
22
53
43
24
19
18
13
17
14
20
16
35
45
32
28
24
14
14
20
8
3
4
6
7
24
65
55
29
19
15
13
14
24
18
16
37
55
43
23
29
28
20
13
11
8
6
7
6
33
64
47
31
24
11
26
18
40
37
24
35
73
36
35
36
37
29
33
24
16
11
14
9
7
23
31
32
34
41
36
39
36
22
34
28
35
39
28
44
18
34
31
27
21
10
9
15
18
25
31
21
28
33
40
37
37
27
35
37
39
42
34
29
23
31
16
11
5
2
5
13
24
73
50
31
23
16
16
16
19
32
20
27
34
39
19
16
20
16
7
7
3
7
2
11
20
55
37
34
18
27
26
17
14
19
17
44
45
29
23
30
32
11
