1 1 1 0
1 6 5 0
1 6 6 0
1 11 14 0
1 11 16 0
1 11 17 0
1 11 18 7
1 11 19 5
1 11 20 19
1 11 21 9
1 11 22 8
1 11 23 2
1 12 0 5
1 12 1 2
1 14 22 0
1 14 23 8
1 15 0 1
1 15 1 1
1 15 2 5
1 15 3 3
1 15 4 0
1 15 23 1
1 16 0 2
1 16 1 5
1 16 2 6
1 16 3 6
1 16 4 11
1 16 5 15
1 16 6 11
1 16 7 7
1 16 8 3
1 16 9 2
1 16 10 0
1 16 11 1
1 16 12 2
1 16 13 0
1 25 18 2
1 25 19 2
1 25 20 2
1 25 21 1
1 25 22 0
1 28 10 1
1 28 11 1
1 28 12 0
1 28 13 3
1 28 14 0
1 28 15 3
1 28 16 7
1 28 17 4
1 28 19 1
1 28 20 2
1 28 21 0
1 29 19 2
1 29 20 4
1 29 21 0
1 30 19 1
1 30 20 1
1 30 21 1
1 31 0 1
1 31 1 5
1 31 2 7
1 31 3 6
1 31 4 24
1 31 5 33
1 31 6 7
1 31 7 8
1 31 8 0
2 1 1 0
2 2 21 0
2 2 22 1
2 2 23 0
2 3 0 1
2 3 2 0
2 3 3 1
2 3 4 1
2 5 3 0
2 5 4 0
2 5 5 1
2 5 6 0
2 5 7 0
2 5 8 0
2 5 21 1
2 8 7 1
2 8 8 3
2 8 9 3
2 8 10 5
2 8 11 3
2 8 12 7
2 8 13 10
2 8 14 7
2 8 15 7
2 8 16 12
2 8 17 13
2 8 18 8
2 8 19 2
2 8 20 6
2 8 21 4
2 8 22 4
2 8 23 7
2 9 0 13
2 9 1 12
2 9 2 11
2 9 3 12
2 9 4 3
2 9 5 0
2 11 5 0
2 11 6 1
2 11 7 8
2 11 8 8
2 11 9 17
2 11 10 10
2 11 11 4
2 11 12 1
2 13 23 0
2 14 0 3
2 14 1 0
2 14 2 0
2 16 1 0
2 16 2 0
2 16 3 2
2 16 4 0
2 16 6 0
2 16 7 0
2 19 13 0
2 19 14 4
2 19 15 3
2 19 16 2
2 19 17 1
2 19 18 3
2 19 19 1
2 19 20 1
2 19 21 0
2 23 10 0
2 23 11 2
2 23 12 3
2 23 13 3
2 23 14 2
2 23 15 7
2 23 16 3
2 23 17 3
2 23 18 3
2 23 19 0
2 24 4 1
2 26 20 0
2 26 21 1
2 26 22 0
2 26 23 10
2 27 0 3
2 27 1 15
2 27 2 11
2 27 3 13
2 27 4 17
2 27 5 14
2 27 6 27
2 27 7 17
2 27 8 16
2 27 9 13
2 27 10 7
2 27 11 4
2 27 12 2
2 28 7 0
3 1 1 0
3 2 21 0
3 2 22 0
3 3 1 0
3 3 3 0
3 3 4 0
3 7 1 0
3 7 8 0
3 7 9 0
3 7 10 0
3 7 11 0
3 7 12 0
3 7 13 0
3 7 15 0
3 7 16 1
3 7 17 3
3 7 18 3
3 7 19 3
3 7 20 1
3 7 21 2
3 7 22 2
3 7 23 2
3 8 0 2
3 8 1 1
3 8 2 2
3 8 3 0
3 8 4 2
3 8 5 1
3 8 6 4
3 8 7 6
3 8 8 4
3 8 9 9
3 8 10 11
3 8 11 6
3 8 12 4
3 8 13 3
3 8 14 1
3 12 5 2
3 12 6 3
3 12 7 3
3 12 8 2
3 12 9 3
3 12 10 6
3 12 11 9
3 12 12 7
3 12 13 11
3 12 14 10
3 12 15 19
3 12 16 3
3 12 17 1
3 12 18 0
3 16 13 1
3 16 14 5
3 16 15 2
3 16 16 2
3 16 17 1
3 16 18 0
3 16 19 1
3 18 16 1
3 18 17 4
3 18 18 5
3 18 19 11
3 18 20 11
3 18 21 12
3 18 22 11
3 18 23 6
3 19 0 4
3 19 1 4
3 19 2 8
3 19 3 3
3 19 4 1
3 19 9 1
3 19 10 2
3 19 11 12
3 19 12 5
3 19 19 0
3 21 0 0
3 21 3 0
3 25 13 0
3 25 14 2
3 25 15 2
3 25 16 2
3 25 17 4
3 25 18 2
3 25 19 2
3 25 20 2
3 25 21 1
3 28 16 0
3 28 17 0
3 28 18 0
3 31 18 0
3 31 19 1
3 31 20 3
3 31 21 2
3 31 22 2
4 1 1 0
4 1 16 0
4 1 17 0
4 9 2 0
4 9 3 0
4 10 19 21
4 10 20 2
4 10 22 23
4 10 23 3
4 11 0 0
4 11 1 0
4 12 7 1
4 12 8 2
4 12 9 18
4 12 10 18
4 12 11 8
4 12 12 3
4 12 13 0
4 12 14 7
4 12 15 1
4 12 23 1
4 13 0 4
4 13 1 1
4 14 0 0
4 17 5 0
4 17 6 2
4 18 16 1
4 18 17 0
4 19 22 2
4 19 23 2
4 20 0 1
4 20 1 1
4 20 2 1
4 20 3 3
4 20 4 1
4 20 5 0
4 29 5 0
4 29 7 0
4 29 13 2
4 29 14 2
