205
266
221
215
125
47
49
44
50
73
118
209
310
309
303
346
238
180
175
108
92
74
42
45
27
10
6
8
13
24
71
134
194
216
225
231
277
321
295
320
219
244
206
172
176
126
84
54
35
27
12
12
13
26
68
140
263
208
192
242
247
307
299
275
226
190
218
215
192
148
120
93
55
35
26
10
17
37
77
149
231
220
184
221
294
290
266
281
212
208
226
205
205
173
159
122
112
60
33
37
29
15
27
47
67
116
153
225
296
270
222
252
228
260
177
180
182
149
139
146
93
72
54
26
19
15
26
37
52
99
125
192
218
231
197
225
189
195
151
122
89
63
43
51
32
11
10
6
8
41
82
168
257
211
161
162
177
195
209
181
154
181
219
223
185
143
110
60
59
18
12
7
11
26
83
189
257
211
168
200
195
224
259
210
170
191
223
217
212
224
101
98
60
35
14
14
11
34
82
192
273
211
176
203
207
215
218
196
165
196
248
213
226
192
148
95
66
37
25
8
11
47
92
193
302
237
173
187
205
213
214
215
149
220
267
217
262
229
191
103
82
48
34
11
21
33
90
183
273
247
187
215
220
213
237
197
178
210
208
198
189
187
182
150
133
71
40
29
27
18
28
60
77
134
157
225
265
297
246
226
215
238
187
182
205
174
164
210
157
72
67
41
29
21
24
44
67
106
166
220
226
244
221
210
205
194
134
95
96
75
58
63
48
30
9
8
16
35
89
177
243
245
157
194
182
190
232
195
146
203
243
216
198
215
162
99
70
40
14
12
9
34
96
221
325
253
205
204
215
236
251
226
153
210
248
246
239
206
174
126
63
38
22
15
22
34
107
256
350
283
229
228
237
200
240
187
172
205
246
231
240
227
175
108
75
40
30
22
11
34
92
205
318
278
207
237
244
264
251
220
171
218
239
226
277
254
231
157
112
52
22
17
22
47
96
198
320
267
225
227
240
226
248
221
171
226
238
249
238
212
205
205
135
83
60
36
28
30
42
59
92
143
198
251
302
295
295
295
251
265
221
219
186
170
183
202
126
85
65
37
21
11
27
47
53
107
190
268
302
286
264
281
223
206
156
157
128
89
109
83
65
43
21
13
9
23
32
49
84
115
158
180
194
180
208
164
140
175
146
147
112
94
99
50
22
21
14
10
14
34
106
222
307
255
196
208
203
214
260
217
192
203
261
235
268
252
240
155
69
23
6
10
15
36
104
220
345
285
208
215
239
246
282
227
203
235
236
219
231
271
211
126
63
38
18
7
16
32
95
209
302
277
193
205
242
205
253
193
182
229
197
246
289
295
237
189
125
118
117
89
47
48
107
211
349
272
207
249
228
267
290
216
181
218
163
161
188
187
182
173
93
61
48
32
16
24
39
69
104
116
169
226
239
252
255
234
219
259
215
197
187
170
178
217
175
111
80
62
29
13
32
42
54
116
191
246
252
222
233
204
190
191
152
120
86
72
77
54
27
19
5
6
13
33
97
192
277
243
207
192
226
208
219
211
164
189
260
248
220
193
169
88
56
31
16
16
10
28
102
214
251
260
193
187
256
232
245
197
158
212
239
206
237
213
177
134
68
33
19
10
13
43
102
239
299
274
207
211
225
237
238
211
148
217
249
222
224
245
213
143
69
38
26
28
14
35
116
228
312
279
213
206
245
221
248
222
181
215
241
192
248
300
269
173
98
38
36
28
27
42
105
221
308
290
249
255
244
260
275
231
201
245
255
235
254
223
180
165
152
83
45
34
30
29
42
61
88
154
210
234
281
303
307
226
240
225
214
230
184
162
161
170
118
105
78
42
36
18
31
49
75
104
147
227
218
221
220
198
194
229
232
98
100
93
103
210
66
36
18
10
9
29
96
208
304
256
216
213
221
231
219
198
185
211
237
263
198
222
175
120
66
29
10
16
14
23
96
188
296
263
193
178
222
222
245
192
152
207
254
259
245
252
201
125
89
27
13
9
14
29
106
204
313
274
209
200
235
231
249
194
146
188
277
236
272
249
236
157
102
60
25
10
17
40
97
237
317
291
234
254
233
253
289
216
192
220
205
233
261
292
238
170
111
61
32
14
34
39
87
206
302
265
231
185
216
207
179
144
117
103
104
113
100
58
75
49
37
27
27
18
9
7
8
18
28
60
96
128
134
148
163
195
163
197
178
193
175
172
149
172
174
101
57
40
30
23
39
54
61
115
173
236
223
270
193
218
200
202
176
129
74
94
60
55
52
25
12
8
11
34
95
214
279
260
190
219
181
192
204
230
149
172
227
213
223
207
155
100
72
33
22
10
14
35
99
207
304
265
219
251
248
230
257
208
165
251
270
251
268
296
208
152
106
54
27
19
18
36
106
244
294
309
237
218
232
220
242
204
180
187
212
224
254
285
207
121
115
48
31
24
23
45
131
221
340
315
227
206
244
237
253
216
173
219
234
238
247
253
172
136
106
50
31
19
23
42
79
195
319
249
252
238
252
253
278
241
179
231
235
240
241
234
233
176
162
95
59
48
21
26
47
61
84
140
201
291
301
303
295
332
217
290
251
201
179
221
215
210
186
122
120
88
20
36
47
32
76
128
230
339
318
331
295
325
221
231
173
190
141
123
93
72
61
30
22
11
18
19
47
56
123
151
192
249
272
277
290
251
205
234
183
157
141
102
103
77
61
32
13
12
12
40
102
150
263
234
175
230
263
283
257
202
177
193
234
203
255
199
163
124
98
41
30
12
20
35
92
203
347
266
272
278
276
239
314
245
178
215
219
244
268
261
206
139
103
45
40
18
15
31
98
191
342
285
231
266
293
288
250
255
171
246
216
228
279
310
229
167
124
66
41
19
23
36
85
200
307
299
215
273
274
286
312
244
191
203
229
227
235
261
228
205
152
94
53
48
31
20
29
60
119
160
197
239
289
288
294
229
178
244
223
222
222
226
212
260
234
177
111
82
45
30
44
55
85
118
162
228
245
255
280
225
203
160
170
171
105
84
94
59
100
24
21
6
11
31
92
180
296
237
174
199
237
206
256
229
181
212
234
285
236
187
170
106
69
42
30
15
23
27
92
195
354
239
209
208
239
241
252
244
164
212
235
244
267
267
215
149
95
44
36
12
16
35
129
330
363
280
231
241
242
216
257
230
185
219
252
268
298
270
230
151
109
58
41
28
19
37
115
220
345
300
231
248
284
261
298
232
183
253
239
266
322
342
264
205
111
66
50
23
22
47
95
226
326
279
256
289
265
257
307
247
179
229
252
265
247
251
200
184
173
109
75
47
25
25
43
64
98
153
215
271
289
291
319
275
208
258
259
236
212
198
202
203
204
141
78
41
23
33
15
59
62
123
197
277
255
247
253
233
201
190
171
177
109
86
66
65
38
25
20
11
15
31
99
184
297
254
206
234
233
208
259
214
167
227
266
237
265
182
134
94
63
46
23
8
16
31
103
214
329
250
186
226
227
248
262
229
184
217
233
230
263
245
169
122
60
24
24
11
18
32
90
229
354
251
235
260
256
239
271
193
161
202
202
237
247
225
193
123
88
49
27
16
17
33
100
248
311
262
219
245
253
267
290
229
174
230
249
251
260
260
220
152
114
50
43
23
20
30
107
230
317
272
219
207
220
205
257
201
163
217
247
223
237
231
206
203
227
166
165
87
32
28
40
65
118
165
183
252
313
341
310
262
244
315
299
246
207
208
239
213
222
244
99
46
36
41
42
55
113
174
253
273
280
278
238
220
234
197
164
130
84
88
58
43
20
11
10
11
31
86
190
285
276
202
223
233
254
264
270
212
257
267
249
252
225
165
111
85
57
34
19
18
28
88
230
341
302
214
275
257
275
275
213
162
205
246
235
248
269
204
144
105
45
23
12
14
32
95
211
368
304
276
287
244
303
309
269
188
263
261
222
293
298
241
164
102
40
38
17
23
44
108
247
376
334
300
326
276
294
311
226
191
266
281
294
302
297
285
236
156
82
49
25
33
32
92
215
366
315
261
333
291
298
279
288
203
258
269
279
275
248
251
259
204
136
120
78
38
26
39
60
122
182
240
334
315
328
312
274
232
294
290
293
275
294
249
249
251
200
145
154
53
53
66
60
90
140
196
212
337
325
278
273
255
267
212
186
154
123
88
74
54
27
24
8
26
26
106
201
277
265
247
237
242
282
275
249
194
183
263
210
217
206
169
115
73
41
16
9
19
36
114
202
329
267
238
258
224
216
229
226
159
210
242
222
259
255
169
124
95
40
28
16
19
30
104
233
302
282
226
246
245
270
291
244
178
273
260
276
234
249
221
135
96
60
29
11
17
26
107
228
341
288
226
229
280
283
215
220
157
207
233
242
248
329
292
195
150
66
32
21
29
31
97
188
307
281
237
270
278
281
295
249
224
275
288
256
278
246
234
213
158
111
64
33
39
32
49
69
124
193
276
340
352
364
364
321
273
352
373
258
223
206
229
199
165
110
66
45
31
16
32
53
86
155
242
315
321
362
339
274
294
302
222
180
168
111
79
50
37
26
16
10
9
28
105
185
258
244
199
215
231
244
257
233
178
182
212
243
193
146
126
94
82
32
13
10
7
30
79
174
268
253
186
246
279
250
300
274
208
249
244
256
267
240
171
122
84
39
36
17
16
34
82
181
289
236
237
263
315
305
313
260
222
293
269
253
276
245
194
172
101
50
32
18
20
32
91
221
301
310
232
288
313
319
301
223
194
266
256
240
238
278
239
145
125
80
39
28
28
35
61
101
164
226
217
258
282
260
277
254
217
256
253
237
244
238
198
204
139
123
45
37
31
27
44
62
101
178
250
316
357
337
318
329
254
328
374
266
208
197
180
172
108
87
53
38
19
24
34
35
81
144
225
292
312
361
293
246
245
255
200
187
137
106
78
44
46
18
17
6
13
23
89
137
223
234
205
217
281
287
241
254
191
228
266
228
214
194
133
88
54
21
14
11
12
32
86
185
263
244
235
267
247
304
258
252
210
254
295
260
235
216
148
122
67
32
18
14
14
29
101
217
308
257
234
301
313
286
269
225
207
273
296
220
230
274
224
140
90
56
26
18
22
33
91
235
342
307
232
285
326
325
292
282
206
297
325
269
263
276
245
200
133
60
35
20
29
38
107
220
323
265
220
239
271
255
277
310
206
235
279
262
275
259
267
263
180
109
55
25
27
32
64
85
145
178
243
300
380
325
286
290
235
299
280
206
170
190
170
200
178
138
72
48
36
30
41
69
98
132
198
307
374
329
272
300
211
224
200
151
135
94
86
72
42
26
6
9
15
30
99
183
279
216
173
230
241
251
241
256
195
257
274
264
272
314
193
114
80
31
19
12
15
23
103
192
306
241
197
194
240
235
227
236
170
216
276
268
259
292
190
122
81
63
30
12
18
34
99
213
284
239
213
236
264
269
243
257
165
225
262
295
252
257
242
181
80
37
28
9
15
25
126
222
338
270
221
214
253
259
265
210
165
222
278
263
276
314
253
181
169
111
36
13
16
33
103
243
361
352
291
274
236
219
232
211
159
234
229
280
256
246
231
189
197
122
64
37
23
36
39
86
136
202
293
383
404
355
353
336
251
346
333
256
250
220
244
257
198
160
125
98
104
58
75
65
114
191
253
372
334
299
306
253
245
286
254
195
169
132
113
81
55
34
19
19
14
36
98
181
271
234
230
265
249
244
241
202
197
288
295
306
269
255
154
115
65
36
25
6
17
39
110
193
303
238
220
226
269
269
265
250
191
234
271
262
284
233
185
110
88
46
17
19
21
35
120
199
294
278
230
268
274
247
270
237
179
219
256
268
256
270
177
132
91
33
19
13
21
42
100
223
307
281
237
265
303
249
322
258
174
268
271
244
279
280
283
195
159
57
38
20
22
44
96
214
278
269
236
261
285
281
280
252
193
253
299
259
268
253
238
222
173
141
69
53
28
23
33
85
117
183
262
325
304
249
284
268
204
284
318
275
227
184
234
283
218
139
96
47
32
41
37
64
94
154
241
258
273
299
258
215
200
223
201
179
135
92
91
72
26
21
22
5
9
34
98
189
279
229
197
216
250
233
237
208
202
236
256
274
234
203
144
91
66
30
19
17
12
29
104
204
303
285
216
258
245
222
226
201
174
246
262
269
274
234
169
127
80
41
18
8
13
41
106
223
309
256
219
232
283
266
240
232
196
261
278
275
284
300
205
160
91
58
28
14
24
44
128
246
342
268
242
244
252
294
270
245
177
248
254
254
284
302
263
198
217
106
47
29
30
47
96
195
288
251
249
287
267
273
254
222
203
294
271
284
226
247
261
219
178
91
61
35
27
23
42
52
142
174
250
321
308
350
337
286
271
353
368
293
281
225
223
256
219
156
94
50
37
34
34
63
98
139
229
301
282
277
271
221
254
275
225
207
122
107
111
91
39
19
10
11
13
33
86
190
282
250
201
200
230
265
262
229
179
235
236
216
224
193
103
88
54
36
20
22
10
29
92
194
275
249
189
246
214
236
272
226
193
238
285
280
257
276
203
141
