16
51
49
24
16
11
5
1
5
4
6
10
14
13
14
10
9
6
14
11
8
4
4
1
1
5
2
0
0
1
12
20
14
14
7
12
6
8
13
14
7
14
20
23
20
12
7
7
5
4
0
0
1
1
8
22
20
14
13
7
5
11
9
8
6
12
21
24
16
19
11
17
10
8
3
0
1
3
10
23
16
14
13
11
8
6
11
8
9
7
23
30
31
21
21
18
32
13
8
11
7
0
1
4
8
13
13
12
20
11
19
20
17
19
18
23
11
10
16
23
23
35
11
10
3
2
2
2
4
7
13
11
22
15
13
17
13
16
12
12
11
7
8
11
5
2
1
0
0
2
11
25
23
17
8
7
7
11
5
6
3
12
20
31
31
14
14
16
8
3
1
1
0
1
16
25
22
17
10
8
6
7
3
5
6
20
29
25
23
28
19
21
13
5
0
0
0
2
19
27
34
20
8
6
7
15
12
6
5
12
28
30
24
31
20
14
12
3
1
2
1
1
13
34
21
19
11
8
9
8
10
7
7
11
29
32
25
23
32
34
19
9
6
3
0
2
11
32
23
15
12
10
9
8
9
18
23
13
23
39
33
32
30
21
24
18
15
8
6
0
1
5
8
14
11
15
10
13
11
8
12
14
27
31
23
17
24
23
28
37
14
12
6
0
0
5
2
7
13
19
7
10
13
6
5
11
11
13
13
11
6
8
6
4
0
1
1
1
8
18
21
25
9
7
6
8
6
9
5
14
15
28
23
18
28
15
6
1
0
0
0
3
14
30
21
9
8
5
7
9
4
8
6
9
19
29
24
19
23
22
15
5
2
0
1
3
17
29
15
17
13
11
4
8
4
7
4
12
25
40
34
17
29
29
14
10
1
5
1
2
10
28
28
12
11
9
14
10
7
5
8
15
30
35
36
29
23
32
20
5
1
3
0
2
10
17
26
23
13
4
9
12
12
11
10
22
27
29
25
14
35
23
22
10
14
3
3
1
3
6
6
8
8
5
13
16
14
12
5
18
16
20
15
11
16
23
24
27
15
10
2
4
0
2
0
6
17
12
16
20
9
11
18
18
13
10
11
15
23
21
10
8
7
3
0
1
1
7
8
17
7
12
9
7
10
11
11
14
12
26
15
7
13
11
4
0
1
0
0
1
15
33
17
23
8
10
11
8
9
11
4
6
21
24
28
23
16
16
8
4
0
0
1
0
11
27
29
15
9
10
3
6
6
10
5
11
25
29
34
19
17
15
8
5
2
0
0
2
12
32
24
20
7
11
12
9
5
9
6
13
24
26
32
22
27
23
6
4
1
1
2
1
13
31
31
19
14
9
9
6
7
5
15
15
27
26
28
24
34
45
37
21
9
3
5
2
1
6
3
10
10
13
18
12
15
5
11
18
22
24
21
21
18
31
33
33
19
12
5
1
0
2
2
12
13
10
16
11
16
14
7
14
13
15
16
10
6
6
12
3
3
0
0
3
10
26
30
22
7
5
6
3
6
3
6
14
26
22
31
15
21
13
10
2
0
0
0
0
11
26
30
15
11
8
9
13
11
15
6
13
32
30
24
26
28
14
14
5
0
0
2
1
9
24
30
24
14
10
13
6
9
4
6
15
21
39
26
32
31
32
12
10
3
2
0
2
10
30
22
20
13
11
9
10
16
3
6
21
31
45
32
38
46
35
19
8
4
0
0
3
9
34
23
27
7
18
11
13
14
13
12
14
39
54
30
22
29
30
27
11
12
5
0
1
2
6
11
13
12
15
18
20
19
10
17
19
26
27
20
18
28
29
30
25
21
13
4
0
1
1
4
9
14
15
15
16
13
16
15
25
37
8
15
19
14
38
4
2
2
0
1
2
12
25
26
16
9
4
4
11
9
7
10
8
32
28
21
21
13
11
4
1
0
0
0
5
15
24
21
17
11
7
7
6
13
8
6
12
28
30
29
26
26
12
14
3
2
3
1
1
13
40
20
18
8
11
10
6
6
6
5
10
34
47
37
28
35
27
11
5
2
0
0
0
18
25
26
26
9
9
11
11
15
12
11
13
24
43
49
39
41
28
23
8
6
1
0
1
8
20
16
10
13
6
7
8
6
6
5
8
14
14
13
4
2
5
3
2
0
1
0
0
0
2
5
6
5
6
9
8
10
8
14
12
15
14
18
18
18
23
29
30
14
5
3
0
2
4
5
10
10
19
18
17
11
13
12
14
15
13
5
6
19
9
7
0
1
1
0
5
16
19
17
22
9
4
6
11
8
4
10
9
22
29
27
26
19
15
8
4
1
0
0
1
10
29
23
21
7
6
16
10
7
7
6
12
32
30
34
35
27
29
11
6
1
0
0
2
13
14
13
18
9
11
12
9
13
5
10
17
25
25
41
35
27
25
10
5
3
1
1
2
16
24
19
19
13
10
12
10
5
7
8
19
43
41
42
37
26
26
16
11
3
3
2
2
12
20
27
17
20
9
7
13
12
9
9
26
39
39
34
29
33
34
32
16
19
14
6
0
4
13
5
11
14
12
12
10
13
13
13
23
25
28
21
19
18
27
23
18
19
6
6
2
2
3
4
9
13
11
11
10
13
20
13
16
11
13
17
9
7
14
9
3
1
1
1
1
2
4
13
12
8
7
14
5
12
8
9
13
14
21
16
20
13
5
4
4
0
0
0
4
18
30
15
16
11
5
12
10
10
6
3
13
22
35
30
25
26
6
10
4
1
0
0
2
7
24
18
19
10
8
10
3
7
7
8
12
17
28
48
42
39
31
15
3
2
0
1
3
12
28
11
13
5
11
14
10
6
15
14
10
19
31
41
21
44
24
20
10
5
3
0
1
12
32
26
24
13
14
14
17
21
17
14
19
25
40
31
34
39
43
40
22
21
11
3
0
2
8
13
14
23
11
12
18
13
14
11
10
27
23
17
16
29
15
23
24
11
14
4
2
1
4
8
10
13
8
11
22
22
15
5
11
28
16
7
24
11
14
24
4
5
0
0
1
13
25
13
11
8
6
15
11
6
12
5
15
19
31
24
24
16
12
6
0
1
1
1
2
8
18
18
14
6
3
9
13
10
6
7
10
30
36
38
32
22
36
12
6
3
1
0
3
20
30
15
17
11
4
6
8
9
6
10
17
27
33
25
25
36
16
13
10
4
2
0
2
13
24
21
19
10
7
7
14
14
5
10
7
26
31
39
23
40
31
24
13
2
2
1
2
14
31
19
22
14
11
15
17
14
15
4
30
33
48
35
38
35
39
35
17
19
3
2
0
3
4
14
11
14
15
23
19
15
13
14
22
35
36
26
34
32
32
37
27
14
10
2
1
1
4
6
12
18
15
17
13
12
11
13
13
23
23
8
7
12
8
9
0
0
0
0
3
17
20
18
19
7
9
8
16
11
10
13
14
16
28
25
18
26
15
9
7
4
0
0
2
7
25
22
20
15
5
12
15
11
12
9
15
24
39
36
31
46
25
23
6
7
2
0
3
11
27
20
22
16
18
7
11
12
9
6
17
17
32
29
34
34
19
10
5
2
0
1
2
16
29
26
17
9
7
12
8
6
11
8
17
32
43
43
38
45
27
21
13
4
0
1
1
14
29
15
14
10
10
10
6
7
9
6
23
34
37
28
33
36
29
22
15
6
4
5
3
2
7
6
10
14
16
16
21
16
18
19
19
41
39
24
20
37
34
36
26
19
13
6
1
3
3
11
16
21
19
15
11
20
19
20
18
15
9
14
10
5
5
7
1
1
0
1
14
29
22
22
12
6
14
10
14
7
5
10
17
27
24
25
23
15
12
4
0
1
0
3
15
28
26
24
17
8
7
7
7
3
10
13
23
35
34
39
33
20
8
5
5
1
1
4
15
33
27
25
16
15
15
14
13
9
10
17
25
31
41
36
36
23
17
9
3
2
0
3
13
26
23
17
7
10
10
9
11
10
8
29
22
36
54
57
51
53
36
23
17
3
6
5
17
24
19
22
10
12
12
11
12
12
14
15
26
35
46
39
35
31
36
26
13
3
3
3
0
11
8
16
25
21
10
19
18
12
6
12
20
24
14
17
34
33
34
39
11
2
0
1
1
3
3
11
17
21
17
19
21
7
11
15
15
17
10
16
9
7
3
2
0
0
1
2
9
24
23
19
13
9
10
17
10
5
4
12
21
27
22
24
13
6
5
5
0
0
1
2
11
24
29
22
9
10
11
7
8
9
9
7
16
34
24
39
20
24
13
5
1
2
1
2
17
20
23
17
10
10
19
9
13
13
6
11
23
27
29
27
28
33
8
1
2
0
0
2
7
25
26
17
13
11
11
7
9
16
11
8
23
30
33
37
34
25
22
17
8
4
2
3
13
24
26
12
10
8
14
19
16
24
15
10
41
38
22
25
24
43
38
20
19
8
3
3
1
4
6
8
14
13
17
17
22
10
14
21
16
24
26
32
21
38
28
32
20
5
3
1
2
3
3
11
16
17
18
14
19
15
27
20
20
15
8
15
3
8
7
5
1
0
2
3
9
23
14
20
4
10
12
13
12
4
9
15
18
20
20
17
10
14
4
4
3
1
0
1
12
18
21
14
7
9
9
10
8
11
8
20
23
29
37
21
26
23
13
2
0
1
1
2
16
24
27
19
14
8
17
16
6
19
9
29
26
32
25
36
27
28
21
8
2
3
1
1
10
28
30
19
8
14
14
12
15
16
17
19
47
31
36
29
48
31
35
14
8
1
0
0
5
12
19
24
12
17
14
21
24
17
11
24
41
36
35
26
25
18
20
16
14
5
4
0
1
6
5
15
12
18
18
16
16
16
17
13
23
19
13
12
19
23
28
24
12
5
2
1
1
2
6
7
15
16
16
21
22
19
10
14
16
8
17
16
11
9
5
3
1
1
0
3
6
13
18
20
8
11
11
14
13
6
5
18
21
25
36
25
30
23
15
7
2
2
0
1
13
29
11
17
14
8
11
12
10
13
12
12
19
33
44
35
19
29
10
1
1
1
0
3
8
28
21
19
12
12
9
7
11
8
10
20
21
31
37
46
22
28
14
11
2
3
0
0
11
25
26
23
10
8
19
15
7
15
6
17
40
40
46
55
47
56
35
21
6
5
1
0
8
26
24
19
15
17
11
11
16
22
9
24
29
43
24
38
34
33
33
21
21
6
6
3
2
4
12
16
11
15
20
11
20
11
14
25
26
27
24
19
30
24
50
34
27
11
4
0
1
0
5
5
15
17
27
22
28
18
18
19
17
16
15
10
11
13
5
2
2
1
0
3
14
23
19
21
15
8
11
9
12
9
7
14
22
31
34
16
16
18
11
3
1
0
0
1
8
25
21
15
12
10
7
8
13
6
15
17
28
37
29
29
27
22
15
7
1
2
0
4
12
15
27
18
10
11
10
14
12
7
5
18
27
33
42
25
28
24
20
7
4
0
1
4
15
28
33
15
17
18
19
3
12
9
14
10
30
32
31
38
42
23
20
11
3
2
0
0
8
29
25
21
17
7
9
9
12
7
14
18
34
42
34
20
26
28
33
23
21
5
3
1
1
6
12
15
17
13
24
20
18
22
5
29
21
24
24
16
21
25
36
26
15
10
2
2
1
4
7
1
12
25
24
16
19
26
21
17
26
19
17
20
20
12
9
6
4
0
0
0
17
25
29
21
11
6
15
7
8
10
13
14
37
50
23
25
18
15
17
3
3
0
1
2
10
27
23
19
12
11
11
5
7
11
11
6
23
26
32
37
26
31
12
5
0
1
0
2
10
30
34
17
16
13
13
23
12
11
7
10
33
32
24
34
29
26
13
5
4
1
2
1
10
30
27
22
14
9
14
12
11
17
10
24
42
37
36
31
37
30
20
7
5
0
1
0
6
33
22
17
21
20
5
13
18
12
9
13
29
30
32
32
51
32
48
19
18
7
2
2
4
9
14
19
34
30
31
22
16
16
21
32
43
37
32
31
32
30
45
40
22
13
7
3
2
9
3
8
19
21
33
29
23
16
21
31
29
18
23
13
14
6
6
4
0
1
0
3
12
28
17
15
11
11
10
13
9
11
9
22
26
35
18
26
15
17
2
6
0
0
0
4
13
34
19
17
14
13
10
11
13
3
4
17
27
33
32
24
30
15
11
5
2
2
0
1
15
24
24
14
13
8
14
4
12
9
12
21
27
26
32
31
36
32
10
5
3
2
2
1
11
25
31
23
15
8
20
13
11
7
10
16
34
35
42
32
38
40
23
16
4
5
2
2
13
29
26
11
16
12
10
18
7
11
17
20
27
42
43
26
37
42
29
12
13
10
5
0
1
9
9
15
13
18
20
20
17
9
14
16
22
29
29
19
23
31
25
19
20
7
8
2
3
2
3
7
14
15
16
24
16
11
13
24
16
17
13
19
12
13
9
5
0
0
0
3
9
26
8
17
13
9
7
8
9
7
10
15
28
30
22
21
26
12
11
8
0
1
1
6
6
24
18
16
12
8
9
10
9
11
11
22
30
26
23
31
27
25
