58
75
80
58
73
42
27
10
10
1
2
4
5
5
1
3
1
3
2
4
2
0
3
2
7
3
2
1
1
0
0
0
0
0
0
1
1
0
0
1
1
1
2
1
2
1
4
5
4
3
5
1
1
0
0
0
0
0
1
0
0
0
1
0
0
1
1
3
1
2
2
5
8
2
3
6
2
0
0
0
0
0
0
0
0
0
2
0
0
0
0
0
4
7
9
11
18
32
42
26
16
0
1
1
0
0
0
1
0
3
1
2
1
0
2
3
2
0
3
9
19
22
25
19
20
6
0
1
1
1
0
0
0
0
1
0
2
0
3
2
5
4
4
4
6
4
1
2
2
0
0
0
0
0
0
0
0
0
1
0
0
1
0
1
1
1
2
2
8
7
2
2
3
0
0
0
1
0
0
0
0
0
1
0
0
0
0
0
0
0
1
6
7
6
1
2
0
0
0
0
1
0
0
0
1
0
1
0
1
0
0
1
0
3
4
10
6
11
5
3
1
1
0
0
0
0
0
0
1
0
0
1
1
0
0
0
2
1
3
4
8
8
10
4
0
1
1
1
0
0
0
0
0
1
1
0
0
0
0
1
3
4
7
7
18
27
15
11
9
6
2
0
0
1
1
0
1
1
1
0
0
1
3
2
4
5
4
14
26
54
43
20
10
1
0
1
3
1
0
0
2
0
1
0
1
2
2
2
5
6
4
7
7
3
2
3
1
0
0
0
0
0
0
0
0
1
0
0
0
0
1
0
0
1
6
1
5
7
8
3
2
0
0
0
3
3
2
2
0
1
0
0
0
0
0
1
1
3
6
8
12
7
8
2
3
0
1
0
0
0
0
0
0
2
0
0
0
0
1
1
3
8
8
6
10
6
6
8
6
1
1
3
1
0
0
0
0
0
0
0
0
1
4
4
4
0
2
7
8
10
13
6
4
3
1
3
0
4
0
0
0
2
0
0
0
1
0
3
2
8
7
22
28
34
27
22
16
4
2
0
0
0
2
0
1
1
1
0
0
2
1
3
5
5
9
17
28
38
41
41
35
4
7
2
5
1
1
1
2
0
1
1
2
0
2
3
3
5
5
4
16
10
4
8
3
2
1
0
5
1
2
1
0
0
0
0
0
0
1
2
0
3
1
8
6
2
2
0
3
1
0
0
0
0
0
1
0
0
0
0
0
0
1
1
1
3
10
10
10
6
2
0
2
2
1
0
0
0
0
0
0
1
0
0
0
0
0
0
0
1
2
4
5
11
6
0
4
3
0
1
0
0
0
0
0
0
0
0
0
0
0
1
2
6
4
7
8
9
9
6
3
0
0
1
0
0
0
2
1
0
2
0
0
1
0
5
3
6
3
15
24
40
28
26
18
7
3
1
0
2
0
1
0
0
1
1
0
0
1
3
9
8
6
13
24
40
36
28
21
9
3
4
2
2
0
1
2
1
0
0
0
1
3
0
2
4
6
6
2
4
2
1
1
1
0
0
1
0
0
0
0
0
1
0
0
0
0
2
3
1
3
4
7
4
2
0
0
0
0
0
0
0
0
0
1
0
0
1
0
0
0
2
1
4
5
6
5
6
3
4
1
0
0
0
1
0
0
0
0
0
0
0
0
0
0
0
1
2
5
7
13
10
7
1
1
0
1
0
0
0
0
0
0
0
0
0
0
0
0
5
4
3
8
7
14
7
3
4
5
0
0
0
0
0
0
0
0
0
0
0
0
1
1
2
6
6
7
11
20
27
42
30
18
7
2
0
1
0
0
2
0
0
1
0
1
2
4
4
5
2
2
15
24
31
49
22
32
6
3
1
0
1
2
0
0
0
0
0
1
3
8
6
4
1
5
22
11
9
3
8
1
0
1
0
1
1
0
0
1
0
0
3
0
3
1
0
1
1
2
2
3
4
1
0
1
0
0
1
0
0
0
0
0
0
0
0
0
1
0
3
1
4
4
8
5
3
1
6
5
0
0
0
0
0
0
0
3
0
1
0
0
0
0
1
3
17
64
17
4
6
7
3
6
0
0
0
0
0
0
0
0
0
0
0
0
0
0
2
5
1
5
13
18
13
7
8
1
3
0
1
0
0
0
0
0
0
0
0
0
0
0
0
4
4
3
1
3
7
2
0
2
3
0
0
0
0
0
0
0
1
0
3
0
2
1
3
4
3
7
11
31
45
58
70
48
21
6
4
1
2
0
2
2
0
0
0
1
2
3
3
2
1
5
6
5
3
3
3
5
3
0
0
0
0
0
0
0
0
0
2
0
0
1
1
9
1
5
5
2
7
2
1
0
0
0
1
0
0
0
0
0
2
0
0
0
0
0
0
2
3
6
3
6
6
10
6
2
0
0
0
0
0
0
0
0
0
0
0
1
1
1
1
3
2
8
10
18
3
4
2
0
0
1
0
0
0
1
0
4
0
0
0
0
1
1
4
2
4
4
5
20
19
15
8
4
1
0
0
2
0
0
0
1
1
1
0
0
1
0
1
5
4
16
11
37
43
62
30
19
4
0
2
3
1
2
0
1
2
0
0
0
4
2
11
4
6
7
25
47
46
46
29
23
7
3
2
0
0
0
0
0
1
3
0
1
2
0
5
5
7
6
9
3
15
4
7
1
1
1
0
0
0
0
0
2
0
0
0
1
1
0
1
3
2
7
12
5
9
6
2
0
0
1
0
0
0
0
0
0
0
0
0
0
2
3
1
0
3
5
3
8
4
3
5
1
1
0
0
0
0
0
0
0
1
0
0
0
0
0
2
1
3
6
10
9
10
8
7
3
2
0
0
0
0
0
0
0
0
0
0
0
1
1
2
3
0
7
8
7
11
10
5
1
1
1
0
0
0
0
0
0
0
0
4
1
4
3
4
3
8
9
16
28
38
39
22
17
4
2
0
3
2
0
1
1
6
0
1
2
4
5
9
4
5
13
25
16
40
31
31
13
3
3
2
0
0
0
1
0
4
1
0
1
0
6
4
3
4
5
6
12
9
7
2
1
1
0
1
0
0
0
0
0
0
0
0
0
1
0
1
5
3
10
6
12
7
2
2
0
0
1
0
0
0
0
0
0
0
1
0
0
0
2
2
4
8
9
10
8
8
5
3
0
0
0
0
0
0
0
0
0
1
0
0
0
0
1
1
1
2
8
14
12
8
5
8
5
1
0
0
0
0
0
0
1
1
1
0
0
0
0
1
3
6
10
11
12
20
11
6
4
3
1
1
0
0
1
0
0
0
0
0
0
0
2
5
9
8
8
16
31
27
30
31
12
5
3
0
1
0
0
2
1
0
2
2
0
1
2
7
5
9
12
25
40
49
40
23
21
10
6
0
1
1
1
0
1
0
2
0
1
3
1
2
3
6
3
6
2
3
4
1
4
0
0
1
0
0
0
2
0
0
0
0
0
0
1
0
2
0
0
7
9
7
3
5
0
1
0
0
0
0
0
0
0
1
0
0
0
0
1
2
2
1
2
5
4
8
5
1
6
0
0
0
0
0
0
0
0
0
0
0
0
0
0
2
3
0
6
10
15
7
5
3
2
0
0
0
0
0
0
0
0
1
1
0
1
0
1
1
0
0
4
15
19
14
12
5
3
2
0
1
1
1
0
5
2
0
0
1
1
0
0
4
3
5
5
11
38
60
78
39
38
6
0
1
0
1
0
5
2
0
1
0
0
1
3
8
1
6
12
15
43
54
65
36
17
5
5
4
2
1
1
0
1
0
1
0
4
3
7
1
3
6
5
7
3
6
1
2
0
0
0
0
0
1
0
0
0
0
0
0
0
0
0
1
2
6
2
11
10
3
0
0
0
0
0
1
0
0
0
0
0
0
0
0
0
1
1
0
4
3
6
2
8
2
1
3
1
0
1
0
1
0
1
0
0
0
2
1
0
1
0
2
1
6
7
7
12
5
3
5
0
0
0
1
0
1
1
0
0
0
1
0
0
3
1
3
6
4
13
21
11
12
7
0
2
2
4
4
1
4
2
0
0
0
0
0
0
1
1
6
3
5
22
17
34
41
21
16
4
2
2
0
0
2
2
0
0
0
0
0
0
1
4
5
7
13
14
31
32
31
28
33
7
1
1
2
1
1
2
1
0
0
2
2
1
3
4
5
7
10
9
6
2
5
3
2
2
0
0
1
0
0
0
0
1
1
1
0
1
4
0
3
1
7
3
7
5
1
0
2
0
0
0
0
0
0
0
2
0
2
0
2
0
2
0
5
1
7
3
9
7
6
0
1
0
0
0
0
0
0
0
0
0
0
1
1
0
0
2
4
2
4
5
9
7
10
6
1
0
0
0
0
0
0
0
0
1
0
0
0
0
0
1
2
3
5
14
15
16
11
7
6
1
1
0
0
1
0
1
0
1
0
0
0
0
1
1
4
6
11
14
28
39
49
38
24
5
1
0
0
4
1
1
0
2
1
1
0
1
1
1
7
4
17
15
35
40
30
30
24
5
3
2
2
0
0
1
0
2
1
0
1
1
2
3
2
2
5
3
12
4
2
4
4
0
0
0
0
1
0
0
0
0
1
0
0
1
2
0
2
2
4
7
9
5
6
2
3
0
0
0
0
0
0
0
0
0
1
0
0
0
0
2
0
1
4
7
6
5
4
2
0
0
0
0
1
0
0
0
0
0
0
0
0
0
0
2
5
3
13
17
7
10
4
0
2
2
1
0
1
0
0
0
0
0
0
0
0
0
1
2
2
6
7
9
13
14
12
15
5
0
0
0
0
0
1
0
0
0
0
2
2
1
0
2
6
5
18
24
31
56
45
32
22
9
4
0
0
0
0
0
0
1
1
0
0
0
6
3
11
7
11
17
29
42
41
30
12
5
4
0
0
2
0
1
1
1
4
1
2
3
6
3
10
3
7
6
13
9
5
3
1
0
0
0
0
0
0
0
0
0
0
0
0
1
1
0
2
5
8
4
7
2
3
2
2
1
0
0
0
0
0
1
1
1
0
0
0
0
1
2
2
7
9
15
14
3
2
1
0
0
0
0
0
0
1
0
0
1
1
0
0
1
1
0
3
5
10
13
12
7
3
5
4
1
0
0
1
0
0
0
0
0
0
0
0
2
1
0
4
3
9
11
14
13
9
7
4
0
0
2
0
0
0
0
0
0
0
0
0
0
0
1
6
14
8
13
39
40
57
65
48
18
1
5
0
0
1
0
0
0
0
2
0
1
0
5
5
3
9
19
36
44
28
36
14
5
3
2
0
0
1
11
1
0
4
1
1
1
3
0
3
1
6
6
2
6
3
4
1
1
0
1
1
0
0
0
0
0
0
0
0
0
0
1
3
4
4
8
11
7
8
2
4
0
2
4
7
3
1
0
0
0
0
0
0
0
0
2
1
3
6
4
16
9
1
1
2
0
1
0
0
0
0
0
1
0
0
0
0
0
2
2
3
10
9
9
16
8
4
2
0
0
0
0
0
1
1
0
0
0
2
0
0
1
0
3
0
2
7
10
13
7
11
4
1
1
0
1
0
1
0
2
2
0
0
0
1
1
2
2
4
6
5
11
19
41
34
27
20
12
7
0
2
4
0
1
0
1
0
1
1
1
3
5
7
8
9
30
32
38
47
41
30
4
2
0
0
1
1
1
1
1
0
2
1
1
2
3
4
1
4
8
11
5
3
3
0
0
0
0
1
0
0
0
0
0
0
0
0
0
2
1
2
4
3
10
5
9
1
5
3
0
0
1
1
0
1
1
0
0
0
0
0
2
0
2
2
8
3
11
11
11
8
1
2
1
0
0
0
0
0
0
0
0
1
0
0
0
0
0
2
3
5
12
10
11
5
3
5
0
0
0
0
1
0
1
0
1
0
0
0
0
0
3
1
3
8
12
11
16
10
10
4
1
0
0
0
0
0
0
0
1
0
0
0
1
1
1
4
4
6
26
28
35
39
21
14
2
5
2
1
0
0
0
0
1
3
3
0
3
2
3
7
16
15
21
41
45
73
47
47
11
7
2
1
0
2
0
0
0
1
0
3
2
1
5
4
4
7
5
3
7
3
0
1
1
1
0
0
1
0
0
0
0
0
0
0
1
1
2
2
4
6
7
7
4
5
4
3
0
0
0
0
0
1
0
0
0
1
0
0
0
1
0
9
6
7
13
7
11
5
4
1
0
0
0
0
0
0
0
0
0
0
0
0
2
2
3
1
4
5
10
10
10
5
1
1
0
0
0
0
0
0
0
0
0
0
1
0
1
0
1
4
1
8
8
16
13
12
9
4
1
1
0
0
0
0
0
0
0
0
1
0
0
1
3
3
8
9
19
32
57
60
38
34
11
3
2
1
0
0
1
3
1
1
1
2
1
5
3
2
9
16
22
31
28
25
29
18
11
2
1
1
1
0
1
1
0
3
1
2
0
4
0
4
2
5
10
13
2
6
2
2
2
2
0
0
1
0
0
1
0
0
0
0
1
0
3
2
5
9
3
6
6
2
2
0
0
0
0
0
0
2
0
0
2
0
0
0
0
0
1
1
4
9
12
