212
317
281
218
137
73
44
47
45
73
106
160
186
217
171
157
121
130
111
91
97
74
56
47
31
15
9
6
17
26
88
141
165
160
130
138
144
168
153
137
127
159
161
166
145
123
78
66
51
27
13
8
16
20
103
131
202
210
143
133
170
182
214
150
113
175
210
210
215
175
159
91
62
46
20
18
20
27
91
134
223
226
138
148
150
140
158
153
151
166
201
269
244
234
199
228
152
96
46
47
41
27
37
41
70
93
119
162
164
192
168
150
155
148
193
215
213
175
206
212
184
86
52
41
35
29
14
41
50
87
137
158
158
173
143
119
122
116
138
133
93
66
61
52
32
23
11
6
21
39
110
183
227
216
141
130
112
139
145
124
137
179
202
209
189
151
124
100
56
22
21
9
14
28
120
193
234
214
147
157
150
138
182
133
107
209
208
230
239
249
139
83
64
36
13
16
10
32
110
175
213
254
153
159
181
151
179
153
140
161
212
257
250
205
151
115
53
36
23
19
26
25
105
182
235
229
177
170
175
173
188
159
125
177
242
273
283
280
211
151
106
48
27
21
25
29
105
189
236
246
154
155
178
175
201
142
150
185
189
225
262
271
235
259
188
95
71
46
32
19
35
39
73
110
150
158
156
186
173
146
138
125
163
200
214
209
221
257
203
134
93
56
35
24
33
43
60
78
131
144
186
169
149
155
127
131
163
136
108
102
78
77
34
16
10
9
20
29
113
169
211
236
145
164
138
143
168
160
137
180
206
205
226
184
137
104
79
41
14
19
23
27
111
195
268
255
184
168
172
180
167
163
156
175
247
271
276
283
178
120
71
45
28
15
15
38
119
224
313
242
174
172
186
191
195
161
143
173
235
259
247
263
180
122
96
53
21
14
29
39
98
198
275
221
177
199
199
189
194
165
146
193
244
258
293
253
242
185
105
65
35
30
40
32
124
206
284
248
165
171
196
181
211
148
146
170
228
300
314
287
260
256
213
135
78
56
37
40
48
57
86
114
143
140
177
191
184
167
138
172
214
217
250
245
217
252
200
130
82
54
60
34
29
52
62
95
114
163
208
188
189
167
148
156
158
144
145
108
134
106
83
58
37
27
15
20
41
58
103
123
113
117
150
161
153
139
118
165
167
163
116
115
102
81
42
17
10
12
19
41
112
180
277
261
145
187
140
133
150
157
130
205
237
266
241
222
194
104
89
44
18
8
18
38
113
202
286
278
186
193
197
186
184
189
133
205
274
259
283
271
235
143
111
34
27
12
14
23
106
222
286
254
164
191
187
212
203
189
130
203
241
306
298
287
282
243
133
76
54
35
27
38
112
207
316
299
190
191
202
197
211
183
158
154
166
166
216
262
240
240
205
111
80
44
40
32
27
65
88
113
139
166
207
192
184
166
124
166
222
244
286
271
261
268
230
147
117
79
62
33
35
43
52
77
146
181
189
196
170
162
164
138
165
140
111
83
73
86
37
18
10
8
18
38
113
216
250
250
161
123
168
146
175
172
147
178
258
243
235
202
216
156
72
37
18
8
13
26
111
215
261
204
168
153
184
187
199
192
152
195
228
246
272
251
187
136
95
47
24
14
11
29
95
202
258
228
174
164
165
184
196
173
139
199
242
258
270
229
234
150
104
46
26
17
20
34
108
208
270
272
180
203
205
212
223
186
145
205
272
309
346
328
305
250
167
70
46
25
28
40
121
189
265
262
178
186
205
207
198
179
143
202
232
271
325
324
297
278
223
163
75
54
43
25
42
59
107
114
159
176
226
218
190
206
164
188
267
269
259
255
235
266
205
130
93
43
46
21
22
34
88
86
161
167
195
178
179
146
182
264
255
137
129
137
149
300
105
34
24
12
16
47
107
200
318
246
162
156
167
190
183
167
154
216
233
245
259
260
218
161
90
25
17
20
14
30
129
198
256
254
157
184
194
170
208
165
145
205
239
269
294
239
194
140
65
49
19
10
14
33
91
209
266
262
181
202
182
184
196
209
121
258
283
310
285
262
270
205
118
50
42
17
29
41
128
226
290
245
197
194
216
231
224
185
140
174
211
270
305
284
288
234
174
76
53
19
46
32
115
176
256
254
201
170
169
154
147
106
91
94
118
152
126
127
100
80
55
30
23
25
19
13
13
15
43
60
75
100
108
135
115
141
138
147
188
227
231
257
245
248
227
143
87
57
34
38
35
51
69
86
164
170
199
169
164
141
157
156
183
153
128
85
82
68
42
25
14
8
24
39
116
213
280
278
160
172
142
142
160
142
138
180
243
217
195
214
149
133
99
46
29
9
19
25
126
202
267
225
197
170
191
195
199
180
147
233
323
297
301
307
256
168
105
71
39
11
24
33
116
217
262
276
184
195
197
189
212
182
144
208
287
293
287
281
245
174
104
65
41
20
26
38
112
208
253
251
222
208
201
202
210
185
167
205
216
266
282
261
238
197
139
80
46
21
22
38
110
210
283
245
175
194
209
222
199
179
155
173
227
275
279
313
297
278
223
136
89
46
58
25
47
58
112
116
122
206
207
199
175
149
140
185
238
232
285
257
265
293
224
154
111
75
47
41
30
36
59
90
137
189
212
164
164
152
145
129
184
180
189
146
125
110
78
42
37
26
17
29
40
68
96
135
143
152
157
169
148
128
148
170
205
178
158
106
114
88
73
40
32
10
15
44
124
208
265
246
157
162
171
187
179
159
128
203
233
234
239
195
149
121
77
62
44
33
13
33
134
199
253
231
155
210
227
200
208
206
151
237
259
287
290
237
225
124
98
57
29
31
42
45
120
211
258
273
198
187
216
208
231
176
147
221
233
283
290
302
259
202
133
69
41
30
40
35
123
217
270
279
206
203
202
225
228
184
175
226
273
315
307
284
284
281
232
151
92
58
38
41
50
70
114
137
159
197
235
231
163
159
143
162
267
275
312
313
292
302
274
205
98
75
60
40
39
57
75
87
172
199
201
200
163
158
161
163
187
199
125
83
128
95
151
34
19
9
18
33
130
189
250
233
185
172
184
188
167
156
163
217
261
258
207
187
129
92
66
40
24
16
15
26
123
201
287
260
171
143
181
202
199
176
164
220
286
298
247
267
217
128
94
43
34
19
20
36
148
264
357
308
212
187
187
183
205
185
173
251
300
289
273
297
248
195
141
55
29
30
26
46
127
244
280
289
198
204
214
216
245
167
153
192
282
231
292
321
266
212
161
69
62
29
43
58
131
197
274
281
213
220
208
200
197
162
162
201
285
357
313
332
302
358
240
185
92
53
57
47
49
64
99
140
170
192
247
213
209
171
155
177
251
282
262
288
300
291
254
159
108
77
51
43
36
43
59
91
158
214
249
218
167
175
135
188
183
174
133
99
105
75
54
25
13
15
18
35
116
186
266
249
165
162
158
150
176
164
184
240
283
284
266
268
152
93
74
31
26
11
24
47
110
194
283
245
185
192
194
194
227
176
164
264
260
239
290
264
171
113
80
48
26
13
21
38
125
207
256
281
208
255
222
212
201
192
159
279
246
264
269
238
177
146
100
57
38
21
20
37
124
212
279
271
192
196
206
228
221
209
158
232
222
268
270
297
304
244
125
66
33
24
27
31
129
216
302
273
195
170
143
160
164
178
155
247
230
302
335
316
299
292
252
147
90
80
57
33
50
61
112
129
180
181
229
196
216
197
181
216
250
284
298
310
314
286
272
208
134
66
58
27
42
66
100
143
175
228
188
188
169
157
181
189
178
145
122
105
94
57
24
20
9
20
37
113
191
283
258
172
176
174
158
207
177
169
208
274
286
224
194
173
87
67
42
22
16
14
34
141
236
319
305
207
199
191
207
181
154
125
200
229
264
287
249
228
135
95
54
33
11
11
38
89
221
275
313
215
206
212
208
199
208
139
213
290
288
314
278
259
211
110
57
41
21
33
36
111
236
284
293
213
235
242
241
229
200
131
208
293
229
290
333
315
242
144
106
57
51
49
47
114
229
295
278
227
215
229
238
224
218
170
201
258
276
312
352
317
295
262
174
107
78
46
35
50
57
111
149
166
215
272
237
222
233
186
231
287
335
326
316
306
343
264
174
95
58
65
56
39
42
81
255
137
133
180
166
156
206
169
216
221
205
172
157
122
92
57
29
20
21
31
51
131
178
282
288
210
190
190
170
196
181
167
236
287
215
212
185
150
97
67
39
22
14
21
32
101
204
293
258
187
213
217
192
196
177
145
293
282
304
270
249
198
152
87
51
19
12
27
34
105
209
295
262
198
218
209
201
205
229
164
214
273
297
272
268
286
159
101
54
35
23
24
45
123
186
296
312
200
219
224
205
219
168
124
177
238
270
321
333
330
240
157
67
47
39
31
54
119
201
306
286
239
234
244
210
211
209
181
278
310
265
311
311
304
291
288
126
103
70
45
41
44
68
124
148
165
215
199
203
191
188
172
242
256
273
293
287
311
325
261
195
91
64
64
43
42
34
72
110
196
208
254
203
187
177
163
196
195
179
151
119
113
93
50
28
14
13
28
40
102
165
225
211
165
159
174
163
160
172
178
224
254
226
222
156
148
84
49
30
25
8
21
32
102
165
260
239
171
171
215
178
192
194
181
235
308
275
280
240
208
140
96
31
29
12
18
31
106
198
284
255
217
197
200
204
234
210
171
234
269
297
296
288
234
172
110
56
43
21
22
50
106
191
274
283
208
235
236
246
227
190
126
140
209
267
303
285
264
186
150
75
49
35
33
44
55
100
204
209
183
232
224
180
216
207
162
221
269
291
288
272
247
268
236
150
91
52
36
23
37
54
78
133
191
181
219
187
200
178
202
228
251
267
238
233
217
228
187
105
63
38
44
39
32
39
77
99
176
208
205
196
177
170
159
165
139
139
177
117
110
42
42
31
14
13
20
49
115
161
247
189
138
182
174
138
184
170
150
200
239
206
215
192
139
87
58
29
24
16
19
32
103
203
249
278
193
182
201
213
205
217
183
225
289
254
291
276
202
148
81
38
27
19
17
28
109
211
281
251
212
211
203
236
196
193
142
187
257
294
337
270
257
170
92
60
27
22
25
34
104
203
289
280
215
217
219
251
237
221
174
198
277
303
353
320
306
260
127
64
41
42
30
41
110
222
305
286
209
232
222
216
227
178
168
206
281
332
353
364
309
334
271
140
82
68
47
34
45
77
138
150
200
211
204
236
240
208
173
199
246
216
230
261
239
333
237
157
117
56
52
48
43
62
76
123
164
221
208
230
237
202
179
158
210
160
141
87
100
100
55
27
8
9
21
52
108
198
243
247
182
161
158
170
181
175
175
246
261
272
267
271
192
133
85
34
18
11
21
26
107
212
290
267
181
189
193
183
227
172
171
234
270
286
300
283
202
150
88
55
27
18
24
38
105
231
241
258
218
211
197
197
220
164
145
193
272
321
305
276
301
188
87
50
25
15
21
46
114
241
288
257
174
203
197
205
233
198
157
186
271
288
348
325
318
224
132
77
31
33
31
47
111
230
324
346
243
223
172
178
212
166
140
199
243
289
320
306
312
300
233
146
106
69
55
31
47
71
101
161
167
234
236
232
216
206
161
212
237
267
290
296
314
343
301
189
132
77
77
36
63
69
69
117
155
221
215
201
184
165
156
157
210
173
151
121
110
76
50
26
15
12
16
47
104
208
287
232
195
187
165
185
198
194
170
227
272
295
271
203
155
110
70
45
26
12
20
41
106
201
273
235
223
181
210
195
184
192
142
227
258
273
293
244
195
125
83
53
22
15
23
38
107
203
302
281
229
190
195
222
213
182
158
223
285
306
312
315
260
174
91
51
27
20
20
45
109
215
304
245
217
212
231
213
233
209
141
176
268
311
302
344
315
220
144
84
40
18
34
62
102
200
302
266
186
208
199
217
226
188
136
221
286
315
330
328
319
323
294
223
247
107
72
38
47
77
127
157
157
187
207
195
215
211
184
203
259
272
311
302
313
320
266
147
108
71
46
33
42
62
94
126
174
210
218
221
212
174
155
169
211
176
165
107
107
74
41
24
15
9
19
39
112
187
286
241
159
161
165
194
194
210
136
246
284
299
220
189
168
104
76
38
24
11
19
28
134
223
248
280
187
190
212
186
161
188
164
255
265
272
265
256
206
149
108
53
36
17
18
33
103
206
293
233
203
190
208
213
207
202
137
218
271
257
303
270
249
169
106
60
40
34
24
44
129
234
293
278
218
187
225
235
215
228
118
210
291
358
325
370
324
242
162
110
43
29
33
57
113
233
287
272
208
214
209
182
215
172
139
241
294
364
333
286
334
321
262
178
111
55
51
37
49
80
118
150
203
196
231
211
222
163
159
198
255
263
220
287
273
287
283
190
101
67
52
41
39
48
75
119
183
214
228
210
203
178
151
147
193
176
145
116
77
73
49
24
21
14
22
51
124
219
302
252
184
172
170
200
203
195
153
230
274
285
259
222
160
83
71
37
15
14
14
52
112
210
289
256
178
178
199
193
209
203
170
241
294
295
271
281
283
185
