71
89
109
90
71
35
27
17
6
17
14
22
26
23
29
20
27
34
29
24
30
30
40
24
17
9
8
2
2
6
14
47
39
19
22
25
28
23
23
20
19
18
26
17
26
21
12
26
18
9
7
4
7
6
23
46
35
22
14
22
17
16
20
28
24
37
35
28
23
19
22
22
26
8
7
6
5
10
26
48
49
22
14
24
16
21
23
29
26
40
32
38
22
26
38
37
26
31
22
21
15
12
12
17
15
27
32
27
28
25
36
22
23
25
30
36
30
25
27
42
31
22
15
23
12
6
10
18
22
24
35
34
31
35
30
22
22
31
29
19
21
25
30
25
13
9
4
0
6
10
24
39
37
24
11
24
14
15
16
18
16
31
21
22
17
12
13
7
9
10
9
4
4
6
28
48
39
22
7
18
23
14
18
10
14
34
22
21
25
37
32
12
10
7
7
10
0
8
26
53
50
29
19
18
14
15
17
19
20
31
29
25
23
30
29
29
19
9
6
4
4
10
26
55
45
26
24
19
29
26
20
13
15
30
31
30
22
31
23
30
26
14
11
10
10
5
33
60
58
16
16
21
13
22
20
12
23
60
65
33
36
41
37
40
33
28
28
14
8
9
19
20
33
28
37
23
30
27
21
17
23
25
32
36
25
25
40
38
43
33
27
21
12
8
10
13
19
21
35
33
20
29
26
35
25
25
25
23
11
21
17
15
16
6
7
5
3
11
24
42
33
22
19
12
10
20
14
12
15
28
22
25
11
20
18
18
12
7
6
1
3
9
26
50
39
27
12
17
20
24
13
14
15
52
70
56
26
21
32
12
16
17
6
6
5
7
23
51
54
22
13
12
18
15
16
17
19
23
33
26
34
24
18
22
17
18
9
5
6
8
16
48
38
26
17
24
14
16
15
17
20
36
35
17
32
28
27
16
21
9
7
9
7
14
20
52
44
26
19
13
24
16
20
19
24
40
45
42
42
30
38
43
39
39
27
20
17
9
15
23
21
26
21
31
28
20
21
23
29
29
24
26
16
22
28
29
36
28
22
20
18
5
7
17
20
31
36
31
30
27
24
28
32
26
39
25
26
20
32
26
22
16
11
11
5
7
18
17
20
18
11
19
22
21
17
20
26
29
16
27
16
17
27
20
9
11
4
3
2
7
26
48
42
31
19
12
22
19
18
15
16
32
27
36
24
23
31
22
5
5
6
6
2
8
34
39
71
28
21
17
24
18
15
18
17
37
24
22
25
26
24
17
11
10
6
2
7
6
22
46
53
32
23
16
14
17
17
16
24
38
60
39
32
28
30
28
17
10
12
4
9
11
36
54
47
26
14
17
22
20
20
25
28
45
47
27
20
25
33
45
21
23
18
17
7
7
13
18
28
25
21
21
25
28
32
20
29
33
34
33
26
23
36
45
44
27
22
12
14
13
13
25
21
31
28
32
28
36
28
25
27
32
30
13
20
19
19
17
11
10
4
3
10
8
27
45
43
21
23
13
14
13
14
18
25
21
24
23
23
21
21
18
16
8
5
3
2
8
30
44
52
23
9
16
23
15
20
10
14
38
42
26
20
23
21
26
7
9
7
4
4
5
26
38
49
29
20
21
29
15
18
19
17
30
33
27
17
24
39
16
16
11
11
2
6
6
36
51
30
31
11
22
18
28
29
17
20
45
29
47
50
28
35
46
19
15
6
7
5
10
34
60
52
39
16
25
25
26
29
26
30
59
62
51
52
46
55
53
29
36
31
23
19
8
15
21
32
39
32
34
31
48
29
28
18
35
46
35
29
26
36
47
58
45
26
28
13
8
10
20
16
36
44
38
32
33
32
39
25
62
56
39
30
32
33
64
23
11
4
3
5
12
31
55
52
23
11
20
12
33
20
25
13
30
26
28
21
25
12
17
15
6
6
3
4
10
27
52
40
25
36
17
20
14
27
16
15
34
28
28
22
34
28
26
19
9
11
4
5
7
27
50
52
23
16
22
23
21
17
10
19
27
35
30
28
31
28
23
11
6
6
6
6
7
42
55
57
27
22
21
31
22
22
20
19
44
43
31
35
33
20
36
25
15
10
10
7
8
31
49
51
16
22
25
30
24
33
29
19
35
33
29
14
17
21
22
15
10
7
5
6
3
6
10
16
18
12
21
12
19
20
18
21
29
37
40
31
35
38
36
50
37
24
19
13
11
17
13
21
23
38
25
27
31
37
22
26
48
41
37
25
26
23
28
17
6
4
4
9
10
40
59
63
34
12
11
12
17
21
24
18
37
27
20
19
30
34
14
15
13
5
4
7
7
23
45
38
31
8
18
17
15
24
25
12
33
35
28
47
35
24
15
14
8
17
3
5
7
29
49
59
26
18
22
25
24
30
23
26
46
44
39
32
28
24
33
15
6
8
7
5
4
29
55
59
32
20
19
29
27
36
24
19
44
52
53
48
42
41
43
30
17
7
7
13
15
34
62
74
23
18
19
23
35
32
30
37
50
80
58
48
41
38
37
55
38
40
32
13
14
14
14
28
41
30
32
31
31
40
36
36
41
55
42
54
49
51
59
46
37
44
19
22
17
23
20
22
32
35
34
37
44
46
35
28
37
39
31
41
18
38
33
22
18
9
8
3
6
15
17
27
27
24
20
24
28
18
26
21
31
38
33
31
16
34
24
16
9
4
3
6
6
25
31
36
22
14
20
18
34
30
30
19
30
32
17
22
29
25
19
16
6
9
2
4
14
31
48
36
25
21
16
20
21
18
22
23
30
32
41
26
17
32
27
16
11
5
0
4
7
31
49
54
23
23
26
22
31
24
21
19
33
62
44
35
38
36
43
27
20
14
5
8
9
32
37
50
22
31
24
19
21
26
29
18
48
64
56
50
50
67
58
77
42
41
17
11
18
15
35
44
70
60
65
50
55
49
53
51
65
76
74
59
68
59
77
65
50
37
19
21
14
22
22
42
34
63
52
72
58
45
54
38
41
64
50
30
30
36
29
43
12
10
5
6
9
25
47
49
28
13
13
13
19
26
23
24
22
34
28
24
26
17
23
14
7
4
4
3
6
22
55
54
28
20
27
9
17
23
13
15
39
41
32
48
44
40
24
22
12
5
6
10
11
49
77
73
29
23
10
17
21
21
16
20
34
37
43
23
33
31
21
19
9
13
7
8
10
31
60
54
31
20
17
20
23
19
18
25
41
53
55
38
40
38
37
22
16
13
7
4
7
33
47
48
41
29
21
23
41
39
35
35
50
61
59
56
70
49
73
77
53
43
26
20
13
34
35
54
74
77
49
53
73
66
46
36
54
100
98
72
65
66
79
75
54
43
30
17
10
17
26
34
57
58
60
51
49
59
48
49
47
71
52
46
49
50
56
28
14
7
5
8
7
24
50
52
31
18
22
27
24
23
24
24
46
50
32
37
24
20
21
15
7
3
5
5
8
39
50
49
21
23
19
18
23
23
18
22
42
33
31
33
32
39
28
14
10
10
6
4
11
30
50
54
20
19
22
26
27
26
20
25
34
35
46
41
48
45
33
22
14
7
4
7
9
29
61
51
24
20
20
19
24
18
28
26
39
68
40
33
34
35
43
30
13
9
8
3
11
37
67
61
37
17
21
21
13
32
21
38
31
38
39
32
31
45
42
56
50
31
31
21
10
19
21
42
70
43
68
49
64
45
45
42
61
84
101
67
53
59
65
70
48
44
53
24
15
25
34
48
54
62
61
66
69
54
40
47
51
49
48
45
45
31
18
16
3
3
7
9
32
70
55
43
17
20
19
24
28
16
32
28
33
33
23
25
27
20
14
11
6
6
8
8
31
61
52
30
18
26
25
31
17
25
24
36
30
34
22
32
24
28
19
14
7
4
5
9
22
58
51
26
17
25
28
20
19
14
22
53
45
38
28
38
40
39
32
15
8
8
7
7
27
62
69
32
20
17
25
32
30
20
21
32
44
39
48
54
39
43
40
16
10
7
13
11
37
64
74
34
24
25
24
27
36
27
39
54
52
49
62
40
35
52
49
46
32
21
19
12
13
16
31
33
47
34
35
39
43
37
30
35
56
35
43
51
46
69
61
49
40
30
17
14
23
11
24
28
56
50
35
45
52
31
31
36
36
31
36
26
32
37
24
15
10
6
7
14
24
48
58
27
22
24
14
14
26
18
22
40
35
38
35
49
47
41
27
19
8
5
5
5
31
76
50
29
18
24
14
27
17
22
18
23
23
25
31
30
34
25
25
17
10
7
7
5
29
48
34
32
21
23
19
31
15
25
18
34
43
37
38
20
35
35
23
23
10
7
9
12
30
43
35
31
23
17
24
28
23
19
17
35
34
30
40
30
57
29
26
17
8
10
12
11
40
51
42
35
23
17
26
33
26
32
32
56
44
59
62
48
59
44
50
43
50
29
21
9
16
20
26
31
26
30
32
36
32
46
26
44
49
50
32
41
53
59
58
40
32
39
28
8
17
20
26
24
44
43
51
34
38
36
16
35
25
44
33
33
42
13
19
10
9
7
6
7
26
37
37
22
19
19
22
24
22
21
22
31
31
30
21
24
27
16
27
10
2
5
8
10
23
30
39
31
24
20
19
17
30
35
17
27
32
86
58
59
42
41
19
19
4
3
5
7
24
31
32
29
15
21
27
27
18
24
16
30
35
49
44
44
43
44
36
13
6
5
7
11
20
30
35
26
21
14
16
25
21
19
9
35
38
32
36
37
32
36
23
20
14
11
4
17
22
31
33
27
31
36
23
40
30
34
23
33
45
48
36
43
42
64
49
54
41
37
18
5
12
13
26
41
35
36
38
44
29
36
27
33
42
36
37
43
49
60
58
42
30
32
21
9
12
22
32
47
64
52
53
62
51
39
39
39
47
35
33
52
35
24
20
11
8
3
9
13
29
28
27
27
22
31
32
15
22
34
34
51
39
39
30
32
25
25
25
17
6
4
8
15
32
31
41
23
15
15
35
23
21
17
17
35
38
39
32
33
25
32
23
12
7
6
6
11
36
55
44
24
19
16
17
15
22
29
22
34
42
37
41
49
48
42
31
11
4
2
7
11
43
46
32
32
21
12
20
23
15
15
16
36
47
43
36
32
34
34
27
16
17
7
7
16
39
52
67
33
32
22
29
24
31
26
23
43
39
46
45
55
46
53
69
34
41
26
13
2
17
34
47
45
31
40
37
42
32
32
29
57
44
45
48
34
50
52
62
44
32
28
17
13
8
22
17
38
46
36
41
54
75
40
32
45
43
55
44
41
40
41
13
7
8
4
6
7
33
51
39
35
19
12
19
28
28
21
27
35
32
40
37
34
32
33
26
8
5
3
7
8
31
43
53
22
15
17
18
14
23
14
18
29
31
28
20
35
22
26
15
13
7
3
5
8
32
52
47
20
26
10
27
17
22
24
23
44
32
74
39
38
48
35
25
10
4
8
1
6
23
54
50
36
20
23
15
24
24
23
26
47
39
46
43
41
33
39
30
14
7
5
9
8
32
46
65
34
22
23
17
20
31
28
19
44
35
51
50
45
43
50
69
24
28
21
8
9
16
19
24
43
27
41
37
39
35
41
38
51
54
56
31
51
46
56
58
41
39
29
19
6
13
23
28
32
43
37
37
49
36
31
38
33
27
32
40
18
27
29
13
15
4
2
7
7
34
48
41
24
18
18
32
31
35
23
22
36
24
26
35
35
31
36
18
11
9
1
3
12
36
40
41
35
14
16
14
21
24
21
20
32
35
32
37
37
36
27
14
9
9
6
5
6
35
54
48
31
18
20
25
14
15
16
18
44
31
48
39
50
42
32
20
13
6
9
8
11
28
50
57
31
16
16
14
19
21
22
14
46
39
35
34
42
39
33
25
24
7
9
4
13
37
43
45
28
14
20
23
20
29
24
23
36
37
40
42
28
40
45
38
41
40
14
13
12
12
29
48
44
37
37
41
39
32
30
37
30
39
41
36
42
48
52
60
49
34
25
18
11
14
35
26
40
35
46
42
47
28
40
42
34
36
28
53
29
29
19
21
13
4
2
5
11
28
51
45
30
18
10
14
21
25
24
16
24
22
31
34
18
16
27
13
6
3
2
3
6
20
46
41
24
14
16
10
15
30
16
22
26
28
23
26
26
15
23
16
13
10
2
7
6
36
42
52
21
10
12
19
9
16
20
14
28
37
35
27
40
35
23
23
17
9
4
4
7
33
47
53
32
14
12
20
22
27
24
18
34
47
31
33
36
30
41
20
11
6
4
8
12
36
54
47
34
24
13
18
27
27
51
28
63
50
50
48
43
58
54
50
24
28
18
16
5
12
20
25
43
44
40
32
25
29
28
32
34
51
52
36
41
30
45
61
44
30
28
23
11
12
22
17
34
59
36
54
58
29
34
35
35
40
33
26
22
25
21
14
10
9
7
3
12
36
50
43
28
31
17
21
22
23
19
27
27
28
33
29
27
50
27
21
15
4
5
6
10
21
39
36
28
12
24
20
20
15
18
23
35
42
31
35
37
30
36
