184
202
190
74
56
34
26
31
37
75
119
179
191
208
190
171
178
157
181
174
124
115
118
59
31
24
15
7
11
28
131
266
370
302
224
202
230
187
201
177
128
214
287
300
263
233
156
72
42
33
11
5
5
41
129
271
423
361
274
245
235
258
233
198
171
223
280
365
315
296
224
125
71
39
16
11
5
32
154
270
410
332
271
264
253
230
207
191
178
233
321
346
297
310
234
170
144
73
43
30
26
22
43
72
107
185
213
245
284
267
253
269
208
228
304
331
271
263
251
185
141
95
66
37
20
8
23
51
85
146
198
262
236
249
194
200
211
202
196
206
142
108
92
52
32
20
11
7
13
40
165
297
405
357
213
182
187
190
195
183
169
244
305
358
304
288
212
109
69
21
13
5
9
35
140
310
477
369
295
239
232
192
213
198
171
221
328
375
373
319
244
110
60
26
13
5
10
49
157
300
472
422
284
260
273
272
251
233
154
240
316
379
401
346
248
118
79
39
14
10
10
35
155
342
511
376
291
280
252
250
256
228
161
236
303
391
393
356
280
173
103
31
16
10
13
39
162
352
471
400
281
257
270
274
293
252
184
256
311
289
304
277
254
201
155
127
58
23
24
23
27
46
104
165
241
243
257
279
259
242
210
234
305
299
262
230
219
198
186
113
42
20
19
13
26
32
82
135
175
256
250
235
200
207
218
215
232
177
139
101
109
73
32
20
10
5
11
42
174
302
465
361
254
197
236
200
232
237
177
265
370
341
337
345
263
130
61
34
7
12
13
42
167
347
528
407
303
285
259
217
286
220
182
217
336
370
405
393
249
160
88
38
6
8
11
54
214
441
540
495
342
290
277
251
254
261
187
257
358
407
437
394
273
161
96
32
14
11
10
38
169
371
530
426
323
270
272
255
306
246
160
240
287
359
403
372
277
181
109
50
31
12
12
46
173
369
550
456
297
267
276
283
278
215
160
238
337
362
348
313
276
229
115
81
54
31
24
26
29
56
117
172
184
229
232
262
237
240
177
233
283
276
258
223
254
193
122
93
46
29
24
15
35
28
65
103
187
201
252
218
211
216
189
180
259
194
157
156
154
108
53
28
23
15
14
12
49
71
150
191
168
201
229
203
200
210
173
219
294
213
184
169
149
88
47
18
14
5
11
45
188
360
556
417
301
282
230
245
283
265
193
254
348
374
420
362
254
161
73
32
13
8
12
41
204
419
587
510
321
333
287
253
313
279
203
302
355
384
388
378
312
163
71
40
16
9
12
35
207
385
604
469
335
334
302
291
299
258
190
279
353
353
408
433
283
205
90
58
21
12
12
39
201
366
548
531
323
313
294
265
269
240
195
211
295
260
254
272
264
175
160
72
36
28
16
21
24
72
113
164
221
282
328
276
265
268
197
239
357
316
305
267
260
208
178
106
45
40
27
19
24
49
89
151
221
242
309
274
251
222
207
232
236
197
154
114
109
57
41
20
15
13
14
41
164
331
492
428
253
218
231
228
261
235
175
269
357
371
345
352
233
136
81
42
10
4
9
43
174
341
505
412
244
293
217
236
263
238
187
301
339
356
406
326
257
147
80
49
21
6
12
41
162
370
515
397
288
267
259
249
291
246
186
246
344
323
381
375
225
166
83
50
16
9
13
52
204
376
560
439
290
284
258
272
315
265
184
284
305
332
379
388
373
226
137
76
40
22
19
46
180
359
502
460
309
312
282
251
287
229
186
273
312
326
375
335
240
220
154
77
52
23
39
22
39
62
133
163
234
270
304
270
251
273
215
255
310
323
290
249
216
206
146
84
42
31
24
18
26
28
93
119
188
205
243
232
246
217
255
296
287
126
147
144
127
203
53
20
8
9
11
46
173
342
488
416
260
246
244
220
236
214
196
295
338
374
382
339
192
105
64
22
8
10
17
50
202
358
527
449
239
272
250
235
262
236
180
283
318
373
388
375
259
140
65
38
21
8
16
44
167
391
557
410
256
277
277
295
286
256
169
295
328
366
389
412
264
148
82
50
18
15
14
47
184
358
561
444
295
337
334
278
312
261
167
251
297
313
411
406
295
181
122
54
19
27
32
49
173
367
525
442
267
287
291
242
237
179
141
127
139
172
152
110
79
53
36
19
7
8
5
6
9
11
38
69
102
190
168
186
199
200
182
232
259
275
249
230
201
209
191
119
61
38
19
20
27
42
85
138
240
223
251
231
225
225
201
200
224
194
148
114
112
60
39
17
12
9
17
43
203
400
599
475
281
241
240
229
224
198
158
266
284
318
325
315
221
127
76
40
22
10
13
33
179
374
524
398
266
278
288
238
266
237
196
231
290
381
388
360
265
157
104
59
16
11
17
48
177
406
555
444
280
351
298
266
306
208
178
230
290
375
383
356
279
168
89
47
15
8
23
38
190
379
525
401
269
259
290
298
299
229
153
213
309
371
392
354
281
198
101
56
30
16
16
43
147
333
489
409
286
285
306
264
287
198
196
240
324
324
341
277
263
236
141
80
52
32
25
22
32
55
120
139
212
255
266
286
256
240
217
252
294
288
273
260
216
196
144
89
58
36
37
17
25
40
61
125
207
258
292
266
250
239
232
216
259
223
172
181
167
102
58
35
14
12
14
17
42
67
139
186
199
204
254
244
218
202
189
224
293
247
209
220
141
108
45
27
15
11
16
37
183
287
437
363
252
232
239
282
248
204
154
232
307
349
342
337
229
120
83
42
14
7
13
41
160
360
488
422
300
299
314
266
268
257
208
272
321
375
400
417
278
168
83
47
19
6
18
31
176
377
525
439
311
290
304
272
286
280
203
264
285
324
375
396
266
171
114
72
30
19
23
39
182
332
505
396
312
311
294
286
234
239
165
269
299
364
337
296
281
179
134
75
42
36
23
21
24
56
113
183
240
329
314
293
283
267
240
230
314
307
262
243
217
199
135
88
49
33
18
20
28
43
108
126
221
243
284
257
229
246
202
219
273
208
150
121
107
71
93
20
13
5
16
46
156
348
459
400
254
227
226
222
238
210
179
257
344
376
348
333
251
144
89
38
25
7
22
40
179
356
472
389
285
250
268
267
282
243
207
257
326
382
419
372
266
151
105
46
31
15
17
52
252
607
689
570
319
300
280
231
257
216
188
257
290
384
405
373
296
144
88
60
34
24
15
55
161
375
532
372
312
292
283
252
289
260
164
239
315
333
392
374
310
213
116
52
29
22
31
40
158
333
513
406
291
310
288
292
278
211
195
268
314
334
383
310
254
233
150
69
46
24
26
22
32
78
136
192
223
253
294
285
260
239
208
261
332
348
307
288
249
182
163
108
52
41
22
23
25
44
73
140
210
271
297
285
250
249
215
238
257
236
172
147
90
55
43
25
12
8
11
43
177
325
484
379
226
248
218
221
245
216
173
303
365
402
390
345
201
144
56
35
17
10
10
41
188
341
463
396
272
264
271
285
324
267
176
283
342
348
369
348
258
130
79
35
15
13
13
46
186
367
505
422
288
321
278
265
316
308
188
275
338
380
380
372
249
147
72
44
19
19
9
38
185
379
541
403
280
287
301
313
313
320
191
295
302
354
371
397
302
207
93
55
22
16
21
52
200
437
503
427
289
281
266
237
275
240
183
239
343
359
364
299
244
189
130
69
41
48
20
20
29
73
116
203
232
315
288
302
272
246
212
245
325
329
312
284
241
210
176
100
76
43
22
20
41
54
156
217
253
298
288
299
243
218
227
234
220
163
164
126
67
57
26
7
11
16
40
151
340
471
441
289
265
245
219
254
218
173
249
341
382
367
322
216
156
61
40
14
11
11
46
186
438
561
474
366
330
307
296
259
224
171
262
298
362
379
324
246
150
89
42
11
11
13
35
171
344
523
444
329
327
311
294
281
253
200
225
324
350
397
391
284
151
88
53
26
12
18
48
183
410
603
488
367
347
331
353
312
257
196
260
339
369
395
371
320
221
126
56
23
15
16
36
182
326
510
461
359
328
327
324
274
252
178
219
287
399
351
316
258
233
147
78
57
49
26
19
38
74
119
213
254
309
313
350
252
271
186
241
294
318
312
292
217
201
156
97
74
49
22
40
32
46
68
149
176
230
333
310
285
253
243
209
253
236
194
127
92
70
48
26
15
7
10
54
149
303
481
415
272
272
234
210
256
236
187
254
348
348
288
285
203
105
56
21
12
6
13
43
194
322
499
475
320
266
291
270
262
237
190
289
398
431
392
361
291
173
91
38
16
10
15
40
177
321
502
435
262
309
269
257
297
278
179
271
337
370
395
350
254
175
76
37
16
11
13
38
182
347
501
449
320
308
293
251
244
220
138
223
255
332
367
339
279
188
124
47
30
9
25
43
153
284
479
433
289
269
316
273
305
224
191
274
381
378
385
327
268
203
166
78
45
16
22
24
35
63
133
185
245
311
313
307
272
307
211
269
299
361
342
290
219
212
169
91
49
32
22
13
31
48
69
154
229
273
280
289
258
231
198
231
249
229
174
119
117
65
55
20
12
6
12
35
148
239
412
394
240
245
221
254
259
222
183
218
320
350
317
288
197
127
59
33
14
8
11
30
138
255
381
389
268
262
251
243
229
213
171
274
340
333
374
341
236
141
97
41
20
13
8
49
158
267
417
455
285
273
265
289
228
234
192
253
340
371
395
357
275
212
99
53
19
12
12
44
157
262
443
436
272
299
314
313
335
221
140
196
282
298
333
316
258
181
122
66
31
17
19
36
75
123
240
317
260
244
269
241
244
213
170
219
312
338
315
244
223
230
150
82
53
28
23
25
33
56
113
171
217
272
309
254
248
218
194
230
281
291
284
236
212
177
128
76
56
33
18
20
27
38
80
132
190
280
284
249
230
175
193
205
244
199
181
133
109
37
43
15
4
3
5
47
138
238
346
362
245
213
194
225
230
195
183
272
298
358
335
328
158
130
65
35
16
9
10
41
154
280
466
424
270
290
280
293
276
235
190
267
336
365
350
304
234
146
69
41
17
7
18
35
173
329
518
448
289
339
278
278
306
234
191
268
320
322
375
358
250
195
108
40
27
14
26
40
168
338
516
416
298
334
318
269
305
251
202
284
314
350
363
374
304
216
105
63
25
11
13
49
165
306
477
424
314
311
305
283
279
250
193
216
325
347
353
335
266
219
155
80
50
34
24
20
37
99
147
229
241
287
338
286
307
202
178
242
291
295
305
266
253
215
191
123
61
33
24
19
25
57
97
153
222
292
287
297
305
260
202
241
261
224
207
128
97
72
30
29
6
6
10
41
153
322
457
364
216
227
246
221
261
203
193
279
325
332
348
301
204
119
82
39
14
10
12
37
146
292
466
347
272
289
256
243
279
212
149
243
367
381
382
345
237
148
87
39
23
10
22
36
171
317
486
389
290
287
291
285
306
251
190
248
344
365
375
342
305
175
86
43
17
12
11
44
152
374
457
440
324
330
337
324
306
262
147
208
339
388
385
376
271
197
104
48
29
21
20
38
192
433
614
583
379
328
279
253
275
220
168
262
302
314
357
299
240
187
162
132
51
12
19
16
35
82
153
221
243
296
289
339
294
284
217
292
317
295
290
316
244
273
195
118
85
38
27
32
39
71
102
141
233
304
300
313
267
247
205
211
240
230
194
169
106
67
44
25
14
7
11
43
164
308
444
372
245
227
299
285
272
225
204
275
340
391
379
338
196
105
70
27
17
14
12
50
168
341
461
408
279
258
260
263
247
213
174
272
279
381
398
307
201
120
63
39
17
13
10
39
202
397
481
398
311
282
283
288
255
258
167
266
324
398
412
382
281
174
87
59
14
16
13
51
171
352
453
363
293
313
285
272
269
258
190
291
342
388
394
388
310
270
104
54
28
17
31
39
164
305
423
385
328
296
322
286
273
209
173
246
386
374
407
374
331
288
208
107
59
20
22
20
40
69
137
215
242
321
321
345
261
237
242
321
347
412
383
382
296
292
221
135
74
43
27
22
28
55
115
173
265
299
317
286
256
236
236
251
267
260
220
196
143
163
55
25
14
6
14
33
155
336
471
385
245
242
242
271
275
256
193
301
383
343
415
356
213
160
147
27
16
10
9
31
194
367
471
376
310
296
266
271
277
251
215
314
361
430
412
383
238
220
79
38
18
11
11
27
172
363
446
394
295
297
291
270
271
252
196
288
347
388
429
412
308
215
97
38
16
13
12
39
182
348
499
403
312
302
314
291
291
274
189
262
389
408
415
379
272
248
107
53
21
24
25
34
156
331
445
388
275
270
335
255
277
229
175
265
328
429
386
366
276
259
178
99
50
29
30
29
33
70
129
183
193
246
286
262
276
232
211
268
280
275
215
256
190
195
147
128
67
32
19
23
37
72
89
172
242
243
310
245
236
235
213
257
246
211
198
155
138
69
60
25
12
5
10
44
174
344
482
410
259
285
265
262
273
249
169
287
368
412
351
277
197
120
72
35
16
9
16
36
169
340
460
377
243
254
285
244
270
235
173
276
316
368
367
327
270
170
