95
140
130
112
91
65
21
19
12
4
9
9
10
6
10
6
7
10
10
15
10
12
12
20
13
13
11
12
4
7
1
1
0
0
2
2
1
2
0
4
2
3
1
7
11
11
22
18
28
25
25
12
10
3
0
0
0
3
1
0
1
1
2
0
1
2
6
6
14
16
27
28
35
36
21
16
18
4
0
1
0
1
0
2
1
1
0
1
2
3
2
8
12
22
29
47
83
116
90
71
37
10
8
1
3
2
2
1
1
2
3
2
5
4
9
15
20
23
40
56
82
136
115
79
46
14
4
7
2
2
3
2
7
3
3
2
11
3
10
16
11
10
19
18
15
28
8
13
8
3
4
2
1
0
2
2
0
0
0
2
2
3
2
3
10
16
15
32
26
19
8
6
10
1
0
0
2
1
2
0
0
0
1
2
1
0
4
12
9
19
29
24
27
32
18
6
10
1
0
0
0
0
1
0
1
1
0
0
0
0
7
6
8
18
23
38
46
44
23
23
8
2
1
3
0
3
0
1
1
2
0
0
1
1
1
11
11
9
37
39
54
54
32
25
9
3
0
1
1
0
1
1
0
1
2
1
3
4
8
13
21
31
41
59
87
115
107
80
50
8
3
2
2
3
0
3
3
1
1
9
9
7
10
20
16
32
41
78
125
205
205
87
50
17
8
12
5
2
1
7
4
6
4
1
7
10
7
12
13
18
22
43
27
29
13
12
7
2
2
2
1
1
0
0
0
0
3
0
1
4
8
9
12
13
23
39
23
17
22
9
9
1
2
0
0
1
0
4
4
3
2
6
1
4
3
9
9
13
25
37
36
31
17
13
6
2
2
1
0
4
1
2
0
2
0
3
1
1
1
11
15
21
23
30
53
36
26
20
16
2
2
0
4
2
1
0
1
0
3
4
0
0
4
9
10
17
33
51
48
45
26
24
16
4
1
2
2
1
2
2
2
4
1
0
3
3
7
10
22
42
44
79
123
138
136
87
42
7
4
5
4
2
7
1
3
3
4
1
2
8
14
21
24
31
51
62
143
158
139
101
57
17
11
3
1
2
3
1
5
3
8
2
6
7
13
12
16
24
40
45
58
59
38
17
10
7
1
1
21
3
0
1
2
4
2
2
2
4
5
11
15
20
21
22
20
21
9
11
5
3
0
2
1
0
3
0
0
6
2
0
4
6
8
14
18
15
41
28
18
33
19
10
5
4
0
1
0
2
1
3
2
2
2
3
1
1
6
12
9
19
33
43
45
44
16
15
10
3
0
0
0
0
1
1
2
0
1
0
2
1
11
11
26
36
36
53
59
49
26
12
18
7
2
6
1
0
0
1
1
2
4
0
1
4
7
23
19
29
40
58
97
102
116
83
40
12
7
3
2
3
3
3
9
5
3
1
4
6
19
21
34
39
53
82
132
149
109
98
62
23
12
7
3
1
3
3
3
4
5
2
5
7
14
21
16
17
25
25
27
23
13
12
3
1
1
3
0
1
1
0
1
0
0
1
2
2
3
7
8
13
18
27
20
14
27
13
6
2
0
3
0
0
0
0
0
0
3
0
4
0
2
8
12
10
20
34
23
18
25
14
7
1
3
0
1
0
0
1
0
0
2
1
3
1
4
6
10
14
16
24
40
22
29
17
8
2
1
1
2
0
0
1
0
2
1
2
1
1
4
11
21
30
37
50
58
41
40
22
11
4
1
2
1
1
2
3
2
0
2
2
1
5
6
14
31
35
61
89
119
135
73
97
67
10
6
2
2
1
3
5
3
9
4
3
4
10
15
32
33
28
40
88
140
140
122
84
42
12
7
0
1
3
5
6
4
4
7
2
8
14
40
13
20
33
32
98
48
22
25
18
7
3
2
0
1
2
2
0
1
4
0
2
0
0
3
6
12
13
24
31
30
14
9
8
2
1
2
1
2
2
0
1
1
2
3
5
0
6
10
7
9
15
31
37
39
31
17
7
5
0
1
1
1
0
0
0
4
0
0
2
1
0
6
5
12
67
165
63
54
31
25
13
9
1
3
0
0
2
0
1
0
0
1
1
0
0
2
4
14
16
37
64
35
49
39
32
7
3
1
3
3
0
2
0
2
1
6
2
0
2
8
2
12
15
17
17
28
14
17
12
11
5
3
1
0
0
1
2
0
0
2
5
2
6
10
20
31
35
56
74
137
139
135
71
42
12
11
3
0
2
2
0
5
4
2
6
2
8
13
18
10
17
34
19
33
22
14
14
7
4
0
0
2
0
1
0
3
3
0
2
0
1
4
9
21
18
19
28
30
22
15
10
8
3
1
2
0
1
0
1
0
1
0
0
0
2
2
8
15
21
37
35
35
24
20
16
11
4
1
2
1
1
2
0
0
0
0
0
2
2
1
6
11
24
36
58
54
43
30
13
11
6
4
0
4
0
1
0
0
1
2
0
1
0
10
18
32
32
45
54
66
50
30
31
19
2
0
2
2
3
0
3
0
0
3
1
6
1
9
20
22
35
53
77
140
134
132
82
58
23
9
5
3
1
6
5
9
3
5
7
9
4
15
23
32
35
48
81
147
176
131
92
61
18
4
6
1
2
2
6
8
2
6
7
5
15
15
21
21
20
41
53
71
53
36
21
15
3
2
2
0
1
2
1
1
3
2
1
4
3
9
13
9
18
25
32
26
14
12
14
3
2
1
0
1
5
0
0
0
0
0
2
4
3
5
4
10
26
20
20
32
29
15
7
6
2
4
0
3
2
0
1
1
0
1
1
1
2
8
9
24
21
54
48
29
29
26
12
13
3
0
0
0
3
0
5
0
2
3
0
1
4
7
12
36
35
47
43
69
66
35
19
9
6
3
0
1
3
2
1
2
2
2
0
0
1
7
8
27
31
51
74
95
159
111
106
57
19
4
5
5
4
4
6
18
28
16
4
6
4
15
27
33
47
64
77
147
171
151
125
63
20
8
4
2
1
5
1
5
6
8
7
5
7
17
13
15
19
31
27
72
32
17
12
8
2
0
1
2
3
0
2
1
0
4
1
1
1
6
6
19
16
20
21
28
24
18
12
5
1
1
3
1
4
2
0
1
0
1
2
1
1
2
8
21
15
35
40
34
19
14
9
7
2
1
0
2
2
1
2
2
3
3
2
0
2
3
10
19
18
22
41
47
27
15
22
12
5
3
1
2
0
0
3
1
3
0
1
0
4
11
13
12
27
29
55
49
50
32
19
8
9
0
0
2
3
3
2
2
2
2
1
1
5
11
15
29
40
49
76
110
137
143
76
54
16
2
3
2
2
2
1
5
8
4
6
4
11
20
32
36
37
73
106
155
198
147
107
60
22
6
3
0
2
5
2
4
7
5
2
3
10
14
19
23
28
44
28
25
22
9
8
11
3
3
3
0
2
0
4
1
1
1
3
0
1
6
11
15
27
32
24
17
21
18
7
12
1
0
0
1
1
0
0
0
1
1
2
1
3
5
12
14
12
27
40
31
17
19
10
5
0
0
0
2
0
2
2
0
1
1
0
0
3
8
20
13
30
37
35
58
39
26
17
10
1
3
0
2
0
5
2
1
0
0
1
0
1
5
11
12
23
43
46
47
37
33
23
6
4
0
1
5
0
2
14
4
4
1
4
1
6
5
16
24
28
50
69
110
159
100
101
62
13
5
1
2
3
5
4
4
1
6
1
5
8
10
22
35
36
52
99
139
151
154
82
36
15
6
2
7
2
3
3
4
4
5
2
10
14
12
22
22
28
33
30
16
19
15
14
2
1
4
1
2
1
1
2
1
0
4
0
2
2
8
5
21
17
31
33
25
11
13
6
1
0
2
1
1
1
1
3
1
2
0
2
1
3
4
10
16
28
35
33
23
16
19
10
3
0
1
2
0
3
3
1
1
2
0
1
3
4
5
17
24
31
41
47
30
32
14
17
2
4
2
0
0
2
1
0
1
1
2
0
1
3
6
13
33
41
44
73
56
31
15
15
6
1
2
3
2
0
2
1
1
1
1
1
4
9
13
25
36
51
47
99
137
88
99
53
23
3
1
2
2
0
3
6
8
8
3
2
8
14
30
30
42
41
97
126
158
121
126
83
25
8
5
4
4
5
4
6
4
5
10
6
5
11
14
19
28
41
47
44
32
19
19
5
3
0
0
2
0
1
3
5
2
4
2
0
2
1
8
24
20
34
44
34
25
16
6
4
2
2
2
1
0
1
3
0
1
1
2
0
0
5
7
11
25
29
36
41
30
19
25
10
0
2
0
0
1
0
2
5
1
0
1
2
6
5
9
8
18
40
42
43
62
25
17
8
2
2
0
0
0
0
0
1
1
2
0
2
1
6
6
22
27
46
66
54
57
40
17
15
4
2
0
1
1
3
2
1
2
1
4
1
1
7
15
24
36
50
88
115
134
156
72
62
16
8
2
1
4
6
2
7
2
3
1
4
7
12
18
26
32
55
95
131
161
138
91
71
16
6
5
0
2
10
4
8
0
4
9
4
4
13
13
12
22
36
36
33
27
18
19
7
6
0
1
1
4
2
5
5
3
7
4
5
6
5
10
17
14
23
29
31
20
14
10
6
0
1
1
2
2
3
0
0
0
1
4
1
2
3
11
11
17
33
28
39
31
24
10
8
1
0
2
1
1
2
1
0
1
1
3
0
4
4
4
19
31
40
55
61
33
30
22
14
6
2
1
1
0
2
1
1
1
3
2
0
2
6
12
18
33
36
42
68
44
47
37
21
6
2
2
4
0
3
1
0
1
3
3
3
5
8
11
33
33
52
69
106
131
104
95
55
16
6
2
5
3
3
6
6
5
4
7
3
5
10
16
23
33
37
85
102
136
123
102
54
15
6
2
2
2
6
4
4
2
9
11
11
10
16
17
31
27
50
37
37
17
10
7
3
3
1
0
0
1
1
2
1
0
4
2
1
0
4
6
17
25
42
30
45
26
17
12
4
2
1
1
0
0
2
1
1
1
1
1
0
2
7
10
12
31
24
49
37
30
17
6
10
4
2
0
0
1
1
2
2
2
1
1
3
8
5
7
10
20
44
57
36
35
15
13
10
3
2
2
3
1
0
1
0
0
0
0
1
0
4
6
19
17
56
61
66
56
23
17
9
3
2
8
12
10
4
1
0
0
1
2
1
0
8
15
23
52
58
98
142
171
142
89
58
8
4
2
3
4
7
9
5
3
5
8
5
8
12
25
34
30
57
107
119
167
152
100
83
26
6
3
9
1
6
29
7
8
11
8
3
4
11
8
13
14
26
39
30
16
11
17
8
1
0
0
5
0
1
1
2
1
2
0
2
1
3
6
7
24
21
35
39
32
27
16
13
2
1
0
3
2
1
1
1
0
2
1
0
0
4
9
7
19
36
35
41
38
20
10
6
3
1
4
1
1
2
1
1
0
1
0
1
2
9
18
28
21
38
55
54
27
15
12
10
2
0
2
2
2
0
3
0
0
0
0
1
3
5
7
14
22
28
38
66
54
38
26
11
5
1
2
0
4
2
4
2
1
0
3
0
5
5
10
17
41
54
67
94
120
97
70
55
31
7
3
4
1
5
2
6
5
4
4
4
6
8
28
32
48
50
99
132
164
135
96
83
19
16
3
2
4
4
3
3
5
12
9
7
4
15
14
15
16
22
33
35
21
11
12
6
4
2
0
1
0
1
1
2
1
0
1
1
6
4
5
16
9
32
24
29
16
18
10
8
4
1
0
1
2
0
1
0
1
1
2
2
2
1
7
18
26
27
30
35
19
16
15
8
1
2
2
1
0
0
0
1
1
1
1
0
2
7
9
12
22
27
47
41
37
20
12
9
2
0
1
1
1
2
2
1
0
0
2
1
5
8
15
16
27
34
39
47
43
30
19
11
6
4
2
1
2
1
3
2
0
0
2
3
3
7
8
22
30
49
82
115
148
121
83
51
20
3
2
6
3
8
5
6
5
7
7
4
7
16
24
27
48
61
90
160
150
174
109
56
22
6
6
1
4
6
6
6
7
7
6
4
9
14
15
26
38
28
34
34
15
15
12
7
5
3
1
0
0
2
0
3
3
2
1
0
2
1
8
8
20
25
34
24
20
25
16
8
1
0
0
2
0
0
2
0
1
0
1
1
1
4
10
43
49
61
50
45
29
11
15
8
2
0
0
1
1
1
0
0
1
1
1
0
2
4
13
14
28
29
43
62
36
27
26
14
5
1
1
2
4
0
0
3
3
2
3
0
0
4
10
16
28
34
60
49
46
20
25
20
9
0
1
1
1
1
2
1
1
1
3
0
0
4
8
21
34
57
82
122
152
128
65
48
11
9
4
0
0
4
5
1
2
3
12
9
9
13
25
23
45
46
94
158
166
152
120
52
27
8
4
0
1
4
4
4
3
8
7
9
8
17
19
26
30
29
43
40
14
17
13
7
2
0
0
5
0
2
1
1
3
1
0
1
2
3
6
8
17
17
29
19
21
16
17
6
2
0
0
1
1
1
1
1
3
2
0
1
3
9
5
10
17
30
34
