486
517
459
471
301
124
100
79
65
71
119
179
284
294
290
262
304
334
257
240
184
147
154
126
83
73
39
23
26
42
166
215
218
252
216
268
315
294
308
283
290
331
320
372
321
247
216
204
110
59
40
19
41
40
134
239
257
283
271
307
327
305
313
281
271
310
432
480
420
380
333
262
214
116
81
66
23
35
145
224
286
293
305
301
353
299
352
310
275
347
473
503
513
486
457
469
410
357
256
163
97
52
42
85
101
178
201
307
352
353
347
358
336
329
355
442
439
394
421
506
484
471
393
312
186
52
45
60
84
148
179
237
335
316
321
297
236
271
271
234
212
170
156
142
92
61
27
23
24
56
185
298
349
323
266
256
283
265
285
294
278
280
344
387
398
317
251
218
158
86
62
25
22
46
163
280
364
333
310
297
300
318
285
255
245
281
395
462
433
411
306
229
168
97
59
35
33
50
182
339
361
353
297
329
338
323
308
311
257
311
425
441
443
410
390
269
213
130
83
27
36
40
168
298
389
384
308
358
327
287
326
282
234
354
450
536
555
500
547
454
377
244
144
94
52
50
169
311
410
344
331
338
317
354
353
322
244
391
498
561
551
478
495
529
426
432
325
228
130
57
45
83
133
176
274
299
349
345
343
299
258
275
350
446
445
437
473
584
710
647
548
323
177
64
56
56
94
137
204
297
338
313
322
300
245
253
247
284
249
215
186
183
90
51
42
29
21
60
183
295
369
314
264
266
321
296
315
269
258
296
404
415
356
364
349
228
162
109
58
40
22
60
183
319
414
374
350
350
361
313
322
350
327
476
553
585
547
516
502
338
231
110
58
39
44
45
219
343
415
400
352
340
336
326
347
300
251
347
439
517
520
490
468
353
237
128
71
44
56
62
204
343
404
330
326
318
362
356
372
323
275
348
534
622
614
643
599
438
346
240
113
122
73
61
192
356
431
358
332
359
352
362
382
353
274
378
487
554
554
521
520
553
500
463
374
310
183
100
98
107
124
202
223
283
316
332
336
307
276
378
358
458
419
425
456
550
545
516
493
383
177
69
42
72
83
147
165
264
288
330
319
321
278
326
359
282
281
268
340
312
256
153
74
48
20
31
55
77
158
174
204
264
280
307
306
278
249
280
338
321
247
236
222
172
124
73
29
23
29
53
191
309
414
359
351
341
371
306
360
343
323
368
484
508
495
478
374
269
169
102
70
27
26
46
194
369
407
394
360
356
373
364
353
369
298
398
492
520
547
541
463
324
278
139
60
36
33
66
215
343
419
387
329
337
377
334
303
342
314
386
554
623
610
706
571
472
357
215
136
95
79
74
193
331
458
375
369
365
391
384
363
353
295
366
402
418
541
470
491
555
535
439
359
246
165
65
38
74
130
229
274
365
374
404
395
376
348
427
512
498
581
475
554
667
717
702
579
344
199
59
60
77
129
136
247
323
359
384
384
344
300
291
297
281
244
188
197
159
105
58
27
16
22
43
194
329
404
381
311
281
337
310
329
309
274
317
409
424
370
386
339
225
122
76
46
25
33
50
182
277
361
341
331
340
327
300
348
320
254
342
483
498
478
474
398
308
173
132
45
30
40
50
177
340
407
403
321
332
328
292
324
319
233
310
411
547
543
481
432
358
282
136
91
57
39
47
199
350
375
394
332
355
366
321
345
294
277
389
523
588
631
676
658
525
394
197
117
110
62
53
204
307
387
391
326
373
380
385
435
371
307
426
489
607
644
618
658
675
557
476
378
222
152
57
71
91
160
207
292
407
444
457
426
379
352
428
505
593
551
498
594
615
635
530
473
294
205
54
37
62
107
163
237
356
365
398
369
342
326
506
533
285
374
343
353
388
209
111
56
27
25
58
210
331
427
384
343
295
352
303
348
344
275
336
384
476
452
378
298
228
146
72
46
21
21
57
179
324
403
393
312
339
355
326
363
314
246
329
457
538
543
518
508
344
212
108
60
29
32
56
186
338
378
359
329
308
406
332
387
319
266
396
495
505
574
575
507
352
268
151
94
41
32
64
198
363
440
420
361
369
397
378
397
321
277
389
509
551
609
613
574
517
411
289
215
141
74
81
168
314
369
385
390
337
356
353
315
254
200
200
256
268
256
250
198
190
131
150
119
62
42
25
31
29
58
82
161
223
259
262
283
288
254
386
443
495
525
466
544
609
692
647
518
402
207
77
65
60
98
161
258
321
367
363
316
313
301
334
319
313
249
286
236
225
133
65
47
29
26
63
213
311
403
389
310
320
309
298
304
304
248
340
431
440
411
375
330
263
198
135
88
42
36
60
177
360
376
390
315
338
336
304
317
328
284
339
463
524
589
614
516
396
282
144
78
51
38
46
209
329
406
402
340
357
356
343
373
318
302
384
520
599
686
653
566
447
289
174
88
55
36
58
196
348
399
393
358
375
367
345
380
331
269
374
582
604
619
599
517
465
417
289
161
72
52
49
182
327
361
394
352
354
354
346
362
346
260
378
509
549
562
513
576
582
502
496
430
335
182
62
41
71
124
159
230
282
354
381
338
316
231
339
386
417
521
508
520
577
657
529
440
301
192
65
33
49
73
149
226
302
385
409
370
345
305
373
321
371
343
284
304
261
231
156
77
49
29
23
56
81
145
186
228
259
343
281
316
292
273
318
374
354
309
292
245
165
113
61
35
13
28
45
182
258
317
346
292
313
339
349
314
339
238
296
366
449
426
385
332
259
135
82
38
34
28
57
187
301
382
367
362
390
364
368
353
326
311
397
494
555
628
597
479
343
190
110
62
48
33
46
187
308
412
399
371
414
407
334
342
323
305
364
515
582
615
633
563
390
316
225
140
117
55
52
168
362
429
415
369
376
366
383
395
340
271
400
500
571
639
536
542
631
514
430
401
303
155
58
47
75
149
237
300
368
421
416
418
384
331
405
434
492
537
500
579
573
682
598
519
426
291
79
72
82
127
180
227
284
356
346
336
336
323
312
317
288
242
180
214
154
236
80
34
13
27
53
183
298
335
316
305
316
311
344
354
329
291
327
404
449
376
395
307
194
146
95
70
27
30
44
199
288
415
364
307
325
361
342
362
335
317
389
428
518
540
505
542
340
262
108
60
44
36
49
202
398
484
457
375
333
361
329
348
290
314
358
452
509
523
580
447
366
241
145
91
46
55
45
208
342
398
413
335
386
360
354
383
341
290
406
521
657
634
610
574
504
426
244
175
123
70
71
221
310
385
393
365
338
345
376
392
352
309
397
509
617
631
641
599
678
567
514
360
297
136
71
75
91
154
234
281
334
415
407
376
376
315
449
537
612
571
540
533
653
672
634
521
387
194
72
53
68
123
169
244
308
438
354
344
338
325
335
337
294
260
230
210
170
163
66
33
14
32
62
194
321
386
353
301
279
374
294
368
358
309
357
423
479
385
445
369
232
168
84
54
27
31
55
184
293
380
370
361
356
374
339
386
333
277
371
513
521
549
529
499
339
193
117
51
36
23
50
185
349
410
436
396
349
397
346
387
336
294
328
450
530
548
513
458
351
230
108
77
39
33
58
184
338
422
421
352
346
400
386
360
325
273
400
485
584
569
615
585
468
411
214
123
96
48
59
199
319
385
327
319
324
323
339
347
299
283
378
495
600
580
562
525
638
506
437
363
251
138
47
58
80
157
254
276
362
409
436
425
403
357
466
508
564
534
500
560
672
571
584
478
304
151
75
82
123
163
236
325
408
412
411
378
328
324
328
319
272
237
229
187
134
75
52
23
23
70
180
315
435
376
276
283
313
339
345
316
297
381
403
467
402
371
342
237
162
106
57
23
38
54
185
372
438
421
380
354
363
375
346
330
249
356
380
461
489
492
405
316
214
113
56
31
38
55
188
348
494
480
345
360
367
336
356
362
275
400
435
518
562
525
429
356
263
148
105
55
46
52
173
357
475
498
378
406
416
390
382
317
279
427
493
563
616
647
614
467
395
209
119
82
63
51
164
325
392
414
359
373
371
423
394
331
298
422
488
611
595
593
560
631
539
479
436
246
176
69
79
89
160
207
283
336
416
400
459
416
318
416
485
541
581
531
526
599
593
544
501
307
172
96
118
96
115
336
648
555
532
500
421
377
314
368
344
310
297
271
273
212
118
59
48
37
29
54
171
287
326
426
359
327
348
345
355
313
309
350
430
434
440
360
330
208
165
119
81
29
29
69
168
318
371
350
372
382
352
339
321
313
266
328
435
516
478
472
414
371
257
163
77
39
37
50
194
304
365
415
342
336
339
331
343
374
286
329
445
512
580
580
487
381
240
147
83
43
52
54
161
329
396
414
355
340
369
347
325
299
249
342
421
513
597
616
665
512
369
233
142
81
63
66
159
286
326
390
356
324
376
383
379
350
308
371
490
575
573
587
599
590
584
506
355
220
160
71
83
97
144
251
279
367
438
475
454
454
381
496
472
566
589
521
519
682
635
590
455
345
207
64
49
63
114
159
231
294
379
391
362
328
307
366
329
317
296
263
220
194
114
46
40
31
28
45
168
260
305
327
296
293
330
315
324
301
248
306
345
345
344
326
284
249
122
70
43
27
28
56
167
236
314
326
275
278
348
320
356
357
277
321
451
562
560
527
444
294
232
129
62
41
39
49
188
260
319
366
308
317
322
342
343
330
319
322
425
504
535
512
462
398
269
159
82
47
44
50
179
270
322
354
347
340
378
339
370
346
242
433
471
538
535
586
542
468
384
239
167
117
84
58
78
152
246
358
345
324
381
338
395
323
289
383
424
492
525
561
466
521
551
467
413
254
167
61
53
88
137
185
274
392
406
415
393
388
346
476
473
480
522
475
460
559
553
531
453
367
225
87
42
56
91
148
263
326
347
387
371
343
295
316
302
337
322
246
224
179
114
44
30
17
25
50
165
255
301
299
303
267
322
265
359
311
233
318
389
381
422
396
324
288
156
101
41
33
28
52
178
323
358
354
338
333
378
333
386
369
296
355
458
524
540
491
409
301
225
127
49
32
35
57
187
348
365
408
352
361
362
369
350
349
268
426
503
532
607
572
538
388
258
144
69
34
41
54
194
367
405
392
376
367
336
332
368
338
289
392
506
604
583
635
608
532
362
245
106
76
62
56
184
350
409
403
370
348
353
352
381
312
276
396
456
580
629
559
584
630
555
498
311
225
171
62
70
137
182
272
330
403
449
429
423
413
322
472
591
469
556
550
613
651
675
654
506
340
240
88
61
70
107
180
272
344
435
413
414
384
306
398
368
339
280
228
243
245
151
95
51
25
20
45
193
311
354
334
283
287
304
304
349
313
293
335
383
437
461
365
375
312
225
127
53
34
20
50
195
325
347
343
322
282
380
310
337
326
258
375
438
475
505
487
467
374
233
158
70
38
39
48
190
339
386
380
316
344
330
305
343
349
259
368
468
521
501
516
506
431
219
139
81
45
43
65
190
328
399
387
369
342
383
317
355
307
274
376
549
633
636
624
584
528
429
282
123
102
61
59
182
345
427
493
430
409
358
330
381
269
252
378
469
568
571
532
548
568
515
485
388
251
192
67
62
104
157
258
286
389
455
568
458
414
361
473
478
481
534
508
551
711
769
735
568
393
206
72
65
84
116
168
248
340
453
417
388
354
287
331
319
307
279
271
258
209
110
66
30
34
32
67
190
288
350
348
304
299
337
326
330
349
311
394
482
428
475
457
347
307
175
63
68
35
25
47
180
343
413
365
341
329
367
342
378
339
305
363
464
490
503
519
440
332
261
129
65
35
43
62
193
361
402
402
324
360
386
351
362
314
271
390
542
449
544
548
568
404
322
196
114
81
90
65
197
319
381
348
322
370
387
397
394
322
281
405
501
549
595
593
596
541
418
259
158
114
60
74
168
314
382
370
356
319
343
350
335
338
296
353
468
523
660
557
590
628
548
467
329
220
164
56
60
95
178
250
308
382
451
433
465
386
328
460
487
503
627
572
614
661
730
610
517
346
170
84
61
94
107
189
244
349
370
413
389
312
294
361
323
314
313
254
249
246
137
79
30
21
29
59
169
312
338
343
250
303
357
328
357
308
269
357
412
426
457
420
324
265
203
69
39
43
30
44
192
317
425
369
334
367
365
317
326
333
287
382
449
492
497
563
434
376
212
118
73
45
46
49
170
306
364
376
328
343
361
308
331
313
293
356
451
509
550
556
568
407
232
159
86
61
46
71
217
312
382
432
365
301
338
347
359
310
260
371
494
575
633
685
605
583
379
251
187
143
54
51
167
320
384
392
336
363
384
320
359
281
252
384
473
534
532
547
571
642
637
595
406
210
177
55
80
92
162
260
315
374
404
417
416
275
178
267
391
438
443
460
495
565
617
558
389
315
166
82
44
72
85
187
229
348
376
353
300
290
225
274
298
260
293
235
234
173
127
90
41
23
28
48
201
308
361
358
297
313
326
309
334
271
283
358
468
428
406
374
351
284
178
81
52
37
25
49
191
297
378
346
313
316
367
300
356
327
300
406
424
500
550
524
430
351
