962
1036
899
919
821
627
398
283
208
235
254
370
448
519
469
473
424
466
487
482
507
554
479
447
366
277
191
157
155
94
215
287
394
418
324
288
263
303
277
285
229
255
348
455
480
545
583
567
516
418
294
215
213
114
214
305
428
402
330
277
273
291
297
258
207
303
416
530
631
688
817
806
775
496
408
257
216
128
208
330
347
451
392
276
308
242
267
297
266
319
446
703
821
1020
1276
1571
1804
1840
1650
1308
695
228
143
148
170
304
355
415
428
427
420
461
472
511
707
829
874
1040
1266
1702
2061
2029
2038
1738
902
285
158
159
158
197
309
410
406
455
401
410
455
427
462
565
525
525
519
491
394
237
194
123
135
141
240
316
247
334
302
231
220
237
228
238
191
232
317
405
421
496
609
623
490
372
268
199
129
120
240
350
298
377
363
232
236
252
260
238
194
250
360
406
498
636
677
696
624
462
287
210
196
128
232
356
278
339
361
266
240
256
268
226
168
239
357
401
551
717
784
822
701
462
356
235
165
115
221
391
329
352
341
263
250
256
261
237
194
248
412
514
626
789
1025
1034
928
754
546
325
265
155
211
348
317
328
383
285
254
310
288
295
219
384
613
1037
1081
1215
1318
1684
1983
1883
1826
1467
765
254
142
172
226
333
349
466
436
474
489
516
485
533
697
879
1007
1117
1324
1847
2034
2006
2095
1869
1104
366
205
148
192
256
390
435
467
520
474
494
470
447
524
528
616
538
550
503
417
284
233
180
165
147
240
352
219
316
322
234
217
265
220
207
195
210
295
401
422
617
782
651
515
368
289
171
144
116
204
363
259
311
379
241
241
246
235
218
204
277
372
488
579
737
908
910
721
502
335
265
232
111
243
316
155
211
416
310
273
267
303
241
197
252
396
458
652
758
890
856
763
498
324
235
196
105
238
378
327
348
350
258
250
234
301
235
227
306
447
537
709
909
1060
1183
1066
815
562
354
276
165
256
358
271
258
441
321
285
308
296
295
241
385
542
742
894
1194
1467
1838
2034
2096
2095
1644
898
303
189
188
234
313
389
411
420
520
468
485
444
585
689
890
971
1192
1439
1849
2163
2189
2074
1900
1091
340
170
138
175
222
289
428
458
511
526
534
500
538
831
709
787
918
1099
1147
982
789
614
429
282
135
170
178
291
322
324
330
383
395
383
366
323
305
462
471
514
514
554
595
395
278
208
148
140
111
245
372
332
413
354
295
286
275
281
274
245
308
391
507
603
762
781
764
587
363
281
186
179
119
296
361
276
311
452
290
252
253
276
254
215
310
453
556
653
850
952
841
670
463
333
204
160
120
241
327
186
248
376
306
266
294
274
269
254
353
512
664
806
1014
1233
1227
1077
744
515
387
249
152
302
416
241
293
455
353
298
327
344
295
247
361
501
796
960
1121
1361
1611
1812
1956
1891
1411
806
275
140
151
249
355
396
497
535
594
568
552
532
706
887
1081
1222
1380
1704
2097
1979
1872
2057
1955
1123
364
173
191
198
301
365
505
548
518
528
524
451
526
596
663
591
681
615
517
420
279
178
125
139
131
278
319
239
239
367
236
266
277
281
297
209
280
345
437
469
512
609
506
432
290
198
135
117
116
245
357
305
309
360
246
187
255
277
220
183
269
509
500
584
663
765
788
608
438
315
215
190
115
236
422
335
367
373
273
272
288
263
270
180
270
391
520
534
661
783
906
881
635
407
252
226
140
237
317
246
296
388
257
251
261
266
264
241
336
496
623
853
1027
1275
1309
1172
890
656
396
253
159
303
354
273
322
461
327
307
327
347
300
267
370
608
855
1054
1261
1540
1905
2124
2331
2265
1744
981
344
219
190
249
391
477
485
560
619
543
602
572
683
871
1013
1145
1326
1636
1921
1911
1889
1918
1750
1042
353
196
141
209
253
389
463
505
571
549
548
620
742
876
533
540
559
648
883
520
355
215
180
151
121
248
340
238
305
370
253
276
286
242
258
237
279
370
425
487
542
557
508
382
281
170
142
133
100
256
348
289
339
362
258
276
257
266
243
193
294
370
470
551
728
694
745
591
409
292
197
168
106
258
356
267
302
387
266
261
279
260
222
207
294
408
539
638
847
966
980
733
467
329
229
223
124
260
342
227
271
400
295
255
299
300
279
220
318
455
601
737
1032
1137
1162
1116
863
666
427
290
167
271
318
258
301
423
388
351
398
335
321
269
286
372
509
587
639
711
684
434
311
279
285
185
110
90
87
137
193
235
323
367
467
434
492
463
598
754
973
1131
1279
1560
1891
1876
1721
1811
1628
909
332
188
161
178
272
417
482
548
532
475
468
471
495
615
660
649
597
599
573
473
256
183
134
151
138
274
310
154
164
360
298
248
276
267
256
226
276
360
431
434
569
605
593
506
324
225
170
170
131
257
329
215
238
368
315
285
242
258
234
193
284
424
505
594
807
872
937
712
446
338
244
186
155
242
350
227
300
399
288
280
286
248
247
203
257
398
537
701
833
984
1129
790
598
375
272
222
121
267
361
252
304
423
319
278
253
275
278
242
383
553
820
1030
1133
1308
1348
1307
1033
666
492
350
200
284
405
291
333
443
343
290
305
320
330
242
339
525
754
895
1109
1401
1785
1907
2038
1965
1560
899
334
249
202
292
348
396
473
480
538
536
539
526
630
693
1003
1128
1302
1608
2014
2161
2293
2068
1935
1143
391
201
159
161
276
368
507
570
640
647
623
566
641
772
935
980
1094
1197
1263
1172
958
770
503
339
171
147
209
284
379
329
365
380
380
391
396
337
404
495
560
583
595
629
549
421
302
195
156
140
124
249
333
361
419
359
261
249
283
275
232
193
245
386
402
511
587
757
698
550
414
319
217
194
125
243
343
332
420
437
291
267
269
263
288
221
280
427
562
693
883
1002
932
755
484
285
212
175
143
254
371
325
370
422
308
266
278
292
258
212
297
503
672
820
1070
1238
1286
1221
838
564
376
289
167
284
409
329
363
458
349
296
326
310
262
267
371
555
799
963
1174
1541
1885
2075
2126
2140
1753
939
354
188
207
268
419
476
590
676
667
776
662
566
633
795
1039
1021
1306
1611
1953
2032
1952
1968
1923
1057
336
211
146
214
285
412
483
493
529
554
527
445
534
673
690
627
633
560
518
664
329
224
182
146
148
240
344
221
289
344
243
245
230
246
232
192
243
302
398
478
551
643
574
421
316
221
146
136
97
226
345
257
378
354
270
271
265
258
213
190
250
380
513
618
834
1203
905
866
515
319
240
177
134
280
322
193
175
430
310
278
290
275
235
211
249
415
493
534
767
915
889
684
519
402
247
250
129
264
403
285
359
398
298
254
284
253
265
242
273
466
596
725
916
1199
1240
1127
876
621
429
335
183
249
384
283
295
470
342
325
327
321
297
270
393
596
887
1069
1192
1493
1866
2126
2242
2053
1755
982
332
202
187
273
405
476
489
539
595
618
578
547
606
928
1083
1206
1362
1580
1966
1941
1806
2055
1958
1098
375
193
169
179
256
428
534
554
564
543
546
484
566
699
741
696
759
713
627
540
282
250
153
137
153
261
353
278
336
343
251
228
249
244
283
192
296
363
459
538
648
678
566
409
307
219
167
131
120
258
363
310
367
379
265
243
280
270
259
201
242
406
449
539
703
876
808
642
467
312
196
195
118
264
400
289
391
439
300
282
298
301
265
196
274
434
535
658
782
969
879
740
496
339
214
196
120
290
423
285
413
414
299
289
337
308
284
245
379
492
596
799
1088
1175
1261
1098
833
596
393
293
162
304
305
221
194
356
324
309
350
276
304
292
376
535
738
935
1189
1358
1815
1995
2193
2028
1633
958
315
183
178
254
394
441
427
522
566
533
529
439
587
802
1013
1031
1246
1481
1941
1855
1683
1743
1355
759
312
171
160
284
377
497
521
529
541
491
481
470
590
682
737
717
721
642
531
356
244
172
160
116
238
370
234
331
364
292
263
252
273
237
220
256
317
399
496
600
584
582
459
305
241
187
135
134
233
357
230
249
389
365
295
349
312
310
216
238
340
450
507
738
803
734
653
467
306
253
185
134
262
349
255
379
426
288
239
261
262
250
196
247
417
534
634
855
1032
984
825
563
388
253
197
134
256
394
198
246
410
331
283
317
292
264
225
319
448
629
753
1001
1190
1245
1167
928
693
458
290
202
247
386
211
170
386
353
294
350
360
337
259
360
543
747
995
1084
1486
1722
1881
2198
2063
1666
979
351
160
202
300
394
448
583
631
735
835
814
651
814
1061
1343
1474
1469
1646
1834
1897
2041
2009
1684
957
343
249
166
224
331
394
477
587
635
630
611
533
599
732
905
849
913
863
730
591
435
295
223
196
173
265
360
273
358
344
310
261
261
292
239
257
306
458
612
639
759
705
646
495
337
195
140
110
109
228
398
290
357
427
315
317
258
240
225
185
237
336
501
569
729
814
778
660
490
374
236
205
137
237
367
276
391
405
282
229
288
280
235
204
252
363
531
594
914
1002
930
757
559
377
246
231
148
249
365
287
331
410
317
280
311
265
244
197
261
421
562
762
1039
1175
1388
1220
962
596
410
290
182
255
420
357
311
415
314
283
318
321
292
262
326
493
802
1007
1152
1535
1815
1993
2133
1952
1658
995
306
165
186
237
345
453
484
549
538
561
528
513
665
789
943
1024
1321
1582
1916
1960
1927
2044
2021
1131
407
207
147
179
258
424
454
504
552
527
553
461
498
624
667
631
688
658
633
489
366
244
174
153
141
241
366
345
434
393
274
320
294
302
327
270
323
383
462
536
528
618
575
441
311
220
136
127
110
203
360
393
421
355
255
242
259
277
273
216
279
340
480
574
819
846
820
754
516
365
249
217
113
234
360
380
403
393
294
270
272
280
262
199
270
362
566
656
849
1036
1090
872
625
418
302
252
140
254
381
370
335
420
300
299
312
309
259
227
313
530
663
728
1030
1303
1382
1586
1261
875
665
411
184
221
281
429
493
469
378
346
340
405
373
345
425
605
897
1068
1171
1458
1766
2014
2149
1953
1545
1047
382
199
162
274
352
448
495
484
564
574
485
438
542
675
887
983
1027
1334
1597
1801
2018
1791
1517
957
345
177
158
218
275
431
492
545
575
569
489
451
499
502
670
785
757
669
407
430
285
203
155
136
143
238
321
352
387
332
275
245
269
261
233
239
310
370
410
584
671
715
676
527
347
215
174
160
119
241
317
293
445
388
284
249
284
269
251
211
257
386
501
653
786
935
900
673
495
307
232
186
133
248
352
277
353
354
308
289
302
273
264
214
332
397
558
670
903
1025
1007
795
524
358
214
191
133
249
369
241
327
366
302
287
299
311
258
217
301
447
641
731
1032
1267
1274
1158
974
620
424
315
154
282
407
259
322
421
327
326
287
339
291
258
329
505
712
982
1239
1639
1936
1939
2283
2038
1800
921
321
184
230
300
387
439
465
500
528
533
500
453
606
751
920
1099
1253
1554
1774
1460
1383
1812
1863
1130
390
186
135
183
282
343
500
568
553
531
445
368
447
584
582
585
621
638
592
428
328
277
174
146
139
262
330
285
386
341
250
241
237
259
229
177
239
321
405
505
608
660
679
621
347
229
181
146
130
256
351
363
378
345
233
237
232
251
235
180
269
385
447
592
727
823
817
699
469
375
249
219
124
263
392
309
373
341
294
247
266
278
246
188
303
437
859
756
793
1141
1019
674
400
295
211
185
119
233
389
286
396
413
273
264
267
278
257
242
315
453
611
753
950
1163
1171
1079
835
559
388
316
171
276
383
230
225
422
405
353
341
409
331
242
405
569
769
989
1033
1404
1656
1925
2070
2037
1545
917
324
170
169
275
387
458
510
485
515
528
505
463
520
757
909
1087
1286
1478
1759
1755
1598
1909
1864
1100
350
214
143
214
286
368
452
489
480
494
422
413
448
559
659
705
693
670
610
468
284
214
137
148
164
247
366
291
369
339
259
268
241
252
227
204
249
327
416
515
623
659
624
554
363
209
146
141
134
227
344
286
354
344
241
247
277
265
236
179
236
353
468
547
694
853
804
672
507
364
190
181
127
288
400
312
354
378
303
248
270
245
248
176
259
349
457
615
800
961
978
777
594
390
270
199
131
268
370
285
357
409
290
259
316
276
273
225
364
470
558
676
861
1086
1174
1113
800
579
365
282
159
293
369
324
308
403
342
301
307
296
264
254
343
527
704
912
1072
1344
1748
1698
1989
1998
1607
993
346
196
198
312
465
521
514
549
559
599
553
496
615
811
935
1176
1240
1566
1868
1670
1544
1882
1850
1109
425
179
175
208
317
415
497
495
539
541
509
415
462
577
602
701
735
758
628
511
413
241
167
151
156
269
343
284
356
348
269
232
250
272
229
195
240
299
406
542
645
673
625
496
368
241
172
160
123
251
333
293
369
365
329
283
256
271
248
198
292
348
446
653
836
974
866
670
469
303
217
206
137
264
358
327
401
345
268
229
264
246
250
176
258
376
449
649
822
981
1003
892
564
394
245
228
156
272
368
280
353
376
284
274
256
245
236
191
281
426
501
721
925
1206
1311
1132
804
589
409
287
166
269
382
274
289
407
298
289
275
296
266
225
351
519
713
894
1138
1343
1644
1818
2000
1995
1616
972
333
182
203
282
437
451
506
499
537
551
466
390
496
736
853
992
1114
1371
1661
1538
1696
1857
1835
1054
331
186
175
211
273
388
503
521
514
499
479
456
523
611
606
697
674
616
574
473
329
241
131
163
143
281
341
218
335
344
309
287
293
296
229
209
257
365
402
472
519
656
550
444
326
265
175
107
113
233
352
310
407
350
247
239
271
273
228
225
271
352
451
603
742
888
883
