199
297
267
155
104
62
47
46
56
91
135
159
157
179
137
160
102
117
145
102
73
63
54
51
24
14
10
7
13
43
99
219
200
201
157
125
135
97
97
110
75
89
107
103
69
63
46
37
31
11
8
8
11
38
121
196
217
151
178
104
117
95
109
88
89
119
134
131
131
94
59
65
39
13
21
4
12
30
118
185
204
188
152
129
117
122
114
119
105
132
173
172
161
144
147
156
97
75
40
38
25
20
28
71
112
130
174
165
181
144
114
126
109
141
152
191
195
168
160
160
180
90
43
43
32
20
27
35
69
119
161
163
180
129
145
122
109
91
92
102
81
77
55
41
27
14
5
7
11
46
121
182
157
146
159
126
110
108
104
115
99
91
113
90
92
58
57
55
23
12
8
5
10
44
127
218
193
155
153
122
121
103
108
96
76
96
126
124
91
74
59
46
32
15
11
7
11
41
128
197
155
168
150
130
137
110
101
98
104
113
116
132
108
100
67
62
38
12
14
7
12
46
127
204
172
156
198
114
103
101
98
107
104
121
140
147
117
111
87
77
34
25
13
8
18
33
121
225
182
164
159
132
132
107
99
126
110
197
232
262
213
196
189
156
128
63
65
41
25
26
30
64
119
164
186
181
177
159
161
151
117
150
158
207
192
173
190
194
142
91
70
64
63
21
30
47
83
130
169
187
208
158
159
131
111
112
114
112
89
54
78
76
25
17
9
8
6
64
118
157
152
133
131
121
117
100
111
123
93
78
102
104
75
72
67
47
29
8
5
7
15
43
128
203
130
118
133
134
131
98
118
108
96
96
152
149
128
96
83
75
37
14
9
13
17
50
128
125
155
88
131
152
141
109
114
105
89
130
128
141
110
101
64
54
39
15
5
7
20
54
143
249
156
148
149
140
131
110
104
117
81
127
174
174
138
83
100
88
60
33
13
12
15
40
120
157
182
134
164
150
147
104
132
130
101
127
211
211
221
171
152
172
157
76
45
40
33
33
50
77
138
189
182
190
188
155
124
130
109
119
164
180
184
197
162
220
192
95
45
50
43
31
31
37
82
121
156
158
185
175
150
130
113
130
154
114
103
88
98
82
54
33
18
12
18
28
51
94
157
176
135
153
138
135
141
120
101
110
110
131
96
61
75
43
26
13
14
6
10
47
157
214
199
159
157
143
125
116
114
137
101
139
133
140
112
78
80
49
28
18
7
6
14
62
150
178
192
127
184
141
159
118
127
125
116
130
173
169
135
86
69
57
32
13
16
9
13
49
130
114
175
110
155
135
129
113
114
130
107
139
172
195
162
101
76
99
46
16
9
11
24
41
154
207
167
132
201
164
144
132
138
144
133
154
193
234
211
162
172
196
142
72
73
35
28
27
40
82
133
161
173
199
238
191
144
145
102
159
199
274
224
184
187
198
189
128
79
62
27
28
34
52
84
129
191
178
167
187
149
140
129
113
138
117
102
83
63
49
35
12
7
8
18
51
123
168
171
103
140
133
125
138
112
127
120
102
134
139
94
64
68
50
23
7
3
2
9
35
144
214
187
135
171
132
119
103
92
128
91
114
183
159
117
86
72
73
38
10
7
5
13
37
110
203
161
139
168
135
143
96
110
119
100
124
148
157
120
92
63
58
36
16
11
13
18
39
130
122
152
122
167
147
125
139
107
122
107
142
183
207
152
139
112
97
70
36
14
7
21
53
146
194
179
102
179
153
96
129
150
147
131
185
203
276
255
189
213
211
136
93
62
33
33
21
35
80
148
190
203
194
192
188
164
134
119
146
215
245
235
199
228
224
216
126
67
56
54
28
31
47
98
123
177
231
200
162
148
122
144
236
243
102
116
127
151
213
50
11
9
5
19
55
126
149
167
110
154
137
133
140
98
132
120
127
127
125
101
75
62
41
22
7
7
10
13
48
133
203
194
140
190
154
134
104
123
123
105
130
128
125
120
84
68
57
32
17
5
7
19
50
130
196
147
123
161
125
119
129
103
133
111
131
146
191
118
84
68
58
45
17
11
6
17
33
150
183
193
117
137
144
157
128
133
138
104
127
197
208
167
146
123
95
68
37
14
18
25
56
113
140
134
124
174
162
162
157
148
158
107
124
100
129
100
108
88
94
62
37
26
20
8
13
22
28
34
52
60
98
90
112
110
118
122
145
180
218
201
226
190
185
146
92
60
51
46
35
26
55
94
130
167
174
183
151
134
137
116
138
144
115
84
79
80
71
27
11
6
7
24
54
122
103
159
80
116
124
126
123
121
132
104
138
123
122
109
82
75
41
41
15
11
7
14
49
126
162
139
96
137
138
118
110
110
128
86
123
141
158
149
138
85
65
35
15
9
10
16
35
137
181
172
99
154
138
147
122
109
125
114
125
195
203
169
101
106
74
43
23
16
10
26
51
136
186
161
124
145
170
171
103
109
103
90
165
200
249
241
203
136
105
53
29
18
12
25
44
128
195
152
115
168
167
116
129
129
123
87
143
212
241
194
188
169
206
154
86
52
45
44
39
52
82
161
186
206
181
168
161
137
131
108
148
201
220
218
170
193
186
190
115
83
44
35
33
39
51
83
141
185
184
216
191
123
119
103
134
166
129
155
108
106
95
77
34
15
17
20
29
64
102
165
153
137
144
167
140
105
92
99
121
148
152
95
89
66
50
30
21
10
9
16
49
150
205
216
152
164
134
114
133
103
123
107
125
129
142
125
92
73
51
36
23
10
10
12
50
131
199
169
157
176
148
150
117
132
104
108
125
156
156
134
95
96
59
46
13
10
7
20
43
127
228
166
149
165
149
157
120
104
98
102
142
197
191
182
134
113
105
63
21
25
8
15
47
136
236
158
118
177
152
131
126
116
144
112
163
240
230
218
169
154
193
138
91
56
52
30
28
48
71
144
182
193
219
183
202
205
157
115
158
215
250
265
215
221
234
180
90
82
48
48
37
31
63
97
125
145
187
169
179
149
134
121
140
177
137
98
77
92
58
118
18
9
4
14
65
121
170
141
139
147
127
100
102
98
111
103
129
147
129
103
93
76
44
30
11
11
5
15
40
147
196
145
123
161
117
130
126
102
126
97
132
148
176
142
105
103
57
48
19
8
8
10
62
129
128
146
122
148
164
150
118
110
125
121
133
136
144
132
120
69
67
53
17
9
6
22
44
145
197
159
140
173
104
138
136
117
123
88
121
164
166
147
126
114
98
67
39
17
17
19
33
151
200
164
136
186
154
138
136
114
135
122
184
209
258
237
218
190
208
192
105
78
59
53
37
57
81
162
201
202
208
220
193
165
133
146
174
208
287
243
201
214
224
197
107
88
65
48
39
34
68
91
142
185
196
194
176
136
107
89
122
154
158
105
80
60
63
24
21
10
7
21
58
144
172
159
141
160
131
124
106
115
136
121
111
130
113
96
66
68
52
29
30
3
10
9
37
152
188
192
160
175
153
123
97
120
103
123
143
167
165
151
89
83
57
35
21
7
9
15
60
142
184
155
148
190
166
150
109
118
121
120
121
164
175
147
85
98
69
46
15
10
14
16
42
141
196
162
146
186
124
147
134
116
122
125
162
204
217
168
124
118
96
52
37
19
15
18
45
132
132
163
102
112
132
118
119
118
119
111
147
196
261
195
180
176
201
157
91
68
48
35
37
57
101
142
182
197
197
207
188
131
123
115
131
165
222
208
204
185
216
163
93
61
48
40
51
47
72
129
182
190
186
180
145
136
130
134
133
133
119
97
67
57
27
21
12
12
13
48
107
162
143
124
164
125
133
112
111
120
121
125
124
112
124
63
64
46
31
16
11
7
15
47
139
139
164
124
159
166
168
130
139
162
119
141
140
127
150
94
75
54
34
15
17
8
11
45
136
178
175
152
151
170
152
122
110
132
112
132
179
203
128
110
79
62
53
26
14
7
23
35
129
193
186
115
137
162
154
142
128
106
94
140
175
190
195
154
109
118
61
30
25
8
31
54
136
178
166
107
124
146
123
130
150
137
108
164
212
249
207
213
189
177
180
94
97
57
36
32
59
94
154
206
212
251
254
244
229
195
148
154
231
226
236
190
204
203
175
101
68
60
36
36
66
67
114
143
229
217
205
182
163
124
124
120
150
169
116
92
87
51
40
18
10
5
22
54
151
158
163
145
136
143
129
94
127
124
132
167
184
166
120
116
96
64
22
17
10
10
19
43
143
204
183
155
164
187
135
128
99
106
97
128
112
165
129
92
74
52
45
16
11
9
17
48
124
174
162
158
157
152
162
130
113
137
107
146
202
176
123
103
70
79
50
33
12
7
12
50
155
201
193
143
161
161
151
126
117
118
87
93
173
179
183
144
99
118
52
32
26
14
27
36
141
213
195
142
169
150
156
153
137
155
105
165
193
228
219
201
176
186
141
89
51
38
27
24
54
73
135
176
189
186
212
187
160
141
114
157
199
228
188
214
201
238
181
109
53
37
52
34
30
51
87
132
200
186
189
172
137
123
111
113
115
123
106
87
79
46
33
16
4
13
19
51
121
214
190
186
181
159
158
128
111
120
123
162
166
135
121
100
84
74
36
13
8
8
15
37
134
204
228
175
157
115
136
112
107
111
84
117
130
124
122
91
92
64
37
16
25
11
9
46
131
228
210
162
171
141
146
114
121
125
105
117
137
153
141
96
77
98
48
28
12
11
20
44
129
196
184
155
157
138
164
130
140
115
98
131
184
216
157
140
116
118
94
54
26
19
25
42
84
134
289
156
173
159
152
154
161
144
113
160
167
214
200
174
160
168
123
86
38
45
39
18
36
60
139
164
174
182
190
165
141
109
103
133
153
209
174
165
149
151
120
76
48
41
38
26
41
71
101
131
181
186
182
181
144
101
104
131
157
139
148
102
99
42
25
22
18
8
22
48
137
216
220
164
149
148
120
114
107
105
109
140
127
111
79
87
66
54
30
12
7
7
19
45
137
209
186
185
171
162
122
122
107
132
104
116
171
138
105
87
92
73
31
21
17
10
9
43
141
175
128
130
168
162
141
114
115
122
85
100
149
161
151
110
94
78
51
21
9
8
12
42
137
175
144
122
176
129
148
124
115
114
86
157
151
180
153
112
106
100
61
30
19
13
20
33
140
185
151
133
180
140
124
125
141
105
97
126
219
221
225
188
206
252
203
102
63
53
36
41
74
98
136
175
195
214
204
172
166
127
92
136
179
260
226
215
249
211
176
139
87
54
49
32
24
54
99
119
180
177
187
159
153
124
92
126
126
106
101
87
77
85
36
19
7
6
12
47
118
182
163
145
142
122
126
87
88
123
99
106
113
131
106
85
77
70
40
23
7
6
10
43
144
231
197
162
164
124
132
148
115
130
97
131
154
143
147
100
80
73
43
28
16
9
12
45
130
203
143
117
170
136
153
108
126
126
99
148
212
283
169
103
99
87
48
26
8
13
18
47
143
180
162
120
169
125
154
111
128
142
96
137
174
225
184
135
96
96
60
21
15
16
19
53
137
173
171
132
120
166
142
135
175
146
118
202
249
244
217
184
178
204
169
77
48
33
26
40
41
85
131
173
194
215
193
191
142
126
125
139
170
216
230
221
214
234
175
125
65
57
43
40
44
67
89
157
174
177
210
177
129
130
102
136
107
122
129
91
90
51
29
19
14
6
12
52
135
201
165
136
176
128
106
109
109
128
125
119
124
127
123
98
47
48
29
21
13
3
18
34
133
201
160
143
175
139
139
145
99
118
107
115
158
152
156
94
91
89
31
25
10
7
12
52
152
197
154
140
187
134
158
114
96
144
108
126
146
180
152
97
96
63
45
21
13
9
19
40
144
232
156
135
203
145
151
123
109
139
92
162
200
220
166
119
113
86
49
44
20
16
15
46
117
199
171
102
184
136
144
121
127
118
119
141
188
206
228
211
209
190
147
131
57
49
48
23
60
105
151
188
216
217
205
209
147
158
92
144
199
228
195
192
208
212
199
133
81
53
42
28
36
77
88
149
168
179
207
143
135
114
94
115
126
114
99
82
86
44
24
13
2
5
12
52
136
188
164
158
160
150
114
111
115
139
109
114
119
129
113
115
75
55
24
19
4
6
9
42
133
197
148
162
181
144
142
133
103
110
104
135
132
155
142
97
88
88
40
23
19
12
10
42
136
193
169
162
154
133
156
114
117
120
118
136
156
183
158
101
100
82
39
25
8
9
19
52
113
231
163
149
192
131
147
119
108
110
78
144
177
173
172
152
108
123
60
36
19
13
21
49
133
206
145
132
152
148
113
130
122
118
105
170
216
270
193
194
239
173
168
80
60
51
41
34
51
96
140
181
211
178
190
202
181
136
111
138
169
223
194
193
249
220
164
130
69
51
59
31
26
55
101
137
165
165
178
147
142
110
99
124
142
105
95
99
89
54
35
19
13
11
14
53
136
180
166
127
181
164
122
131
131
141
107
139
218
177
117
68
79
56
28
17
10
5
11
42
137
196
166
153
160
144
122
108
129
138
90
153
161
139
120
116
78
75
