1672
1484
1252
1321
1008
531
326
258
216
303
481
669
942
951
845
880
754
866
942
861
788
754
841
492
298
210
112
78
92
160
413
656
961
1044
828
863
920
992
981
960
901
1133
1434
1375
1180
1024
828
603
487
283
190
103
114
141
398
688
1061
1370
912
1009
1138
1164
1214
1129
1018
1184
1665
1734
1526
1430
1407
842
706
365
240
147
127
154
399
756
1130
1120
938
1040
1150
1149
1148
1058
953
1249
1621
1812
1620
1497
1565
1565
1407
1115
942
660
378
222
167
235
318
454
678
804
876
907
920
1006
894
1032
1140
1393
1275
1208
1449
1626
1607
1341
1026
803
471
248
147
194
291
364
561
775
879
857
880
812
825
788
859
778
826
635
533
406
289
152
119
74
96
144
399
823
1201
1061
800
793
925
929
991
983
833
1102
1451
1467
1339
987
1285
838
512
258
185
83
102
153
444
841
1251
1117
937
918
1078
1082
1173
1036
851
1203
1565
1514
1366
1255
1074
704
475
317
144
113
82
152
435
791
1238
1158
891
1011
1144
1119
1164
1090
899
1184
1613
1595
1557
1470
1176
880
576
369
198
128
120
139
416
850
1247
1275
1009
1096
1152
1133
1221
1118
936
1146
1586
1823
1694
1632
1540
1209
918
619
368
203
177
174
447
799
1289
1212
949
1075
1149
1203
1250
1130
894
1033
1319
1413
1818
1704
1807
1703
1532
1170
939
676
434
231
169
215
341
536
720
839
892
1106
973
1010
963
1124
1261
1552
1397
1426
1457
1738
1831
1685
1329
986
533
272
151
208
294
395
634
855
945
909
1008
890
914
906
926
907
867
667
597
579
330
197
118
88
88
163
442
846
1246
1269
900
922
972
1008
1058
1025
979
1210
1630
1599
1423
1406
1355
835
647
365
186
120
97
139
492
896
1361
1405
1076
1064
1216
1216
1238
1168
986
1067
1298
1627
1717
1724
1535
1045
710
363
228
145
118
174
564
1001
1444
1463
1154
1196
1280
1215
1311
1125
896
1252
1697
1779
1792
1548
1307
958
671
390
230
140
136
195
485
859
1356
1409
1073
1113
1244
1219
1305
1183
936
1173
1510
1770
1798
1677
1648
1421
978
604
422
225
192
217
479
895
1394
1461
1102
1205
1307
1272
1304
1142
950
1027
1629
1768
1749
1686
1742
1793
1663
1236
946
704
566
293
254
274
440
571
744
871
1029
1110
1021
939
893
998
1269
1537
1453
1360
1548
1780
1800
1600
1244
997
577
308
194
173
279
406
672
825
974
933
1055
962
913
942
1188
1049
1093
1122
1213
922
743
462
291
220
176
132
199
298
498
678
658
796
884
963
1072
1003
927
1043
1449
1141
963
810
758
534
333
208
130
86
88
125
512
859
1384
1300
1092
1108
1201
1183
1216
1269
1072
1276
1714
1752
1751
1548
1261
825
540
299
163
100
90
130
572
982
1511
1477
1130
1318
1421
1336
1323
1256
1085
1271
1737
1871
1880
1702
1680
1115
635
357
192
108
121
136
513
972
1496
1543
1137
1182
1259
1309
1342
1249
1048
1178
1473
1854
2013
1924
1712
1433
930
557
349
197
170
208
480
932
1492
1518
1170
1243
1412
1336
1424
1264
1073
976
1130
1415
1491
1679
1630
1676
1484
1218
951
700
484
239
215
311
481
671
863
1082
1102
1246
1237
1220
1070
1136
1514
1756
1617
1682
2037
2004
1864
1779
1535
1042
615
363
235
213
379
490
752
973
1093
1081
1076
996
927
964
1147
960
911
958
756
544
361
211
153
113
118
141
460
887
1369
1410
1090
908
1206
1100
1214
1177
1043
1217
1697
1688
1420
1200
1085
678
437
224
149
89
93
135
475
839
1337
1281
1093
1078
1214
1127
1277
1164
1014
1273
1533
1659
1540
1597
1449
998
607
338
179
137
96
158
504
868
1355
1395
1004
1143
1271
1130
1222
1130
977
1154
1490
1627
1570
1594
1588
1154
782
419
236
152
136
192
542
898
1381
1403
1074
1116
1300
1256
1261
1251
983
1015
1517
1689
1945
1892
1763
1607
1251
742
458
264
207
208
518
874
1364
1457
1226
1259
1181
1142
1149
1000
827
983
1293
1615
1763
1760
2001
1852
1813
1612
1230
843
516
274
237
247
423
606
769
992
1142
1159
1140
1232
1013
1083
1583
1696
1628
1614
1800
1767
1771
1666
1413
965
536
289
213
206
279
414
674
951
1054
953
942
986
995
1223
1166
751
799
863
1002
1013
558
259
201
114
98
157
502
855
1350
1340
1016
964
1060
1067
1173
1112
982
1354
1694
1641
1452
1328
1125
651
433
214
154
86
66
141
469
931
1457
1402
1085
1113
1219
1284
1274
1161
984
1317
1672
1758
1665
1480
1282
831
547
317
198
102
108
127
460
860
1423
1421
1085
1072
1252
1228
1245
1159
954
1161
1547
1784
1877
1748
1554
1183
723
418
242
130
139
174
463
970
1475
1472
1181
1170
1385
1342
1381
1163
846
903
1345
1713
1928
1824
1694
1534
1160
707
431
290
265
251
462
937
1332
1329
1056
1105
1278
1249
1183
1059
774
745
1019
1135
936
817
795
619
462
403
322
276
118
82
83
127
206
321
474
640
779
811
897
882
914
1102
1274
1504
1419
1452
1516
1747
1642
1473
1232
932
499
287
233
211
333
574
659
908
1095
1055
1008
1092
966
974
1122
1025
905
794
864
606
354
224
145
92
95
163
532
963
1331
1356
1190
1051
1006
1061
1112
1050
1010
1303
1547
1694
1500
1280
1112
736
493
314
159
79
87
164
451
891
1414
1392
1198
1199
1300
1309
1286
1182
1011
1075
1431
1776
1782
1714
1537
1350
738
417
222
147
117
153
469
923
1414
1465
1165
1254
1291
1289
1263
1191
946
1128
1513
1698
1775
1758
1757
1436
824
544
282
157
153
188
488
941
1374
1442
1162
1196
1330
1220
1320
1108
809
908
1153
1383
1550
1726
1910
1657
1145
715
424
257
226
206
486
848
1271
1325
1039
1113
1299
1194
1211
1041
804
917
1395
1625
1763
1653
1771
1785
1723
1388
1138
829
501
293
270
252
389
625
716
875
1070
1136
1077
1106
1011
1145
1446
1788
1576
1600
1693
2023
1759
1590
1344
989
607
358
261
191
258
459
730
940
1120
1129
1126
1101
1034
1082
1217
1237
1307
1186
1040
937
761
529
340
208
175
111
198
265
514
633
746
875
1005
988
1044
1125
981
1029
1265
1202
955
959
835
590
420
204
129
70
99
160
458
771
1141
1210
1016
963
1150
1322
1301
1164
974
1216
1629
1590
1492
1472
1180
839
502
289
139
94
95
150
485
840
1267
1273
1140
1160
1269
1293
1370
1240
1054
1304
1759
1901
1877
1748
1593
1111
667
416
257
149
149
144
473
931
1347
1485
1110
1174
1341
1343
1397
1299
976
1074
1434
1835
1940
1833
1801
1561
1080
690
396
260
217
196
462
904
1260
1526
1194
1150
1279
1269
1353
1163
924
1158
1540
1775
1880
1805
1844
1936
1692
1451
1119
866
495
243
256
297
433
684
911
1121
1333
1322
1408
1343
1075
1150
1547
1708
1602
1578
1824
1888
1925
1734
1333
995
655
322
257
246
451
512
709
925
1042
1111
1074
974
878
938
1147
1048
862
939
791
531
698
208
145
67
96
146
438
814
1299
1324
1017
926
1040
1039
1123
1034
976
1234
1628
1581
1428
1193
978
687
444
267
176
89
90
174
449
843
1344
1324
1042
1078
1225
1208
1274
1153
990
1223
1654
1911
1826
1753
1584
1108
744
356
219
139
118
192
581
1181
1554
1511
1236
1180
1212
1145
1266
1121
973
1162
1637
1764
1767
1655
1531
1382
739
490
282
167
154
167
469
915
1423
1411
1122
1145
1289
1269
1352
1228
881
1065
1447
1735
1897
1770
1707
1641
1241
797
453
285
217
231
468
857
1302
1371
1124
1163
1242
1320
1350
1146
899
1023
1404
1626
1910
1841
1828
1944
1913
1664
1208
873
624
266
269
268
429
681
877
1100
1202
1254
1220
1269
1033
1229
1561
1653
1841
1753
1910
2166
1864
1793
1503
984
636
302
181
215
313
508
786
1026
1167
1184
1137
1115
1055
992
1232
1099
975
896
1151
629
419
231
138
86
105
165
518
865
1257
1268
1019
922
1084
1075
1179
1070
1002
1301
1667
1691
1535
1363
1199
800
494
269
181
94
104
183
507
888
1338
1346
1074
1078
1264
1195
1306
1186
1041
1268
1569
1711
1696
1567
1727
1053
657
356
210
127
131
155
465
935
1392
1452
1110
1266
1342
1231
1306
1191
1053
1313
1531
1834
1687
1727
1385
1027
693
363
227
123
104
160
491
939
1466
1344
1197
1152
1295
1295
1345
1277
921
1085
1387
1772
1948
1781
1640
1718
1162
683
394
227
195
225
548
944
1355
1374
1092
1169
1217
1237
1262
1143
996
1281
1666
1808
1825
1863
1914
1981
1798
1405
989
782
535
307
196
303
429
684
873
1037
1201
1246
1222
1105
985
1071
1534
1675
1706
1760
2077
1959
1946
1761
1526
1007
549
419
329
336
417
741
938
1002
1113
1097
1056
898
935
1088
1082
1004
925
814
533
422
257
141
114
106
150
413
883
1239
1313
1020
962
1112
1096
1094
1130
977
1186
1630
1561
1428
1260
1062
759
476
296
202
99
93
163
531
981
1382
1476
1222
1291
1336
1315
1399
1205
916
1156
1538
1588
1594
1458
1253
915
632
394
223
113
123
155
458
921
1503
1545
1167
1209
1265
1277
1251
1209
892
1123
1528
1746
1895
1797
1638
1346
932
497
278
209
148
186
500
976
1513
1544
1319
1358
1454
1346
1305
1164
863
975
1245
1557
1794
1841
1826
1759
1508
883
504
310
292
237
497
931
1350
1494
1249
1204
1237
1149
1269
1187
864
969
1396
1599
1885
1887
1955
1986
1949
1657
1205
851
525
296
260
266
448
719
846
1043
1240
1266
1309
1260
1009
1127
1617
1774
1890
1872
1866
1980
1906
1681
1305
876
625
335
306
243
387
526
822
982
1149
1159
1151
1036
1013
1061
1292
1237
1149
991
817
666
442
268
187
111
114
166
491
845
1280
1185
1009
1012
1030
1123
1287
1232
1070
1331
1676
1817
1549
1233
1108
848
485
238
177
83
102
139
471
829
1349
1372
1173
1266
1344
1187
1224
1252
1107
1328
1754
1847
1745
1646
1382
1066
649
369
271
113
104
160
470
865
1358
1394
1101
1235
1406
1295
1415
1260
979
1141
1637
1838
1830
1701
1665
1282
846
490
272
149
154
179
481
914
1433
1440
1213
1222
1339
1333
1270
1108
804
971
1328
1632
1982
1852
1721
1695
1265
672
386
252
219
213
452
855
1277
1289
1122
1126
1323
1292
1359
1219
989
1200
1703
1983
1882
1826
1878
1996
1913
1573
1123
804
480
271
240
308
416
619
889
1043
1203
1220
1199
1226
1024
1166
1461
1641
1664
1648
1914
1850
1999
1645
1437
1060
673
301
181
218
294
473
737
939
1128
1089
1080
1066
936
1027
1065
1055
970
978
900
622
409
219
136
93
98
154
436
757
1101
1108
885
898
1056
1116
1275
1217
1049
1326
1573
1466
1273
1017
917
951
435
234
156
101
81
138
412
784
1055
1176
950
1015
1107
1151
1191
1238
962
1268
1654
1596
1442
1423
1331
1050
711
375
194
124
123
163
447
758
1190
1290
1065
1152
1263
1316
1282
1152
936
1276
1667
1737
1778
1691
1785
1322
835
445
269
143
147
171
430
796
1240
1428
1137
1188
1277
1317
1402
1163
847
869
1379
1776
1947
1995
1912
1887
1667
1020
571
340
280
206
285
457
917
1161
1095
1124
1181
1225
1263
1242
929
1107
1588
1782
1634
1675
1906
1763
1777
1342
1025
786
544
294
222
216
347
590
819
1046
1058
1149
1127
1182
1047
1129
1359
1649
1600
1582
1553
1578
1525
1456
1052
864
496
234
178
193
321
501
803
917
1065
1026
1087
925
806
910
990
1149
1257
1192
1346
425
337
175
115
80
90
148
399
729
1042
1054
868
811
1010
1002
1076
1068
988
1231
1448
1489
1440
1497
1089
813
578
296
174
99
108
148
453
919
1231
1312
1109
1096
1247
1291
1283
1244
991
1273
1748
1741
1748
1560
1435
1134
716
383
203
102
106
157
477
898
1327
1404
1196
1226
1252
1247
1358
1163
898
904
1399
1722
1895
1757
1741
1209
848
450
239
119
141
171
447
961
1438
1375
1149
1279
1358
1300
1364
1193
881
966
1226
1540
1837
1781
1661
1570
1269
725
404
258
233
191
474
880
1302
1378
1113
1166
1292
1240
1258
1147
801
910
1478
1698
1849
1846
2054
1955
1894
1478
1071
755
560
288
244
382
539
709
982
1106
1223
1164
1153
1066
778
806
1147
1172
1512
1699
1768
1880
1528
2029
1458
1125
673
352
226
237
362
505
832
1004
1123
1192
982
980
745
703
948
1068
980
867
777
637
448
203
140
83
99
141
463
872
1142
1073
900
890
1085
1022
1064
1079
925
1194
1449
1506
1467
1233
1144
1137
763
376
202
109
101
141
430
894
1256
1185
1033
1042
1201
1122
1232
1146
875
1100
1465
1601
1617
1496
1611
1147
755
417
233
137
135
160
434
883
1296
1323
1097
1197
1195
1153
1246
1188
899
1017
1255
1302
1581
1568
1758
1194
816
403
228
125
116
180
455
924
1439
1345
1085
1083
1277
1247
1293
1168
811
952
1321
1657
1807
1822
1792
1740
1227
672
435
288
251
199
480
979
1514
1567
1366
1252
1192
1100
1255
1034
874
1036
1423
1686
1808
1735
1687
1887
1772
1308
977
706
486
254
249
312
521
715
1003
1197
1240
1311
1232
1184
967
1003
1453
1578
1737
1688
1860
1983
1907
1807
1454
1075
691
323
227
328
407
587
856
989
1004
1052
1147
1064
887
906
1293
1146
1114
939
897
667
401
228
138
92
110
179
454
864
1252
1231
1000
984
1140
1104
1172
1103
910
1213
1546
1674
1521
1444
1305
938
571
307
179
93
97
172
482
856
1352
1265
1122
1046
1247
1240
1285
1179
972
1124
1518
1692
1596
1458
1405
1228
710
371
234
145
128
165
517
919
1362
1396
1138
1175
1217
1284
1320
1224
858
1053
1238
1686
1696
1671
1688
1332
863
506
258
168
141
177
484
899
1246
1367
1100
1167
1298
1323
1317
1173
852
830
1256
1525
1764
1775
1677
1583
1110
731
446
247
205
223
511
857
1218
1416
1227
1178
1284
1188
1309
1118
829
924
1442
1731
1858
1659
1727
1687
1822
1421
1180
814
577
332
248
290
494
731
994
1100
1285
1337
1199
1265
945
1098
1596
1686
1736
1690
1845
2029
1985
1810
1480
1146
710
374
254
293
385
577
843
1018
1201
1171
1132
1076
843
909
1201
1175
1086
889
841
615
424
202
125
68
109
162
469
874
1202
1212
934
1005
1079
1151
1104
1115
981
1290
1539
1526
1425
1296
1044
739
501
296
203
118
99
186
492
954
1357
1361
1141
1110
1237
1183
1245
1210
911
1164
1640
1731
1659
1445
1622
1299
785
420
269
173
125
174
475
910
1311
1278
1092
1077
1201
1163
1233
1132
905
1054
1358
1634
1770
1660
1685
1281
792
441
292
164
143
203
491
901
1338
1418
1155
1157
1225
1264
1267
1103
733
840
1249
1560
1821
1617
1629
1627
1147
828
474
319
218
230
451
846
1280
1326
1074
1091
1151
1109
1169
987
734
865
1377
1691
1799
1683
1786
1738
1773
1452
1062
747
531
281
224
299
486
730
879
974
1051
964
926
930
823
888
1375
1545
1654
1635
1838
1779
1795
1634
1317
998
577
340
216
245
363
593
793
976
1174
1095
1051
984
860
995
1176
1078
1011
861
820
664
447
271
161
105
116
161
473
831
1284
1313
1011
1025
1134
1257
1184
1082
945
1215
1537
1500
1375
1259
1008
690
540
303
175
103
102
167
446
887
1240
1220
1050
970
1096
1160
1238
1094
897
1066
1400
1619
1720
1540
1532
1112
