810
760
829
790
579
388
331
318
223
300
449
648
747
833
812
873
748
917
1016
961
960
711
1197
486
335
207
145
72
93
330
1014
1204
1346
1369
909
901
957
865
877
798
592
805
980
989
731
612
632
440
273
194
144
92
79
311
1109
1242
1341
1158
918
998
848
844
792
738
627
838
1071
1080
842
950
950
620
412
254
184
108
120
322
1072
1216
1267
1116
967
886
943
761
905
821
640
807
1161
1496
1095
1044
1313
914
817
491
387
253
204
147
306
326
379
594
759
957
990
893
918
851
733
1006
1056
1135
1005
947
1139
1068
793
565
416
342
256
153
209
271
418
474
752
818
905
868
831
905
854
953
1119
1018
825
628
719
457
364
204
143
71
69
345
1150
1365
1344
1276
941
843
803
732
759
670
594
757
1103
940
768
665
986
516
294
163
116
79
58
303
1045
1404
1371
1326
1152
866
885
848
772
715
623
785
988
996
885
700
724
476
299
185
110
89
95
295
1130
1397
1377
1244
1067
972
904
740
834
700
614
773
1016
1032
926
888
772
484
393
230
155
86
98
340
1165
1413
1364
1469
1104
868
846
751
881
748
588
824
1178
1146
928
935
817
741
502
282
190
125
110
315
1130
1217
1303
1227
1112
847
977
858
938
749
666
769
1060
1318
1177
1186
1212
1097
859
588
384
271
241
135
323
343
393
550
736
891
1009
1027
918
840
740
892
1069
1097
891
923
1030
1069
837
622
464
346
297
182
191
232
327
420
660
896
925
963
1059
922
915
1106
1172
1074
757
707
842
508
342
225
192
81
89
312
1241
1434
1512
1452
1227
908
828
834
868
854
878
979
1417
1235
783
837
851
508
278
171
133
77
73
342
1213
1468
1443
1569
1141
1134
1080
935
912
974
868
821
1040
1145
998
941
833
547
364
212
137
82
120
333
1174
1436
1238
1329
1476
1196
1042
944
949
747
686
749
1170
1213
906
855
829
513
396
233
171
74
101
305
1185
1432
1280
1309
1233
927
972
929
904
806
663
747
1168
1217
988
980
970
597
488
356
214
129
158
329
1217
1361
1385
1318
1226
1161
1032
981
1033
752
600
721
1139
1343
1184
1316
1291
1133
843
543
392
293
249
168
355
340
445
697
933
1031
1027
1079
965
904
885
995
1244
1138
927
1042
1197
1063
915
585
434
362
324
179
212
206
331
489
666
886
892
914
924
833
953
941
1110
872
780
1117
1037
672
562
424
201
163
149
241
516
539
680
813
740
827
816
893
839
873
811
995
1397
1182
886
822
1006
603
551
268
114
75
81
366
1282
1639
1435
1608
1400
1037
1027
1034
994
893
744
876
1241
1224
1000
901
971
676
387
163
110
74
105
368
1118
1424
1358
1563
1118
961
1192
1013
1004
915
773
808
1193
1167
941
1042
1048
796
449
243
167
67
109
329
1210
1353
1103
1444
1215
962
974
1067
958
856
794
852
1203
1301
1179
1117
1164
799
497
314
182
115
126
376
1208
1451
1356
1453
1141
950
1041
902
944
944
767
712
692
695
1106
1265
1266
1085
853
615
363
256
220
210
333
407
512
772
919
1017
1023
1182
925
957
871
959
1439
1283
1222
1253
1219
996
948
738
462
390
268
179
217
300
569
610
787
943
899
953
935
908
1010
1051
1347
1135
981
1337
942
559
414
198
111
66
108
365
1185
1433
1336
1644
1231
977
930
941
895
930
835
1012
1325
1129
778
882
732
413
277
152
140
52
67
338
1129
1383
1320
1530
1182
874
995
836
816
814
673
800
1163
1103
964
1133
852
524
379
189
127
57
91
334
1166
1386
1248
1589
1165
928
951
874
950
838
630
765
1092
1084
990
1071
1009
706
458
249
200
100
105
319
1194
1425
1286
1481
1202
1007
942
895
842
890
669
802
1224
1345
1210
1205
1111
843
563
331
198
124
150
333
1185
1256
1156
1515
1269
1008
958
930
876
831
627
776
1134
1228
1266
1275
1227
1034
893
628
473
337
272
160
318
397
436
762
820
1029
1183
1149
865
990
787
913
1203
1239
1051
1255
1066
987
876
608
397
338
283
169
204
232
308
452
637
797
803
963
875
890
860
882
984
670
682
735
884
783
640
257
145
70
96
315
1209
1382
1278
1548
1133
879
932
877
791
746
651
895
1110
937
884
1124
917
379
255
169
100
92
92
296
1210
1367
1272
1543
1238
917
932
835
824
750
634
810
1082
1045
991
883
834
487
355
158
120
102
112
313
1049
1377
1347
1538
1206
1027
1066
932
855
847
740
835
1130
1223
1263
1269
839
655
482
243
176
103
119
329
1172
1429
1281
1508
1188
1047
978
973
908
847
688
797
1115
1207
1272
1174
1079
874
640
424
344
153
176
328
1071
1166
1269
1300
1057
871
1087
923
926
867
578
619
790
893
769
706
533
356
222
157
150
98
67
51
80
130
181
349
389
523
763
751
703
810
813
959
981
1177
1070
1045
1011
975
834
523
332
339
290
173
217
278
392
679
695
817
1049
850
812
934
928
1117
1342
1096
977
870
986
725
511
202
102
62
99
312
1125
1349
1281
1457
1265
1079
933
949
930
887
917
841
1023
1085
1046
1011
920
684
305
215
131
62
107
307
1071
1387
1294
1514
1288
1168
1009
912
957
869
787
788
982
1160
1279
1137
960
832
454
260
179
85
139
310
1086
1338
1425
1502
1197
1086
991
919
1045
874
735
784
985
1146
1122
1111
1084
976
624
319
186
99
124
291
1111
1349
1390
1442
1149
957
1033
807
914
747
597
639
877
940
1236
1212
969
784
618
324
203
154
143
322
1023
1267
1507
1445
1134
950
1026
930
1063
829
549
695
888
1255
1408
1404
1260
1135
1022
632
514
394
314
216
400
387
520
736
778
1095
1222
1111
1087
1027
892
942
1145
1384
1290
1235
1226
1199
955
634
577
417
298
229
266
267
325
519
740
1042
1237
1071
1053
986
993
1080
1184
1322
1350
1196
1076
801
536
348
220
121
124
172
364
518
792
790
769
992
1011
835
996
914
945
930
1143
1187
1198
1217
1023
538
408
190
133
77
90
295
1105
1450
1512
1412
1106
910
924
959
1001
835
654
800
1031
1119
1054
1026
831
586
362
172
112
64
98
292
1094
1454
1517
1465
1171
1072
1094
908
1018
855
766
856
1109
1279
1226
1011
910
645
430
218
180
80
93
266
1150
1484
1544
1465
1184
1128
1043
946
972
853
698
767
1064
1309
1327
1093
989
777
501
337
226
150
142
309
1067
1350
1449
1346
1153
1094
958
963
1013
858
731
741
987
1256
1437
1248
1177
1209
856
571
444
341
273
172
300
363
514
712
885
1166
1291
1166
1148
1096
863
883
1116
1257
1181
1115
1232
1108
1025
710
581
398
381
222
209
333
581
663
901
908
857
899
982
924
950
982
1290
1261
1204
1177
900
627
563
237
130
63
97
297
1114
1463
1320
1445
1159
965
903
899
900
807
735
877
1268
1062
861
743
705
392
279
157
114
64
92
316
1059
1439
1349
1507
1197
996
949
906
905
897
759
755
1119
1269
1162
1105
1023
668
392
216
151
79
89
370
1180
1332
1269
1329
1253
1111
941
849
856
792
638
677
931
1245
1142
1012
1017
790
458
282
203
83
113
309
1135
1461
1361
1375
1083
949
849
970
985
881
665
680
1098
1430
1365
1189
1150
985
1067
404
259
154
141
299
1103
1432
1412
1281
1104
954
924
921
945
889
678
773
1181
1375
1426
1364
1259
1161
1042
698
487
340
299
186
350
415
541
679
850
1031
999
1064
904
925
719
838
1167
1385
1172
1260
1260
1041
942
703
507
365
318
191
213
274
400
560
753
981
885
1058
889
1002
910
886
1064
1229
1154
1100
1271
746
425
222
154
99
92
369
1169
1592
1283
1304
1160
1019
897
814
868
820
792
835
1135
1168
1012
916
1268
1024
342
179
113
73
75
321
1153
1464
1362
1388
1214
1050
910
870
985
776
729
737
1157
1244
1108
1057
1032
634
367
224
267
82
90
318
1179
1490
1381
1321
1133
1136
971
944
921
839
692
703
1103
1371
1110
1182
862
541
394
228
187
105
99
296
1177
1511
1398
1317
1140
952
962
949
981
950
699
733
1175
1480
1300
1225
1060
893
609
421
204
125
109
305
1158
1483
1095
1243
1160
1066
962
1082
1005
910
749
862
1290
1567
1489
1355
1295
1030
831
601
441
311
250
168
357
431
533
716
886
1011
1125
1027
1079
970
766
695
1180
1321
1178
1117
1181
1041
914
669
589
433
303
202
271
366
488
721
922
982
966
969
905
923
853
1061
1114
1198
1049
1034
668
445
251
145
77
110
311
1024
1422
1282
1386
1158
982
952
785
881
818
676
776
1017
1072
939
923
834
522
340
234
128
89
107
314
1135
1307
1252
1263
1318
1164
1081
970
992
921
664
684
1007
1172
1082
975
1018
794
405
201
136
87
94
288
1052
1412
1289
1190
1250
1168
1006
916
925
825
678
641
1022
1369
1223
1255
1009
1053
521
283
237
113
136
308
1049
1511
1345
1347
1414
1200
1073
1014
1041
876
681
611
949
1372
1414
1341
1091
1076
803
478
318
199
161
320
1127
1372
1378
1373
1259
1192
1003
921
974
886
686
655
1126
1235
1416
1308
1255
1269
1086
756
523
345
283
166
373
464
671
858
1070
1257
1251
1266
1116
1006
800
977
1396
1457
1228
1226
1201
1293
972
728
517
391
343
226
283
303
446
614
797
915
989
1146
984
1059
908
926
1095
1192
1076
950
992
869
444
230
192
104
124
328
1083
1523
1403
1326
1190
995
860
853
882
838
739
738
1106
1225
1066
833
782
612
326
208
141
72
85
248
1147
1537
1413
1369
1207
1233
1015
906
851
789
644
762
1141
1305
1043
962
938
519
314
220
139
81
95
298
1184
1557
1408
1498
1194
1092
988
891
904
852
670
700
1082
1213
1063
1186
1002
722
474
261
189
105
109
323
1159
1616
1415
1405
1350
1134
1007
909
882
833
613
591
1041
1263
1236
1130
1141
915
600
468
291
192
124
337
1197
1436
1480
1355
1131
1080
997
960
990
934
676
765
1323
1491
1411
1375
1268
1188
1069
694
459
341
314
217
397
447
429
723
911
1074
1076
1064
1138
962
744
803
1187
1311
1153
1276
1283
1055
1023
680
557
334
331
197
207
301
339
537
761
849
976
1009
1001
905
798
863
1204
1162
1120
1080
1295
678
474
255
155
77
103
327
1142
1445
1285
1334
1016
923
932
793
985
853
616
745
1111
1128
842
878
1221
922
449
225
151
68
92
288
1099
1462
1355
1443
1072
945
917
811
869
863
602
707
1159
1394
1332
1148
1143
633
430
236
129
86
91
298
1202
1350
1397
1412
1168
1117
1050
939
991
833
646
802
1202
1354
1151
1197
1084
800
541
248
211
106
120
284
1119
1325
1349
1405
1149
1062
1058
942
1021
849
603
594
929
1226
1177
1201
1080
896
622
447
309
215
173
261
717
723
963
1066
1066
960
1047
991
1028
974
644
828
1261
1420
1226
1389
1427
1075
849
574
359
267
235
162
310
300
435
670
933
1033
1110
1067
1066
1081
829
921
1186
1141
976
1030
1098
975
924
1025
469
319
320
201
230
230
294
507
752
784
985
857
1027
856
750
950
1302
1454
1048
1183
1294
1080
600
285
214
69
101
315
1155
1345
1245
1340
1102
891
901
870
952
854
670
830
1021
1141
1081
1283
1113
508
322
205
120
77
110
317
1137
1401
1328
1338
1191
959
995
885
1027
827
648
777
1214
1207
1111
1068
1050
895
452
198
202
61
102
310
1200
1533
1358
1398
1323
1031
1022
924
1009
848
647
628
973
1359
1160
1379
1150
811
540
299
241
98
108
305
1183
1499
1352
1455
1247
954
1015
880
968
861
589
680
1010
1201
1202
1287
1073
860
632
344
242
206
144
313
1194
1294
1360
1399
1147
941
1056
897
949
829
592
672
1042
1323
1285
1391
1164
1078
922
621
446
330
225
165
336
472
674
841
891
965
1150
1011
975
761
548
456
543
503
631
911
960
872
881
796
557
403
331
215
224
236
394
592
788
835
1088
1072
1092
895
640
619
844
915
1023
966
1053
731
807
417
152
134
102
276
1258
1336
1219
1293
1100
904
904
737
872
676
645
741
1023
934
1020
824
1028
879
518
190
163
73
98
285
1197
1398
1270
1372
993
949
898
861
847
744
580
678
1099
1073
1012
1036
868
572
429
232
166
72
85
322
1163
1312
1241
1297
1069
1019
926
933
867
762
563
703
1091
1166
1052
1099
972
704
532
254
188
118
121
349
1160
1372
1234
1335
1106
901
944
853
973
758
621
632
1089
1201
1171
1278
1022
929
621
367
287
139
146
347
1255
1418
1344
1403
1323
1087
965
955
985
774
624
743
1063
1328
1328
1341
1044
1060
984
650
393
275
206
144
396
406
546
785
840
1087
1024
1035
1078
902
769
900
1281
1230
1162
1197
1171
1085
1055
882
597
420
345
193
308
349
491
761
767
1124
1085
1086
1092
986
833
917
987
1145
1192
1127
1053
730
467
267
161
77
115
350
1243
1342
1170
1407
1095
1065
944
884
954
802
709
791
1176
1132
1030
933
903
763
412
192
178
76
99
280
1186
1342
1288
1360
1074
1013
1053
905
907
777
613
714
1019
1182
940
1056
856
855
457
222
138
87
118
328
1326
1403
1291
1420
1077
1104
950
873
890
772
609
651
933
1071
1067
1172
940
730
499
305
198
103
122
370
1150
1357
1291
1364
1062
1155
943
929
944
742
601
666
1009
1183
1198
1203
1014
839
640
429
263
147
155
311
1108
1298
1208
1253
1009
1038
941
853
813
717
491
655
933
1289
1219
1110
1037
911
862
571
529
349
243
150
324
427
577
734
791
1060
1057
1151
962
872
739
840
1099
1241
1164
1167
1093
1026
1006
657
499
361
259
181
225
306
446
555
714
950
1058
1042
991
825
790
834
893
1156
1178
922
882
885
510
178
132
101
101
313
1143
1354
1331
1326
997
1023
942
858
824
781
651
836
998
1080
959
855
713
458
299
174
116
71
126
297
1162
1435
1372
1387
1138
1004
990
877
871
808
703
843
1100
1072
997
905
880
773
459
214
129
86
108
295
1170
1321
1380
1366
1167
964
916
951
838
785
623
664
777
1183
1090
1062
851
667
509
285
187
102
113
293
1122
1425
1406
1396
1159
1008
985
1013
882
803
604
592
805
1167
1301
1157
867
770
564
331
249
168
154
313
1048
1254
1314
1210
1064
969
958
897
910
716
534
640
950
1276
1223
1219
1030
1049
975
599
484
343
263
196
370
393
512
670
920
990
1056
1125
834
807
692
691
813
1081
1181
1003
1022
934
882
711
459
380
271
176
221
307
371
498
726
839
887
1084
853
941
840
857
937
1142
1217
980
997
634
632
292
157
64
117
329
1171
1371
1294
1291
1193
934
1063
963
925
800
653
793
1180
1162
933
741
747
444
307
184
117
70
86
300
1128
1406
1441
1276
1072
930
956
941
846
689
645
722
966
1118
1065
954
778
598
