1425
1261
1338
1106
520
258
193
185
228
359
607
876
1148
1101
1065
1085
943
1143
1358
1133
908
713
535
435
223
112
57
47
58
185
530
873
1225
1337
1284
1394
1579
1499
1486
1410
1324
1655
2364
2466
1981
1597
1141
724
516
257
157
98
95
166
454
832
1253
1875
1487
1492
1776
1658
1712
1602
1444
1951
2496
2560
2381
2210
1628
1009
671
340
182
131
100
171
444
852
1234
1414
1393
1518
1839
1660
1881
1687
1528
1960
2611
2440
1991
1803
1420
1205
873
524
384
218
156
111
179
222
337
577
825
1116
1188
1204
1216
1319
1168
1448
1548
1711
1315
1144
1137
1092
837
578
403
244
167
107
137
200
291
511
725
997
1094
1059
1043
1022
1043
1092
1226
1007
893
763
504
434
254
148
76
58
62
175
504
966
1448
1425
1203
1302
1376
1375
1564
1493
1425
1987
2742
2548
2311
2192
1295
944
530
275
183
93
73
181
489
1104
1589
1613
1435
1525
1895
1742
1754
1658
1415
1920
2599
2722
2524
2540
1808
1060
636
356
176
100
94
165
521
1074
1575
1710
1433
1597
1879
1770
1952
1755
1427
1917
2785
2884
2660
2623
1805
1120
732
351
220
102
101
217
517
1137
1647
1644
1503
1687
1855
1828
2013
1752
1415
1822
2502
2653
2774
2808
2069
1427
911
523
262
132
116
196
545
1042
1466
1571
1404
1765
1939
1886
2032
1730
1265
1286
1325
1203
1756
1985
1701
1406
970
670
478
266
149
112
178
244
391
630
912
1119
1232
1359
1286
1333
1286
1584
1623
1635
1444
1248
1321
1212
938
701
489
274
192
137
154
260
398
533
844
1184
1201
1138
1111
1115
1119
1150
1328
1134
889
757
567
490
320
170
104
63
61
179
568
1278
1747
1677
1299
1509
1598
1646
1665
1688
1616
2152
2846
2899
2534
2465
2040
1167
689
348
200
105
103
189
553
1293
1957
1925
1654
1842
1841
1956
2063
1917
1510
1815
1782
2187
3059
2850
2297
1462
807
413
234
130
92
221
696
1527
1923
1882
1845
1961
2068
1980
2048
1780
1347
1931
2695
2912
3063
2835
2145
1389
826
424
260
157
114
223
532
1249
1708
1709
1629
1807
2097
2082
2104
1912
1457
1718
2237
2256
2821
2748
2350
1568
891
543
269
172
112
202
546
1182
1706
1773
1609
1983
2111
1967
2126
1751
1279
1310
1844
1958
2344
1868
1599
1342
1021
640
436
327
225
195
330
393
465
708
974
1256
1247
1429
1296
1274
1221
1570
1763
1744
1388
1183
1259
1228
914
652
449
280
185
134
156
191
369
605
882
1145
1255
1198
1262
1189
1053
1161
1383
1100
874
857
707
534
384
218
148
73
109
93
208
420
683
837
965
1177
1302
1381
1501
1499
1432
1643
1754
1791
1406
1266
911
531
361
194
112
59
66
164
591
1190
1776
1754
1571
1736
1894
1915
2055
1869
1567
1904
2729
2964
3054
2963
2037
1241
736
378
210
112
94
187
597
1369
1961
2110
1804
1962
2317
2138
2308
1921
1548
1817
2206
2538
2800
2841
2343
1473
854
433
238
127
86
202
598
1306
1970
2017
1729
2020
2141
2071
2115
1915
1410
1623
1934
2076
2481
2730
2535
1629
973
564
250
168
128
228
552
1255
1881
1816
1819
1924
2237
2048
2198
1887
1465
1239
1277
1110
1168
1637
1709
1514
987
664
475
205
182
119
194
297
544
816
1099
1260
1408
1420
1331
1320
1222
1326
1408
1479
1419
1339
1490
1357
1040
780
481
289
200
111
152
244
444
647
960
1186
1311
1225
1236
1168
1093
1217
1468
1234
1004
824
647
436
288
152
87
60
58
160
497
1165
1640
1867
1612
1552
1879
1754
1905
1836
1538
2119
2835
2779
2718
2418
1798
1112
688
364
231
103
89
156
486
1108
1763
1717
1546
1703
1908
1965
1988
1798
1447
1955
2004
2156
2853
2851
2332
1445
861
425
251
141
115
181
567
1253
1805
1721
1621
1672
1886
1914
1993
1679
1389
1775
2143
2229
2773
2737
2243
1561
823
529
265
151
120
202
711
1202
1744
1772
1615
1808
1973
1925
2114
1803
1352
1565
1800
1739
2545
2555
2674
1860
1008
566
296
160
151
203
578
1085
1683
1653
1590
1897
2115
1818
1916
1565
1216
1306
1504
1243
1548
1976
1871
1680
1216
801
508
282
200
120
185
279
439
671
948
1230
1326
1372
1471
1404
1290
1415
1909
1644
1599
1357
1426
1398
1061
684
480
257
173
91
148
209
331
535
776
1166
1225
1157
1111
1197
1148
1150
1150
816
630
579
653
712
467
194
86
56
79
155
500
1111
1781
1701
1342
1500
1749
1680
1711
1708
1619
2139
2816
2753
2523
2313
1734
1057
700
325
187
97
115
157
568
1257
1839
1713
1480
1717
1971
1942
2073
1808
1454
2029
2722
2699
2789
2968
2305
1334
753
410
225
130
104
189
558
1257
1799
1846
1546
1852
2026
1949
2056
1840
1596
1795
2209
2469
2866
2880
2426
1523
919
465
245
141
116
211
573
1355
1936
1915
1744
2007
2234
2123
2227
1727
1298
1265
1487
1688
2326
2542
2647
1870
1102
631
375
251
239
321
655
1206
1526
1474
1412
1751
1913
1895
1894
1412
969
977
1612
1489
1077
917
792
564
313
203
156
104
61
48
57
90
201
356
547
741
814
918
898
1057
1018
1239
1520
1574
1349
1149
1176
1027
898
698
409
272
217
124
200
239
433
652
825
1063
1274
1127
1036
993
1006
1173
1417
1233
938
896
727
521
288
182
101
83
73
170
637
1405
2011
1896
1627
1571
1633
1612
1712
1672
1485
1929
2503
2906
2590
2530
1880
1237
708
404
217
104
122
189
565
1229
1868
1869
1642
1771
1900
1802
2020
1755
1371
1745
2017
2193
2715
2917
2413
1543
945
473
250
134
95
194
587
1228
1932
1944
1668
1896
2119
1994
2073
1805
1338
1682
1944
2031
2434
2704
2480
1693
936
486
290
161
132
214
575
1157
1801
1845
1605
1884
2052
2019
2104
1624
1180
1249
1221
1223
1624
2202
2058
1390
868
467
258
145
137
197
488
990
1517
1620
1539
1857
1962
1863
1984
1648
1147
1435
1640
1619
2118
1896
1662
1448
1050
677
476
262
181
108
239
308
499
787
1028
1335
1508
1496
1392
1406
1274
1637
2038
1947
1650
1463
1357
1349
981
748
437
311
219
132
203
240
393
703
1119
1449
1423
1432
1340
1388
1243
1453
1656
1465
1182
1015
810
634
423
225
120
105
99
105
272
421
717
999
1202
1391
1457
1381
1492
1610
1400
1778
2066
1835
1550
1316
1064
784
428
216
143
66
84
155
438
984
1513
1508
1393
1495
1899
2079
2035
1740
1435
1669
2337
2823
2725
2595
1911
1278
741
404
217
128
103
167
548
1094
1598
1730
1709
1851
1970
2080
2088
1886
1476
2017
2504
2712
2894
2994
2292
1517
879
510
277
136
121
196
540
1149
1765
1817
1637
1888
2071
1951
2052
1885
1327
1705
1894
1938
2532
2589
2432
1679
1030
573
289
192
141
225
497
1056
1579
1718
1556
1876
2016
1993
2101
1717
1265
1604
1886
1749
2320
2041
1785
1573
1142
652
469
274
192
149
220
288
454
850
1176
1502
1584
1551
1710
1575
1292
1462
1815
1744
1560
1367
1349
1231
1062
793
538
412
256
150
189
249
469
691
901
1249
1259
1188
1239
1255
1158
1329
1517
1265
983
927
689
456
458
200
107
64
73
191
528
1105
1622
1656
1363
1515
1720
1551
1841
1596
1579
2147
2832
2903
2618
2544
1794
1166
727
399
229
131
89
173
523
1158
1741
1716
1609
1734
2000
1923
2116
1836
1475
1932
2535
2644
2788
2911
2514
1482
917
526
241
141
112
272
851
1822
2415
2107
1808
1890
2013
1890
1973
1840
1357
1833
2646
2774
3084
2774
2238
1519
922
513
291
158
126
240
566
1272
1799
1682
1648
1855
2090
1962
2185
1657
1245
1619
1799
1927
2228
2432
2497
1768
1137
619
301
206
154
258
580
1076
1580
1663
1607
1868
2026
1910
2142
1626
1189
1344
1668
1455
1801
1895
1858
1492
1226
763
474
287
195
128
214
272
529
834
1026
1369
1472
1548
1484
1389
1280
1555
1752
1462
1671
1446
1509
1398
1102
784
504
337
229
123
168
279
485
792
1157
1357
1476
1341
1377
1283
1123
1293
1523
1472
1165
1081
720
498
369
196
115
82
77
193
557
1055
1629
1721
1510
1603
1725
1629
1727
1692
1601
2271
2723
2826
2979
2647
2032
1218
757
383
218
113
112
169
505
1215
1762
1925
1650
1769
1959
1948
2035
1763
1436
1992
2354
2869
2937
2751
2314
1378
898
436
244
142
101
191
567
1344
1898
1921
1745
1984
2086
1972
2249
1868
1462
2026
2468
2984
2989
2822
2260
1502
926
460
251
145
118
202
550
1221
1852
1722
1678
1867
2091
2122
2146
1878
1354
1590
1806
1654
1971
2509
2629
1834
1099
550
313
174
133
232
610
1343
1734
1842
1784
1923
1914
1875
2005
1781
1319
1656
1942
1965
2401
1870
1508
1326
1066
669
407
251
202
153
250
340
526
894
1127
1436
1446
1490
1378
1398
1130
1387
1661
1298
1596
1571
1442
1432
1074
773
574
352
197
219
245
399
615
894
1267
1458
1402
1277
1254
1107
1317
1512
1430
1188
1102
773
596
354
212
123
75
68
177
524
1003
1520
1765
1383
1536
1716
1679
1785
1657
1480
2061
2884
2930
2724
2460
1849
1261
802
459
255
106
79
191
681
1496
1928
2013
1906
1995
2026
1989
1930
1718
1197
1505
2256
2849
2938
2788
2223
1421
897
542
299
170
107
166
531
1176
2279
2112
1725
1976
2033
1882
1969
1687
1270
1665
2004
2135
2462
2884
2449
1690
1101
540
310
202
131
217
569
1236
1920
1912
1825
2096
2149
1940
1942
1704
1217
1337
1570
1532
1868
2301
2567
1907
1183
716
396
239
179
245
561
1239
1780
1865
1656
1926
1910
1761
1748
1526
1145
1261
1528
1408
1748
1982
1805
1700
1230
711
466
282
188
151
252
345
556
885
989
1235
1391
1376
1403
1276
1077
1359
1666
1490
1716
1584
1496
1634
1162
764
448
311
275
162
398
285
512
805
1052
1383
1469
1368
1415
1326
1180
1404
1606
1405
1309
1060
815
623
349
214
113
75
81
187
536
1056
1631
1619
1442
1573
1827
1757
1802
1730
1719
2209
2632
2461
1988
1755
1885
1399
824
424
236
99
99
191
557
1162
1779
1815
1726
2164
2070
1732
1939
1757
1503
2244
2890
2934
2831
2732
2271
1431
834
414
280
147
112
225
595
1235
1776
1934
1643
1817
1965
1949
2081
1798
1374
1715
2687
2639
2913
2726
2261
1545
949
529
270
143
139
209
626
1232
1801
1908
1711
1969
2036
2058
1881
1608
1065
1210
1809
1849
2287
2490
2519
1830
1028
604
336
193
145
222
561
1014
1600
1634
1497
1822
2028
1805
2013
1757
1265
1734
2571
2175
2033
1905
1808
1711
1214
735
468
292
214
116
203
312
481
762
1067
1318
1384
1447
1351
1413
1233
1514
1944
1725
1648
1363
1432
1332
1048
727
465
313
205
121
150
201
380
654
1054
1279
1306
1290
1302
1211
1189
1391
1558
1314
1150
1029
796
574
312
190
126
49
80
194
520
970
1374
1403
1405
1712
1725
1752
1998
1933
1644
2112
2952
2804
2295
1965
1701
1266
735
410
205
102
97
185
424
923
1452
1536
1461
1635
1780
1752
1819
1874
1559
2143
2789
2618
2485
2352
2034
1439
853
482
246
148
121
180
540
1041
1638
1664
1592
1769
1925
1846
2010
1802
1446
2123
2918
2702
2832
2694
2386
1705
1012
537
328
168
140
196
486
1011
1579
1831
1653
1919
2010
2078
2079
1687
1208
1297
1508
1586
2373
2489
2205
1637
1164
624
350
232
154
208
318
534
983
1304
1401
1630
1732
1672
1797
1631
1293
1762
2261
2025
1736
1522
1447
1345
891
645
470
210
185
114
180
223
382
710
1147
1327
1334
1304
1270
1336
1214
1513
1610
1680
1453
1272
1260
1129
778
584
393
230
211
109
132
214
359
656
964
1104
1268
1149
1223
1218
1148
1364
1604
1625
1738
1627
869
510
285
147
84
47
72
186
491
875
1483
1447
1327
1435
1545
1533
1506
1570
1488
1790
2885
2707
2522
2213
1597
1032
653
410
181
83
81
207
532
1003
1583
1772
1686
1797
1983
1876
1964
1862
1513
2059
2913
2991
2998
2799
2024
1258
840
419
231
129
93
193
575
1158
1739
1828
1771
1921
2030
1931
2009
1737
1184
1373
1803
2189
2639
2785
2650
1592
976
461
269
134
125
238
570
1219
1806
1923
1717
1931
2051
2050
2016
1668
1272
1532
1742
1796
2225
2772
2602
1735
966
560
283
161
142
227
531
1026
1600
1712
1694
1886
1933
1824
1694
1492
1112
1368
1646
1535
1823
1772
1851
1776
1116
811
502
270
206
124
272
359
566
915
1143
1418
1468
1323
1278
1242
908
1230
1325
1153
1083
1247
1432
1414
1267
913
528
319
215
130
213
284
416
692
1059
1247
1275
1181
1157
1146
881
1055
1255
1200
1026
924
605
664
463
184
103
87
90
167
528
1026
1467
1472
1283
1488
1643
1584
1738
1658
1382
1940
2732
2802
2634
2322
1558
1063
766
360
210
106
88
190
548
1125
1579
1674
1563
1720
1835
1805
1904
1766
1209
1650
2010
2676
2698
2570
2058
1380
824
476
245
122
137
184
574
1162
1738
1718
1521
1791
1966
1893
1968
1764
1344
1637
2102
1434
1972
2746
2557
1620
840
452
255
162
141
230
572
1261
1809
1826
1678
1846
2127
1955
2053
1713
1245
1452
1863
1826
2385
2633
2553
1674
1037
546
298
179
175
243
597
1331
2012
2218
2081
1870
1911
1735
1783
1490
1095
1503
1766
1916
2305
2033
1716
1419
1034
724
470
261
145
113
237
362
538
790
1169
1342
1578
1612
1388
1474
1140
1435
1822
1549
1541
1458
1421
1393
1315
790
514
271
222
151
237
452
482
845
1133
1349
1338
1268
1290
1205
1062
1193
1469
1397
1146
1088
792
673
419
277
172
122
103
171
517
1056
1527
1602
1530
1659
1770
1666
1775
1729
1425
1875
2577
2947
2732
2384
1749
1160
737
376
217
124
96
175
544
1084
1584
1632
1544
1658
1872
1727
1891
1711
1332
1822
2518
2784
2759
2549
2029
1327
812
445
239
121
113
211
675
1131
1763
1828
1626
1860
1857
1846
2040
1678
1279
1604
1930
2493
2633
2641
2421
1541
914
530
253
129
116
221
504
1158
1747
1780
1710
1878
2089
1898
1943
1616
1160
1260
1544
1742
2303
2556
2514
1753
1014
547
288
186
150
230
526
1088
1516
1549
1543
1820
2016
1714
1860
1594
1168
1436
1918
2037
2189
1946
1881
1560
1214
777
443
276
207
133
209
274
565
877
1119
1373
1383
1468
1403
1287
1199
1416
1778
1746
1577
1460
1418
1459
1212
853
529
333
219
148
208
306
501
745
1093
1301
1389
1279
1300
1205
1049
1154
1417
1391
1166
1068
745
570
342
216
105
59
72
167
496
1115
1618
1588
1408
1600
1745
1716
2014
1683
1417
2260
2945
2886
2755
2616
1773
1114
680
382
221
129
64
200
538
1251
1755
1781
1672
1845
1973
1906
2073
1688
1394
1961
2683
2783
2710
2684
2151
1444
823
484
226
126
125
200
537
1227
1660
1760
1548
1784
1922
1773
1963
1677
1277
1600
2009
2417
2592
2846
2388
1559
854
499
272
136
136
239
557
1160
1731
1904
1535
1900
1984
1754
1941
1618
1046
1382
1709
1803
2023
2210
2322
1912
1167
717
350
198
160
269
584
1104
1493
1681
1534
1789
1831
1650
1824
1428
990
1290
1800
2049
1967
1914
1738
1552
1119
781
506
268
185
123
211
339
492
811
1079
1346
1361
1413
1304
1268
1067
1345
1599
1646
1557
1400
1391
1333
1120
699
443
302
285
182
185
307
461
687
981
1225
1306
1156
1266
1164
1139
1271
1562
1406
1152
1065
727
600
322
176
96
67
73
169
527
1074
1779
1832
1559
1665
1856
1785
1841
1536
1385
2012
2775
2884
2704
2564
1786
1092
598
358
187
107
99
179
495
1067
1685
1713
1571
1718
1840
1734
1878
1654
1237
1649
2292
2835
2716
2801
2190
1305
