521
359
372
498
480
331
257
243
245
323
426
711
864
905
869
869
808
948
1145
930
910
1259
1088
715
623
325
181
119
155
165
407
510
620
901
887
959
1116
1146
1089
1189
1159
1250
1610
1543
1348
1334
1774
1026
632
377
191
138
129
148
344
494
691
931
1036
1143
1268
1232
1231
1229
1064
1218
1633
1735
1622
1701
1932
1124
766
468
261
125
181
143
359
479
682
935
940
1163
1199
1192
1333
1250
1021
1164
1480
1681
1443
1388
1747
1197
1050
737
472
316
229
122
165
173
277
559
638
800
820
924
893
997
1019
1155
1242
1242
1015
1094
1543
1270
1030
789
483
333
268
169
144
216
381
485
678
789
852
742
812
889
811
1059
1020
943
835
767
633
477
371
237
134
106
82
142
374
553
871
915
880
960
1020
1006
1108
1082
989
1180
1623
1656
1434
1175
1139
754
470
288
162
121
107
111
396
627
930
965
964
1118
1213
1218
1289
1203
930
1175
1596
1679
1545
1751
1397
897
558
304
187
125
102
130
317
585
951
943
872
1111
1226
1249
1323
1189
1014
1160
1579
1700
1571
1550
1700
1043
623
346
199
139
150
151
331
655
1026
1034
1006
1162
1241
1243
1413
1276
930
1076
1458
1649
1539
1572
1858
1280
863
512
302
206
169
153
366
630
849
1020
954
1099
1286
1296
1320
1266
867
839
897
1217
1314
1323
1496
1252
1048
757
505
369
226
144
149
200
348
404
613
749
784
832
838
1000
1052
1148
1182
1203
1024
1004
1530
1317
1141
884
652
460
351
135
160
251
349
462
627
797
862
885
893
1016
1011
1172
1069
1007
966
1007
695
553
403
262
148
109
113
131
461
946
1182
1087
936
1030
1143
1164
1184
1184
1053
1283
1705
1915
1730
1697
1919
1113
672
384
202
158
119
138
417
813
1316
1380
1234
1296
1288
1401
1581
1309
1008
971
1354
1272
1772
1872
1639
1335
858
435
192
165
178
201
502
941
1242
1293
1378
1411
1461
1370
1436
1257
978
1122
1516
1803
1694
1898
1853
1306
766
380
234
145
137
176
386
791
1029
1160
1095
1295
1363
1335
1488
1294
1006
954
1322
1408
1686
1661
1571
1420
945
499
285
191
169
183
383
680
964
1081
1150
1348
1468
1401
1452
1261
885
790
1160
1460
1471
1429
1725
1410
1120
848
515
338
317
164
170
241
350
579
694
871
924
950
994
991
1014
1109
1288
1315
1051
1114
1556
1376
1124
790
628
475
350
176
161
205
330
569
721
816
919
953
973
1043
923
1212
1198
981
833
1016
873
682
516
345
230
155
133
125
212
337
472
669
730
827
1025
1061
1100
1067
1057
1174
1314
1198
1074
913
920
614
439
262
142
92
118
137
393
651
983
1050
1131
1174
1377
1284
1502
1365
1169
1182
1553
1844
1863
1957
1607
1164
625
353
219
129
134
170
531
966
1198
1265
1281
1430
1512
1503
1635
1370
1143
1067
1386
1728
1782
1550
1675
1213
720
407
213
128
117
165
411
820
1144
1259
1121
1347
1489
1363
1578
1373
1083
1076
1259
1471
1643
1442
1426
1526
889
525
314
199
192
198
487
857
1063
1189
1178
1346
1468
1350
1495
1282
1010
831
846
1132
1002
1056
1255
1200
1118
765
587
442
339
157
171
268
447
626
795
958
1002
984
1003
1071
1059
1031
1246
1454
1156
1153
1454
1314
1339
1226
785
648
426
163
193
303
476
565
756
900
1024
949
938
1036
936
890
1044
1081
839
938
717
529
356
236
149
97
92
158
400
598
943
1152
1045
1047
1321
1221
1433
1240
995
1163
1672
1628
1511
1387
1309
867
509
315
201
129
109
131
419
733
998
1203
1044
1177
1285
1293
1360
1257
1000
1039
1396
1463
1648
1757
1290
1103
805
436
252
154
142
152
409
731
1106
1212
1170
1147
1382
1314
1384
1219
964
891
1215
1467
1668
1544
1586
1268
875
520
276
223
152
180
450
758
1028
1210
1065
1265
1399
1394
1385
1273
997
892
1175
1420
1359
1116
1038
1275
997
585
335
278
192
185
510
625
885
1218
1191
1415
1503
1370
1418
1236
899
884
1063
1383
1218
1262
1045
1122
1192
920
699
478
354
136
184
264
338
507
681
857
996
1004
1027
1050
1040
963
1310
1436
1158
1129
1194
1011
1019
918
713
515
354
139
165
224
292
417
691
859
859
819
887
952
875
822
888
761
604
773
579
502
426
220
153
120
98
150
378
655
997
1038
908
1091
1183
1219
1306
1222
1115
1254
1712
1681
1536
1394
1268
761
508
292
183
111
92
120
449
746
1062
1119
1161
1264
1431
1456
1499
1332
1058
1196
1542
1695
1723
1746
1500
1070
656
356
220
130
133
152
445
732
1024
1137
1126
1223
1450
1398
1471
1328
1063
1075
1471
1541
1657
1421
1750
1183
766
468
236
169
130
178
482
762
1176
1235
1190
1417
1650
1581
1554
1306
872
907
1279
1198
1192
1041
973
1371
980
580
399
237
274
291
503
657
882
991
1098
1255
1408
1255
1361
1052
691
623
1000
1148
856
731
768
377
262
195
201
135
89
54
74
109
181
327
516
636
726
777
791
800
998
1092
1229
1399
1105
1118
1341
1182
1041
833
657
489
353
146
205
264
411
591
781
848
912
878
955
995
890
1049
1215
1168
823
954
918
645
495
306
159
103
93
169
407
795
1227
1330
1258
1182
1157
1257
1242
1189
1013
1117
1347
1711
1667
1502
1548
952
627
430
255
146
146
181
461
748
1218
1267
1263
1316
1416
1306
1483
1329
958
957
1358
1465
1643
1605
1681
1419
856
468
289
162
130
193
479
831
1265
1310
1198
1363
1484
1409
1536
1237
920
916
1154
1397
1529
1425
1536
1392
848
506
288
202
156
182
447
741
1075
1203
1143
1305
1371
1338
1457
1231
798
766
948
1124
971
1056
1261
1198
1079
662
417
260
165
185
426
613
807
992
1033
1238
1417
1247
1408
1172
762
743
1032
1303
1411
1291
1413
1346
1200
955
674
480
366
194
240
243
310
481
698
984
1034
1069
1014
1044
1048
1082
1410
1591
1253
1303
1506
1442
1304
967
746
526
393
195
169
212
304
535
847
1088
1184
1175
1162
1232
1149
1160
1517
1402
1255
1593
1156
928
640
386
299
165
137
157
244
300
479
727
911
1067
1078
1038
1136
1129
1025
1258
1462
1287
1141
1028
1072
690
491
307
194
109
115
164
403
600
801
1031
984
1105
1424
1574
1567
1291
1063
1137
1475
1762
1676
1711
1490
945
649
370
237
144
136
216
393
671
921
1155
1162
1331
1496
1445
1552
1391
1141
1056
1388
1644
1795
1604
1886
1170
701
415
267
141
131
195
350
737
1006
1182
1219
1342
1536
1495
1620
1417
1010
990
1353
1590
1622
1299
1220
1408
974
561
392
265
201
212
453
668
865
1061
1297
1395
1419
1389
1407
1214
859
915
1102
1411
1441
1356
1548
1342
1183
985
734
495
413
187
183
215
310
560
904
1035
1096
1152
1269
1159
955
1006
1298
1451
1052
1090
1458
1234
1151
928
741
500
409
186
169
249
504
625
853
916
820
870
844
907
855
881
1092
1019
710
747
654
480
447
272
136
115
101
167
376
627
970
1152
1072
1121
1190
1269
1307
1180
1003
1260
1513
1791
1657
1496
1304
785
597
358
203
152
114
150
413
644
1136
1194
1164
1210
1366
1366
1438
1293
998
1087
1373
1638
1713
1467
1436
1232
833
488
258
131
115
228
481
987
1374
1415
1308
1388
1381
1388
1444
1285
1018
1147
1365
1694
1754
1686
1773
1228
724
502
236
161
149
199
460
796
1121
1272
1152
1327
1406
1474
1451
1293
842
885
1169
1361
1519
1185
1107
1436
932
635
351
239
196
210
423
658
925
1057
1113
1260
1358
1335
1343
1218
823
845
1133
1301
1419
1401
1396
1206
1218
970
688
450
371
184
197
257
339
567
727
903
1009
1169
1140
1082
941
1038
1294
1423
1205
1293
1443
1184
1154
1040
778
591
452
176
157
222
333
617
790
972
1055
1043
1089
1002
875
886
1064
1131
902
935
1014
778
525
296
175
113
110
154
411
588
875
1104
1001
1032
1222
1190
1322
1240
1118
1326
1608
1840
1682
1649
1771
989
638
372
224
135
116
150
413
640
982
1216
1099
1188
1426
1352
1451
1294
1041
1075
1413
1615
1697
1598
1747
1243
777
424
250
135
144
219
431
754
1057
1129
1122
1436
1500
1359
1482
1303
1022
1141
1374
1716
1797
1643
1944
1082
837
462
218
133
123
180
413
731
1046
1157
1148
1372
1478
1513
1491
1420
918
983
1227
1438
1499
1128
1277
1589
1037
576
350
170
190
202
513
729
1018
1208
1206
1349
1369
1266
1309
1190
923
1005
1377
1481
1360
1362
1495
1320
1176
1004
656
527
385
198
214
271
348
582
784
906
981
1021
952
921
863
893
1132
1281
1088
1126
1211
1043
1066
1060
901
605
352
186
210
333
476
664
833
879
897
923
889
716
856
1083
1077
918
885
764
662
442
345
194
119
122
171
373
577
825
1084
1017
1114
1231
1231
1240
1219
1033
1217
1560
1709
1606
1447
1636
1122
702
469
263
133
132
176
441
898
1163
1416
1425
1570
1488
1481
1600
1308
930
999
1485
1781
1784
1822
1899
1306
780
452
281
145
144
193
403
794
1140
1340
1236
1369
1471
1366
1411
1303
922
1014
1334
1599
1658
1325
1611
1536
1081
611
337
187
188
221
431
841
1251
1344
1354
1526
1584
1485
1491
1247
879
854
1160
1469
1265
1128
1006
1613
1418
907
490
372
252
243
436
852
1182
1336
1275
1364
1426
1219
1198
1065
799
777
998
1384
1363
1280
1354
1259
1291
969
778
552
440
190
204
301
610
795
771
954
1061
1135
1075
1002
790
984
1363
1490
1339
1257
1389
1318
1269
1140
831
589
442
251
327
287
400
571
712
944
1026
1014
1001
913
833
1080
1160
1062
908
869
896
705
570
344
226
160
165
198
483
614
853
1042
1082
1174
1306
1263
1307
1298
1133
1264
1449
1636
1122
1018
963
1230
742
396
205
123
108
172
427
679
965
1246
1301
1644
1514
1256
1360
1381
1087
1387
1810
1786
1767
1779
1937
1294
804
468
241
127
161
172
417
763
1044
1244
1265
1359
1385
1435
1503
1319
1013
1064
1378
1626
1664
1557
1790
1535
1003
549
259
197
163
178
466
724
1118
1239
1203
1280
1436
1431
1327
1173
801
789
1036
1399
1354
1122
1224
1467
1151
688
387
306
198
217
427
644
871
1091
1159
1339
1428
1395
1311
1226
901
927
1262
1611
1443
1296
1497
1450
1248
980
704
474
353
179
183
292
287
567
787
934
920
1039
1010
1105
984
1046
1297
1455
1141
1158
1416
1323
1288
1074
902
582
434
184
181
251
314
514
761
879
939
891
922
924
870
1080
1174
1041
963
875
851
668
507
298
146
145
109
168
414
542
668
923
992
1226
1280
1251
1514
1356
1220
1243
1596
1678
1461
1130
1264
784
580
372
270
150
134
172
348
610
754
1045
1068
1118
1214
1246
1236
1329
1076
1222
1864
1931
1894
1708
1787
1321
824
454
244
127
150
195
438
644
955
1081
1135
1243
1367
1313
1448
1324
1122
1191
1488
1854
1827
1623
1667
1492
1025
541
315
200
163
217
431
703
964
1258
1247
1271
1468
1460
1374
1187
829
818
1064
1437
1495
1407
1511
1462
1328
707
461
323
230
191
281
428
654
927
1032
1134
1267
1195
1219
1179
866
1003
1354
1568
1377
1346
1598
1524
1214
909
669
499
364
179
182
201
331
571
831
952
970
993
1066
1078
985
951
1172
1270
1129
1115
1671
1522
1256
1024
765
587
599
198
146
229
319
470
732
795
890
908
937
814
824
985
1141
1061
1048
1010
913
491
499
252
130
116
84
171
345
510
671
976
925
1090
1098
1047
1157
1166
1057
1107
1651
1699
1541
1552
1675
1098
794
396
215
139
108
160
374
579
845
1076
1109
1339
1335
1376
1449
1343
1092
1194
1657
1924
1777
1626
2010
1232
814
420
242
165
136
158
411
707
910
1182
1176
1394
1432
1371
1491
1267
910
834
1162
1472
1680
1347
1596
1481
939
518
278
140
139
180
431
778
989
1153
1318
1288
1374
1346
1476
1261
881
835
1240
1396
1327
1091
1168
1584
1314
634
424
248
231
220
417
662
858
1020
1128
1312
1343
1104
1223
1095
785
790
1054
1298
1186
1110
1009
1136
1248
992
704
449
381
144
200
321
411
636
828
927
890
945
772
783
553
598
738
901
792
916
1252
1168
819
1137
829
673
492
225
183
231
312
528
749
897
908
887
1009
882
683
704
868
912
842
716
735
851
562
334
174
139
119
149
393
584
707
878
977
950
1168
1141
1138
1164
929
1104
1643
1668
1630
1394
1436
939
696
355
205
134
121
168
404
677
890
1016
1028
1264
1325
1232
1360
1165
917
987
1400
1675
1663
1613
1744
1256
777
423
259
160
144
168
428
668
919
1092
1139
1275
1407
1268
1375
1199
858
883
1192
1419
1215
1440
1378
1420
867
413
231
154
143
181
442
774
999
1122
1130
1268
1442
1387
1419
1250
833
829
1236
1437
1531
1226
1358
1686
1199
656
451
398
250
236
456
794
1089
1362
1432
1454
1360
1225
1339
1057
839
817
1154
1454
1528
1435
1563
1385
1286
860
625
505
355
166
196
308
385
632
850
981
1019
1099
1031
1188
893
939
1236
1325
1209
1233
1363
1252
1020
1107
852
607
471
226
222
331
492
724
940
962
999
986
1054
1044
797
931
1062
1164
972
931
936
798
492
305
222
138
140
142
395
615
912
1217
1129
1226
1290
1233
1290
1222
892
991
1280
1638
1659
1585
1589
1118
695
385
222
149
154
180
439
712
965
1120
1196
1193
1272
1293
1409
1154
877
919
1341
1491
1712
1925
1679
1278
737
458
228
148
140
160
454
794
994
1142
1139
1288
1305
1277
1451
1164
816
814
1234
1441
1664
1506
1456
1503
866
472
276
167
174
177
389
752
1025
1242
1151
1334
1357
1291
1380
1203
833
815
1152
1323
1551
1157
892
1542
1155
682
437
305
206
219
405
656
844
1069
1124
1199
1258
1149
1157
987
754
760
1078
1332
1311
1267
1352
1161
1189
942
700
496
338
156
183
243
356
634
869
946
936
945
1016
1027
825
893
1141
1298
1149
1282
1341
1232
1071
1063
787
578
464
210
186
265
384
575
802
928
946
920
935
859
823
755
1033
994
924
824
822
624
398
252
144
112
118
159
387
594
831
955
911
1162
1273
1187
1316
1186
1045
1275
1633
1748
1675
1551
1504
982
633
356
186
117
105
131
362
774
980
1253
1224
1381
1421
1333
1451
1194
977
1122
1621
1757
1681
1426
1593
1242
744
438
239
153
134
189
427
700
1019
1273
1232
1288
1374
1214
1285
1177
905
853
1186
1472
1581
1332
1697
1234
801
435
281
182
180
210
496
766
1016
1203
1162
1357
1373
1300
1429
1165
728
722
1158
1353
1241
1093
1006
1364
1113
686
497
335
226
209
399
640
867
1059
1070
1249
1279
1091
1147
1010
698
772
1137
1334
1390
1314
1276
1143
1120
935
756
529
363
201
194
183
365
583
792
888
911
968
920
970
762
846
1083
1126
1108
1179
1280
1050
1098
972
760
548
423
207
220
276
353
603
740
884
882
839
954
821
753
791
1040
1055
901
853
785
627
419
304
215
109
101
173
411
541
857
1020
980
1205
1271
1372
1383
1163
984
1163
1484
1649
1681
1542
1443
898
633
421
263
141
114
157
381
631
891
1006
1000
1167
1271
1147
1297
1125
875
911
1388
1580
1642
1420
1665
1199
