792
1098
1041
812
393
161
91
113
106
153
243
327
441
463
415
384
354
360
368
384
314
295
235
153
107
77
45
24
52
91
221
444
686
655
475
440
439
468
390
382
338
456
554
588
520
495
373
278
147
86
65
33
36
91
228
476
811
718
562
477
469
468
430
425
387
485
720
750
650
696
553
377
253
166
116
49
41
64
238
473
730
712
512
454
485
454
457
400
321
591
834
799
772
721
726
626
596
497
326
233
135
90
73
145
230
385
465
527
543
517
471
446
441
541
641
676
623
571
621
648
583
538
446
303
165
71
71
84
188
228
420
452
499
538
484
428
413
428
425
466
351
342
261
179
98
56
51
36
57
89
272
579
870
685
481
424
431
419
427
400
386
483
624
689
652
538
480
291
176
98
52
41
30
83
250
643
912
683
565
429
505
435
464
439
349
537
749
757
673
697
502
296
197
121
80
72
56
71
253
634
935
744
530
443
506
467
472
407
342
530
761
776
749
748
618
419
278
180
92
63
39
94
257
609
898
786
553
475
544
482
493
421
349
550
830
817
970
916
779
558
319
227
122
89
81
85
267
642
898
782
521
530
564
480
514
489
321
424
687
810
853
870
815
767
682
563
405
269
179
91
80
164
265
395
500
552
543
579
558
468
468
527
685
763
678
705
660
776
767
605
492
325
203
82
73
89
186
284
417
521
548
531
496
440
393
427
456
414
410
289
259
201
114
77
48
32
36
96
268
643
885
752
500
419
454
435
473
400
384
463
644
716
654
672
578
311
174
106
73
49
46
97
288
675
972
770
537
500
541
468
493
411
362
609
950
955
826
760
625
422
278
173
93
53
50
96
324
726
1043
864
608
555
549
493
503
394
357
615
781
793
932
773
627
453
249
153
121
64
77
114
271
678
968
830
561
514
512
526
484
417
375
552
834
877
946
919
789
603
367
281
170
96
73
118
273
671
950
838
567
532
583
503
498
482
389
559
842
919
903
857
912
866
630
523
444
291
203
70
97
169
252
406
470
553
541
542
485
457
405
470
645
764
682
579
694
727
592
540
453
288
182
72
85
112
176
244
405
454
494
505
505
464
389
418
578
467
499
409
450
355
278
193
125
82
60
56
108
195
379
482
436
503
488
500
537
451
410
476
534
544
488
394
318
168
108
75
57
30
43
80
283
717
1019
788
533
516
560
491
502
468
405
594
781
870
804
664
512
314
179
107
55
55
50
108
312
777
1092
839
626
626
602
505
528
464
340
607
823
837
989
859
701
395
258
143
103
58
60
97
284
756
1121
867
589
560
552
504
469
484
405
656
861
1011
1073
988
889
700
350
217
122
84
53
97
277
782
1061
898
621
604
556
556
541
464
419
659
771
777
821
792
795
787
594
476
308
211
156
79
112
172
332
440
571
620
685
623
518
517
387
460
693
754
769
693
774
829
718
615
597
385
188
96
67
150
220
331
461
543
601
521
537
484
362
437
479
440
413
383
298
179
126
61
56
46
53
99
286
698
902
822
516
450
494
463
495
517
398
507
714
754
681
526
486
265
144
118
61
46
39
81
265
695
940
736
522
507
480
478
479
453
371
552
899
905
798
756
560
381
204
125
94
35
39
94
273
697
953
721
551
556
498
448
487
393
328
593
757
886
730
710
610
436
258
168
105
95
54
111
300
733
951
754
571
509
553
451
463
412
399
627
833
953
1011
817
833
650
444
252
158
102
58
94
293
707
930
822
631
540
517
552
535
472
408
619
860
882
876
861
897
868
673
519
449
296
182
94
90
168
319
435
586
572
661
604
546
556
433
572
699
853
755
660
783
881
703
553
446
333
137
64
70
107
202
313
432
510
541
538
513
493
493
745
710
384
460
482
561
611
229
89
65
50
57
106
302
665
974
760
499
529
501
449
455
440
399
497
736
788
681
564
495
241
148
88
58
37
44
109
290
743
1004
767
549
492
523
484
525
418
398
575
820
877
842
696
556
389
220
138
75
59
57
108
301
683
931
777
562
579
513
500
486
418
407
609
839
918
830
854
711
452
271
182
126
64
69
107
295
762
1029
798
655
521
551
530
589
470
383
587
826
931
893
907
861
621
401
296
179
112
81
109
274
727
908
759
586
556
536
490
540
369
256
317
495
521
412
404
383
311
228
180
124
83
63
28
45
70
128
191
304
387
389
417
476
436
388
475
653
764
680
679
720
722
667
622
482
334
164
83
96
111
225
326
466
556
564
551
508
446
411
439
532
488
378
323
308
224
113
81
48
38
44
115
325
682
857
807
591
469
499
418
448
393
369
492
751
719
680
655
486
313
147
105
75
48
49
102
306
676
873
826
563
563
516
446
496
420
386
606
853
859
759
794
669
440
267
162
90
45
47
98
301
694
935
775
564
518
553
513
506
498
414
575
876
911
796
769
785
563
280
156
138
72
46
107
286
708
944
830
586
510
565
519
522
441
376
638
880
826
866
816
810
583
394
285
186
115
76
95
284
616
870
767
586
519
546
527
493
428
352
560
845
860
817
856
767
791
722
526
445
293
159
79
108
167
273
426
485
511
552
517
493
492
435
533
729
786
692
664
785
772
646
633
503
322
182
79
88
101
166
287
429
471
500
527
501
468
427
487
591
512
516
485
426
335
252
193
125
88
77
48
107
192
380
429
450
526
475
500
461
467
383
512
600
531
457
388
336
184
121
61
49
23
46
95
282
497
800
783
551
474
542
563
527
446
339
525
820
695
649
670
499
328
211
115
75
58
43
88
286
611
912
779
599
517
578
530
549
465
402
569
920
832
865
835
662
422
258
158
101
47
51
121
314
690
937
827
598
524
566
518
540
459
408
588
931
950
891
972
863
690
403
292
169
90
76
99
269
637
910
791
609
543
517
507
488
448
396
606
888
935
840
855
866
795
662
583
380
276
181
91
106
156
284
454
565
623
564
625
549
528
412
498
709
777
679
724
722
809
742
650
576
388
165
107
84
120
210
315
477
501
569
569
463
443
373
451
548
448
349
343
311
194
306
99
57
23
30
114
284
657
822
761
524
450
430
453
419
424
328
529
782
720
622
524
432
253
150
95
67
37
30
93
253
636
945
782
535
501
467
474
491
449
369
603
861
825
801
834
713
430
220
131
85
66
56
106
377
844
1037
948
613
561
478
452
506
410
340
581
812
750
708
721
648
358
279
167
123
53
63
104
281
696
1006
836
547
524
516
511
574
380
355
616
903
842
939
883
824
564
418
266
176
122
89
110
272
632
946
773
581
513
532
463
532
437
383
699
784
886
854
864
867
841
688
580
428
274
174
83
108
172
333
475
538
586
634
620
520
499
468
637
779
776
776
736
723
715
693
641
575
364
217
72
87
128
226
299
455
525
624
575
533
461
399
472
570
476
462
379
323
219
113
78
52
30
44
111
295
679
835
733
516
515
474
443
495
480
404
622
789
749
697
591
473
308
166
96
80
47
46
98
294
689
947
790
537
564
536
527
521
451
397
720
877
830
867
813
605
421
227
142
75
67
47
79
306
680
982
816
645
624
586
587
535
470
374
660
776
853
765
805
616
439
235
198
93
50
35
93
276
705
1047
860
629
601
601
485
581
484
437
721
845
891
890
854
816
647
408
302
205
105
80
99
292
772
995
880
609
542
538
484
530
479
411
687
828
913
951
900
790
750
639
530
345
256
175
99
129
177
332
471
549
622
644
586
496
514
376
600
728
790
700
683
733
710
646
601
556
334
140
107
142
170
302
439
530
537
551
524
479
359
460
533
464
475
431
279
240
127
62
50
38
51
105
253
637
894
787
546
445
456
445
488
437
367
572
806
743
641
569
456
294
173
124
74
59
40
114
294
774
1014
933
668
550
600
576
572
466
330
563
811
710
711
717
598
388
219
117
89
59
65
94
291
681
975
891
587
561
543
548
507
478
364
627
843
899
848
812
790
522
390
221
144
85
69
106
255
700
1033
923
677
577
570
562
511
461
353
665
864
888
907
965
939
648
446
299
197
126
82
118
271
666
976
829
586
567
539
546
598
449
379
701
870
847
876
893
893
828
716
616
442
283
193
96
98
211
317
457
523
672
664
656
744
747
618
924
966
836
883
973
962
983
836
721
490
355
177
95
177
128
191
344
435
575
636
608
534
519
474
484
596
580
519
454
375
250
155
96
60
67
64
115
274
581
890
785
517
485
485
486
478
384
408
692
844
763
730
698
475
295
185
110
78
47
43
83
256
603
980
865
606
542
542
462
489
403
382
582
740
804
776
715
574
365
267
141
82
69
54
103
263
588
886
778
560
485
490
431
513
403
367
628
773
816
798
786
718
508
257
198
120
88
68
100
266
589
986
863
618
502
572
523
554
410
347
546
755
806
882
951
869
659
442
243
159
126
88
88
244
554
808
728
523
533
540
523
504
482
395
701
897
906
867
828
765
791
703
539
398
269
197
105
108
159
263
367
493
536
568
519
450
394
389
561
681
762
738
660
666
756
715
639
490
363
210
82
74
88
168
262
464
517
504
516
464
418
380
465
485
445
426
419
319
212
119
76
47
22
34
79
235
512
794
704
553
500
528
447
506
441
429
677
684
626
599
639
536
337
186
201
82
43
46
85
212
476
758
689
466
436
462
463
450
447
351
593
651
713
680
697
663
400
266
161
98
58
46
100
252
495
778
671
534
498
510
475
458
424
401
634
730
810
755
770
709
532
310
213
163
88
67
112
239
526
851
733
591
485
589
556
613
452
349
623
832
847
906
922
905
741
639
323
209
172
99
90
169
339
574
631
548
473
500
487
510
428
430
585
666
717
702
608
704
676
595
528
405
277
178
79
81
109
243
339
451
531
467
521
395
432
418
436
529
662
581
537
512
588
517
389
345
221
141
74
55
93
167
303
413
483
495
511
491
442
440
434
524
472
464
350
337
157
93
67
49
41
47
95
223
505
694
608
491
449
437
425
437
364
458
606
623
610
543
529
450
246
159
105
68
45
54
97
251
669
886
747
578
529
544
473
509
464
399
545
711
787
789
664
563
429
257
146
82
61
51
85
270
681
920
799
567
575
526
516
535
471
404
574
791
846
827
774
629
539
296
168
119
67
55
97
252
676
940
817
582
539
553
520
481
465
409
602
833
899
895
884
867
623
397
238
157
99
78
122
256
623
936
792
556
530
509
492
498
442
395
633
810
854
912
885
843
828
688
541
407
257
163
94
91
226
296
476
582
596
626
547
475
457
380
556
676
620
661
735
713
766
797
624
532
361
199
78
85
126
213
306
439
501
575
538
491
439
351
404
423
359
210
258
308
244
129
67
46
30
52
98
283
642
792
681
482
488
461
416
429
395
385
541
685
712
675
531
425
379
238
116
70
33
50
88
281
688
863
741
573
472
523
444
488
478
369
546
784
766
772
678
599
439
261
176
110
56
55
103
299
646
955
710
560
552
534
489
504
434
384
583
829
946
883
754
779
538
276
149
93
73
56
108
256
701
966
817
584
545
567
505
499
512
408
575
858
866
924
854
824
637
370
234
136
102
68
107
271
766
1011
958
689
593
576
500
538
460
381
623
900
938
841
806
819
856
636
471
358
216
128
83
99
186
302
479
521
588
644
567
558
532
375
509
647
715
713
656
708
765
695
645
499
307
221
110
85
182
204
324
481
531
569
550
500
443
364
432
473
492
410
353
342
241
121
69
47
29
55
96
296
615
822
670
505
552
475
453
472
433
371
557
738
774
700
614
480
318
175
117
75
56
36
91
293
658
852
678
565
497
474
471
517
481
383
581
739
772
744
703
604
436
226
135
105
64
46
113
315
702
971
794
578
556
545
517
516
455
394
601
846
840
748
833
698
516
302
162
146
71
59
106
279
687
912
716
579
477
549
494
540
490
371
653
826
845
836
881
884
633
380
260
147
112
80
105
267
585
880
813
597
495
510
459
521
450
351
646
810
838
810
832
814
871
590
485
340
233
153
70
97
164
308
439
530
492
590
582
496
510
385
505
640
730
739
678
694
778
692
631
466
350
209
67
102
149
171
318
461
525
534
489
498
447
306
411
459
441
416
390
313
220
131
77
65
29
37
93
293
632
828
662
509
471
472
448
497
423
362
531
730
646
573
601
513
318
167
122
80
44
41
99
259
737
971
821
597
546
528
533
601
487
339
616
779
799
739
748
697
398
224
155
94
62
48
110
302
653
836
757
549
542
506
489
503
429
371
606
832
810
811
800
741
530
291
207
146
72
71
115
290
719
927
738
592
573
522
452
484
448
355
571
792
828
898
939
884
616
392
284
205
131
92
107
280
664
818
726
605
513
537
461
534
438
352
638
863
855
887
793
915
844
704
512
354
247
170
106
112
194
293
471
542
546
528
478
526
421
342
479
646
681
613
683
734
759
627
528
425
284
195
88
88
126
208
308
447
532
535
440
513
406
398
433
513
432
436
329
317
197
122
80
50
33
43
102
273
665
969
825
573
569
508
526
583
434
366
564
714
594
629
580
428
246
156
95
68
30
36
101
258
680
878
739
557
481
531
442
528
448
350
528
769
764
732
760
640
388
