686
524
582
520
339
163
85
113
121
202
328
551
685
833
839
904
710
804
932
696
473
439
344
271
172
112
46
33
45
78
153
219
397
507
711
911
1110
1135
1223
1226
1067
1047
1592
1523
1142
844
630
468
302
169
71
41
36
42
133
244
454
585
860
1064
1189
1252
1261
1254
1012
1173
1517
1706
1329
1059
846
556
364
245
156
135
94
71
145
289
438
620
820
1046
1162
1223
1325
1246
1025
1178
1583
1418
1119
827
782
644
495
320
201
186
135
64
57
133
176
360
563
755
925
1020
1122
1226
1002
1010
1213
1055
779
611
643
669
476
356
273
266
155
53
69
99
184
314
446
567
776
828
896
830
815
816
856
618
539
531
405
299
198
105
59
49
25
63
128
342
501
598
668
833
984
980
1045
1092
967
1212
1545
1599
1310
1046
741
470
256
134
73
46
43
56
141
385
642
729
864
999
1207
1213
1317
1173
940
1161
1695
1661
1480
1339
1080
553
316
162
90
52
51
62
152
363
685
698
810
1017
1142
1241
1327
1206
961
1144
1745
1722
1562
1383
1092
655
381
165
102
51
37
71
165
410
697
765
884
1060
1213
1223
1317
1205
1028
1154
1757
1647
1497
1268
1198
776
476
284
212
197
110
74
165
356
598
737
905
1081
1208
1353
1409
1290
848
647
849
892
1087
949
922
813
588
355
312
239
145
59
69
133
186
342
577
751
912
1014
1018
1105
992
1090
1303
1227
764
711
762
763
672
469
413
297
195
64
85
109
217
365
562
684
830
855
993
1028
897
971
1024
689
501
534
489
323
228
141
94
49
50
67
164
525
674
706
775
874
1019
1103
1189
1125
1075
1344
1722
1776
1721
1435
1210
703
389
222
97
60
39
71
190
536
900
986
1002
1205
1253
1392
1522
1310
1017
934
1359
1853
1603
1532
1275
837
520
230
111
56
57
83
238
587
855
879
1065
1225
1275
1371
1441
1247
920
1121
1770
1784
1520
1365
1184
678
389
211
121
47
44
76
211
510
766
882
903
1180
1260
1278
1525
1299
949
1097
1790
1650
1545
1555
1586
1092
672
368
264
244
181
116
202
443
725
836
1021
1220
1378
1333
1488
1176
765
754
1317
1451
1202
954
943
835
615
419
324
315
166
63
82
151
256
379
555
811
905
1004
1004
1102
1082
1121
1252
1254
729
644
786
722
561
442
374
300
222
100
79
140
275
413
535
684
832
904
988
1033
883
914
1004
661
538
499
497
378
214
168
107
69
58
57
92
192
358
455
653
851
998
986
1143
1087
966
1112
1196
952
749
608
494
316
210
89
39
33
39
53
170
378
693
885
844
1119
1187
1370
1544
1437
1044
1288
1776
1891
1634
1531
1165
738
378
194
109
41
42
56
171
477
768
935
1012
1196
1385
1463
1563
1352
947
1092
1675
1768
1652
1503
1320
766
438
206
134
57
58
90
214
522
805
1006
1087
1288
1430
1494
1515
1345
905
973
1508
1696
1460
1541
1366
907
517
328
191
165
112
95
201
406
729
969
1020
1197
1415
1463
1585
1272
899
669
798
845
869
790
862
790
581
338
253
189
106
54
79
142
288
469
678
947
1043
1137
1089
1232
1097
764
1057
1123
851
805
710
757
638
527
451
373
285
85
77
146
249
409
645
787
889
873
991
971
827
733
905
699
539
488
495
321
194
123
67
43
42
68
138
346
603
827
830
909
1185
1187
1298
1337
1028
1228
1662
1716
1427
1207
972
657
346
163
88
47
40
45
134
389
687
829
846
1018
1169
1317
1355
1263
985
1226
1499
1561
1768
1519
1288
917
426
224
115
41
57
57
197
449
716
804
837
1050
1229
1285
1345
1179
944
1083
1483
1607
1466
1392
1310
889
467
264
125
47
49
92
200
449
700
823
913
1076
1307
1376
1480
1230
860
927
1340
1404
1499
1417
1485
1124
687
354
245
162
120
106
194
424
668
833
951
1245
1348
1388
1468
1103
859
723
1101
1239
1135
955
970
867
585
414
263
275
222
59
72
138
190
383
610
845
945
1169
1106
1207
1105
978
1293
1282
961
818
826
750
641
457
355
291
200
58
64
104
204
323
530
627
807
825
952
904
951
682
710
502
423
494
434
381
222
127
63
38
41
58
130
342
652
719
725
889
1070
1092
1240
1123
1055
1370
1730
1633
1610
1334
866
555
304
169
71
45
40
47
155
424
726
828
915
1079
1255
1341
1465
1258
1036
1274
1706
1778
1631
1549
1277
788
410
245
86
60
38
68
164
443
740
851
912
1092
1349
1261
1564
1270
1043
1269
1617
1650
1656
1554
1365
821
447
228
104
61
47
79
178
436
793
911
1014
1240
1388
1484
1600
1149
858
724
1140
1307
1356
1297
1330
881
568
375
290
252
201
147
189
410
654
840
953
1096
1396
1213
1373
929
668
674
1006
924
640
536
408
250
172
112
76
37
32
14
29
62
110
237
372
568
759
822
898
1042
1063
1172
1320
1162
716
780
848
822
592
388
346
262
200
73
59
141
246
389
558
651
922
884
999
910
942
992
982
864
553
505
429
320
180
157
72
32
48
80
165
495
917
972
906
939
1033
1010
1196
1143
1023
1238
1610
1645
1566
1472
1082
817
409
200
94
59
46
75
155
502
859
1069
1044
1093
1176
1286
1431
1247
944
1135
1376
1527
1546
1464
1318
836
509
230
111
50
76
97
184
495
881
951
1003
1177
1316
1358
1475
1152
907
1055
1424
1575
1440
1426
1318
969
514
278
148
59
60
87
172
443
740
881
926
1127
1280
1318
1498
1115
797
750
992
1164
1289
1200
1250
939
648
380
220
215
96
80
167
305
595
750
830
1059
1278
1229
1338
1149
760
799
1220
1384
1160
994
920
798
619
403
283
243
161
62
65
122
229
433
639
839
1046
1180
1139
1231
1116
982
1436
1357
955
860
908
770
744
537
343
314
225
76
96
139
239
401
663
966
1154
1136
1203
1178
962
743
1067
838
685
523
503
424
285
233
160
143
63
58
93
178
295
494
657
862
991
1067
1146
1077
1027
1161
1221
1040
726
667
491
368
256
111
39
33
59
51
131
301
488
698
716
964
1141
1515
1383
1185
955
1114
1547
1589
1471
1195
1004
600
357
169
86
38
42
61
166
402
625
767
880
1099
1275
1305
1372
1292
981
1207
1665
1784
1675
1461
1239
863
448
204
107
57
46
77
182
444
723
799
1010
1099
1313
1361
1443
1372
992
1126
1551
1822
1576
1272
1271
933
671
355
215
134
89
83
180
393
633
818
909
1106
1242
1328
1401
1137
902
979
1291
1438
1158
965
852
710
565
418
274
251
174
70
77
114
251
470
724
961
1099
1081
1327
1326
1002
845
1148
1254
869
728
732
779
623
493
338
288
241
58
75
131
307
407
590
767
937
915
930
990
844
859
941
686
503
383
369
243
298
125
80
36
31
52
145
367
626
760
785
902
1033
1106
1124
1142
1004
1361
1610
1713
1587
1388
1004
561
368
194
78
34
39
62
154
444
791
845
988
1042
1154
1231
1307
1314
1055
1270
1560
1890
1731
1455
1350
810
444
247
114
50
52
100
227
680
1030
1034
1002
1196
1265
1278
1466
1220
878
1176
1630
1729
1717
1397
1121
748
478
255
129
71
64
82
199
489
759
830
905
1160
1228
1245
1454
1126
778
908
1402
1684
1481
1449
1370
937
616
362
270
216
145
99
187
421
636
749
915
1069
1222
1288
1324
1206
850
839
1195
1429
1152
948
934
799
646
430
355
284
239
87
86
145
226
415
568
903
1008
1135
1183
1283
977
979
1053
1136
955
833
818
784
732
514
379
302
248
84
106
152
216
409
616
819
980
916
1033
1044
786
724
871
751
567
488
428
313
218
140
69
35
43
58
159
418
561
759
767
925
1093
1145
1288
1219
1064
1374
1696
1883
1633
1398
991
611
351
168
112
43
36
70
163
437
696
816
954
1110
1203
1175
1440
1190
1016
1210
1769
1889
1686
1437
1188
898
474
243
91
58
43
86
212
476
740
880
996
1314
1403
1356
1530
1402
968
1272
1791
1905
1634
1586
1289
1080
654
257
119
57
49
82
184
473
746
874
1031
1258
1319
1272
1475
1355
830
879
1331
1518
1390
1367
1425
1122
673
319
170
188
105
95
183
444
756
858
1026
1165
1196
1198
1409
1210
892
1003
1380
1465
1162
941
1022
786
624
361
266
213
177
81
95
220
394
479
704
912
1007
1057
1121
1239
875
743
936
983
829
654
752
806
722
497
416
340
197
112
128
242
365
566
715
878
961
1041
1038
825
650
1012
802
608
474
415
338
225
166
85
31
37
54
150
379
576
703
684
937
1031
1094
1221
1185
1050
1348
1694
1808
1523
1462
1038
669
415
189
121
55
55
81
176
504
905
957
1098
1349
1288
1412
1310
1139
735
886
1477
1680
1551
1382
1086
705
456
251
139
89
56
81
178
546
764
939
996
1144
1295
1294
1382
1303
842
1068
1597
1732
1695
1554
1255
967
543
273
149
77
70
91
194
506
788
947
1081
1333
1452
1351
1360
1094
716
832
1414
1538
1447
1390
1450
1123
656
442
284
228
156
105
194
471
803
860
1051
1126
1271
1159
1111
999
745
697
1148
1276
1120
867
880
810
662
446
366
249
218
89
102
169
304
480
535
638
727
777
715
689
442
683
1025
1004
840
696
627
733
560
400
328
299
221
79
163
153
343
446
609
771
966
1002
1081
1038
877
951
996
756
620
548
434
332
210
127
71
45
42
80
157
315
552
618
818
923
1098
1177
1360
1248
1042
1263
1793
1656
1105
1037
1011
691
395
171
83
48
58
69
166
409
650
863
975
1303
1251
1169
1291
1137
1032
1238
1746
1690
1573
1356
1080
750
428
225
118
63
53
93
172
410
670
808
921
1006
1158
1155
1239
1216
865
1077
1671
1779
1595
1522
1240
950
511
245
107
74
50
100
191
414
673
805
930
1165
1271
1299
1304
1153
645
738
1320
1415
1349
1267
1247
967
532
325
218
197
100
81
171
346
556
731
950
1073
1273
1188
1339
1267
772
1038
1616
1541
1103
925
905
789
607
390
282
220
202
56
70
111
211
395
597
791
935
1077
1088
1210
1035
1002
1340
1309
881
753
848
778
677
586
422
309
261
62
78
127
196
382
540
750
856
872
1009
1065
924
866
1001
705
558
538
424
311
193
150
54
47
28
53
160
277
470
648
817
979
1126
1215
1482
1317
1044
1208
1840
1530
1276
949
745
547
330
157
88
43
40
51
146
317
479
666
831
917
1100
1090
1319
1328
981
1276
1846
1471
1310
1184
900
643
414
248
135
89
55
71
148
342
537
724
879
1039
1198
1268
1395
1253
975
1297
1813
1722
1528
1349
1077
843
486
246
139
83
58
68
158
346
601
787
929
1133
1321
1421
1514
1182
733
813
1232
1353
1377
1170
1024
884
554
380
294
242
183
64
120
184
358
570
840
992
1140
1219
1357
1235
856
1047
1455
1407
1080
801
700
673
570
333
327
293
227
61
62
122
198
409
646
866
971
1075
1112
1189
941
1021
1328
1315
858
659
672
646
515
356
288
229
183
74
82
93
193
353
543
671
841
850
968
942
817
813
876
786
638
498
404
223
163
114
57
36
46
53
128
265
408
578
712
879
1005
991
1118
1167
1005
1146
1666
1564
1423
1207
885
547
304
183
61
32
46
65
122
373
600
715
889
1022
1252
1243
1403
1303
1000
1287
1888
1874
1653
1350
1125
705
429
213
100
48
45
58
170
398
648
845
936
1155
1280
1349
1408
1219
828
961
1612
1846
1758
1537
1323
942
503
267
123
49
50
64
185
459
709
888
893
1167
1310
1277
1491
1216
800
928
1484
1542
1561
1383
1244
914
603
382
236
219
138
68
185
404
665
808
914
1179
1243
1175
1369
1045
670
826
1280
1190
1133
881
945
914
732
459
286
289
160
72
101
151
267
525
686
923
965
1155
1008
920
648
616
829
874
774
591
778
788
739
555
418
295
229
108
90
124
220
366
616
737
838
867
875
810
547
606
960
705
541
458
373
439
278
140
62
38
42
63
145
314
542
680
636
901
1038
1067
1200
1108
928
1281
1692
1762
1580
1208
1023
616
336
174
83
48
53
67
157
415
692
736
896
982
1072
1274
1360
1191
847
1071
1712
1749
1469
1359
1331
839
458
221
123
61
55
79
192
436
647
841
872
1035
1138
1329
1485
1220
842
986
1793
1150
1141
1566
1463
889
486
187
142
69
58
88
197
464
779
811
947
1051
1201
1378
1429
1169
763
973
1462
1408
1401
1429
1335
1030
682
375
272
201
131
94
175
489
742
1088
1196
1313
1301
1258
1226
1078
717
828
1247
1489
1263
962
958
874
637
394
288
221
180
52
80
142
264
484
650
872
976
1214
1115
1139
955
925
1345
1352
895
755
745
787
827
567
465
358
245
107
81
166
258
395
685
805
957
1088
1110
995
808
776
1010
788
626
529
493
365
239
146
83
44
58
69
150
354
612
738
788
929
1044
1209
1297
1189
928
1266
1704
1672
1505
1337
1047
639
380
208
101
48
68
81
177
401
698
840
882
1055
1121
1264
1375
1165
882
1205
1811
1729
1583
1335
1284
752
445
236
128
58
47
72
189
461
738
849
898
1126
1232
1311
1466
1198
835
985
1577
1709
1584
1498
1358
898
532
270
156
64
59
80
171
491
731
779
917
1146
1278
1416
1384
1089
748
801
1207
1516
1492
1423
1500
1052
712
431
319
198
150
104
204
402
622
742
943
1042
1207
1252
1265
1042
782
707
1344
1462
1124
1032
901
869
790
441
334
273
156
57
76
141
226
449
699
921
1050
1080
1038
1100
919
988
1338
1331
900
723
810
780
699
526
410
321
217
89
93
181
262
491
695
793
950
985
1158
1034
855
713
1022
741
557
536
519
365
239
150
59
38
47
66
146
395
601
708
816
946
1162
1222
1301
1176
1051
1375
1782
1675
1501
1534
1232
661
399
197
108
38
43
70
171
481
739
894
1014
1198
1288
1289
1329
1192
892
1289
1648
1786
1517
1467
1191
742
430
231
107
65
58
82
204
442
724
824
903
1063
1193
1237
1407
1158
826
1086
1605
1673
1495
1431
1271
827
541
250
127
75
73
100
177
431
702
906
958
1052
1258
1286
1358
1108
730
759
1094
1537
1370
1317
1237
986
773
427
289
229
118
90
183
410
589
788
846
994
1128
1169
1189
990
682
667
1301
1457
1058
861
957
874
680
477
334
259
169
55
78
127
245
470
623
812
944
1072
1090
1067
869
909
1316
1260
842
735
803
752
682
488
346
297
242
97
86
139
239
413
636
711
925
970
1047
979
818
819
964
799
633
492
505
381
230
143
113
60
39
57
177
355
631
733
793
1021
1207
1315
1358
1141
1034
1322
1705
1600
1443
1413
975
692
408
194
89
47
55
67
144
390
649
779
854
1023
1215
1189
1330
1140
837
1054
1558
1647
1522
1470
1274
796
