40
55
59
70
37
20
9
7
11
13
15
24
29
22
21
44
18
24
25
24
18
12
14
5
7
2
1
0
2
8
22
48
72
64
31
33
28
37
29
22
26
49
55
40
21
17
13
8
2
2
3
0
3
7
24
56
82
57
56
37
40
37
36
20
42
47
45
44
35
17
19
6
6
3
1
0
2
7
20
49
64
56
52
43
34
43
33
40
23
34
49
58
36
23
23
18
14
4
3
2
5
1
5
8
15
25
32
55
46
49
47
24
27
30
39
53
39
25
23
23
10
7
6
5
3
2
7
9
11
18
33
35
46
32
32
39
35
26
52
24
15
15
13
9
7
1
1
1
4
9
21
51
77
57
41
33
35
32
30
47
25
46
64
39
30
20
17
9
3
1
1
0
8
5
29
67
82
60
40
40
40
25
41
30
39
56
55
43
26
23
10
7
3
5
0
0
1
10
24
68
70
57
47
37
35
29
23
39
35
41
55
36
18
13
15
9
5
4
2
2
0
5
28
60
75
54
59
47
49
45
39
38
35
42
56
37
24
28
19
18
5
6
2
1
1
9
20
47
81
61
47
32
45
38
43
37
40
58
60
77
51
31
26
21
9
14
3
1
2
2
10
5
24
39
39
50
43
28
32
41
28
35
50
45
37
36
22
27
30
13
6
5
2
0
1
10
10
21
30
52
38
46
46
40
36
28
31
30
22
17
12
9
8
0
1
0
0
9
22
40
71
65
35
24
34
28
25
29
33
50
45
38
25
19
23
12
6
3
0
2
3
10
30
54
75
58
55
41
58
29
39
36
45
56
55
38
21
8
18
8
6
3
2
0
1
6
20
58
65
61
59
43
37
32
33
40
33
52
59
51
22
29
100
26
5
3
0
1
0
7
24
55
83
71
55
52
45
44
35
38
30
52
55
53
24
25
17
12
8
5
3
1
0
6
27
51
81
66
45
43
43
52
20
35
24
62
50
61
47
29
19
15
11
13
10
6
4
5
4
11
24
36
42
38
35
41
36
37
21
38
46
57
39
35
28
23
13
7
4
0
1
3
9
8
15
20
32
49
33
37
32
33
30
29
35
29
21
14
11
8
9
2
2
4
0
3
7
16
31
43
31
35
34
37
39
34
40
36
41
37
23
14
115
19
5
3
4
2
3
7
34
62
88
68
50
45
36
36
37
45
43
65
59
60
51
23
207
18
8
3
0
1
1
15
25
68
74
65
53
45
54
43
51
50
48
65
61
61
38
16
52
32
10
2
1
1
2
7
26
55
86
62
60
46
48
48
53
63
44
53
86
59
29
32
25
15
15
2
2
2
0
13
26
65
86
64
64
57
40
55
44
47
40
74
73
59
45
22
31
32
14
6
5
4
4
5
6
13
27
42
38
52
42
38
37
41
36
43
57
54
49
44
29
43
36
37
72
52
7
7
5
9
15
27
32
30
45
39
51
29
40
47
35
38
18
25
27
18
5
4
2
1
4
10
34
55
81
68
43
35
41
40
56
48
30
57
68
41
29
31
13
10
2
4
1
1
3
9
21
57
82
57
53
36
44
31
52
34
35
64
76
60
45
31
48
70
7
1
0
3
1
9
23
60
85
79
53
41
48
44
43
48
32
50
68
53
34
30
12
15
9
1
1
1
0
7
33
52
93
71
55
37
47
44
49
41
30
56
74
47
50
31
36
76
8
8
7
3
2
14
22
51
80
70
47
56
42
52
50
46
45
56
80
55
52
44
124
87
20
16
9
2
4
3
5
8
32
42
44
50
50
51
48
39
49
41
51
62
72
52
108
71
17
20
11
13
4
5
4
10
13
26
33
55
43
49
48
37
43
56
31
26
26
23
23
38
13
3
3
1
2
7
26
62
79
62
40
35
48
29
41
42
39
43
55
52
37
20
20
9
5
1
2
2
3
14
27
65
84
63
47
39
45
42
38
39
48
62
67
48
33
13
22
11
8
3
0
0
1
7
24
64
83
68
50
37
50
51
44
57
39
55
74
48
42
26
25
4
6
4
3
0
3
5
27
78
90
64
63
42
37
45
46
55
36
60
49
63
48
28
19
27
12
4
2
1
3
10
19
58
83
61
58
52
46
56
45
33
27
20
31
12
16
16
11
11
1
1
4
1
0
0
2
2
6
14
24
28
40
43
33
36
20
23
40
54
48
32
31
130
21
13
14
9
8
2
5
14
14
26
33
39
45
43
31
36
31
42
45
37
18
25
16
9
6
4
3
2
1
14
20
60
89
71
42
48
56
42
41
47
28
52
67
40
34
19
86
45
7
2
5
0
0
11
20
71
93
68
50
44
42
48
43
52
42
51
71
59
31
24
25
17
12
6
4
0
3
8
31
65
94
57
56
52
48
37
46
40
39
58
57
47
39
39
32
16
10
4
0
0
3
7
19
62
82
63
52
36
43
49
51
39
40
56
71
55
69
43
29
15
19
4
5
1
5
16
22
61
92
64
53
37
38
57
44
36
32
42
49
54
46
27
26
25
11
12
11
6
3
3
6
8
23
41
39
39
45
33
24
27
20
37
44
48
50
37
37
32
35
157
18
8
6
4
3
6
7
28
32
52
45
36
32
26
27
43
31
33
27
15
18
6
6
4
0
4
2
2
9
21
39
46
47
43
52
32
37
34
32
47
39
31
33
25
17
7
7
2
3
0
1
9
26
52
75
63
37
25
43
38
42
37
44
38
63
37
31
22
123
22
11
1
2
2
3
9
26
61
86
61
43
32
48
28
41
41
43
51
57
45
33
27
23
11
2
2
1
0
1
14
25
61
86
63
44
36
54
43
35
47
37
51
61
61
51
27
34
22
5
2
6
2
6
14
29
53
89
61
58
44
52
45
45
39
37
62
45
67
50
36
34
119
35
9
5
5
6
4
15
9
16
34
40
40
46
40
49
44
34
39
47
59
52
27
33
23
12
14
6
6
6
7
4
10
19
33
30
52
44
45
38
30
28
41
48
28
16
12
28
9
16
2
2
1
3
13
29
63
78
49
43
28
32
28
33
42
45
44
51
38
30
19
17
10
6
2
1
0
1
10
28
57
68
62
46
39
48
40
51
37
44
35
60
50
37
33
25
16
5
4
2
2
1
6
34
48
71
72
46
37
50
38
31
48
43
50
52
57
33
19
22
11
1
3
2
1
5
7
30
71
80
50
52
37
47
33
51
44
48
45
59
54
49
22
31
20
11
4
1
2
1
7
22
60
71
68
40
29
42
42
34
56
29
40
61
53
43
34
29
13
13
9
3
4
5
8
4
14
26
34
46
55
42
37
43
27
31
30
48
65
49
42
59
129
112
16
9
5
7
2
4
8
13
31
33
50
52
45
34
42
19
28
47
29
26
22
19
12
5
2
1
1
5
9
26
53
77
47
36
42
47
48
48
45
31
51
80
48
32
22
14
11
3
1
1
1
0
8
30
64
78
67
51
37
41
37
30
45
48
52
73
40
30
24
20
25
7
4
3
1
1
4
26
58
87
50
41
56
41
31
44
53
41
59
89
48
37
24
29
10
2
1
1
0
1
6
35
64
73
73
55
55
52
47
41
34
43
56
80
53
52
28
26
4
5
16
6
1
3
4
20
57
60
74
45
39
57
50
41
46
47
56
65
61
42
47
31
22
12
14
6
2
4
9
8
12
28
39
51
64
52
54
39
45
41
30
40
51
45
35
75
38
17
13
7
7
5
11
1
10
39
32
40
34
57
33
29
33
38
33
30
21
23
15
11
6
5
2
0
1
9
25
60
76
72
58
43
46
41
45
50
46
42
50
51
36
23
15
9
2
5
1
0
4
8
33
60
81
57
64
46
64
48
59
42
49
45
60
53
32
26
26
43
7
4
4
1
2
6
31
49
67
59
53
45
53
38
39
53
47
46
46
45
43
26
27
84
4
1
2
1
2
7
21
53
70
68
49
43
43
37
43
48
31
55
60
52
46
27
29
22
12
4
2
1
2
6
26
58
80
73
58
38
39
41
38
43
33
33
48
46
40
27
26
20
15
3
3
3
4
3
2
12
20
39
52
37
49
55
50
32
21
28
40
44
42
34
28
15
16
17
5
4
4
2
9
10
13
13
25
25
39
37
41
43
30
38
35
29
21
15
12
7
4
3
3
1
4
8
27
44
79
63
49
40
41
45
34
34
40
50
63
45
30
11
16
10
7
4
2
2
3
7
25
59
70
57
67
57
47
41
42
35
27
45
58
50
18
21
14
13
9
7
1
3
0
9
33
51
84
73
36
39
54
48
35
45
33
56
51
45
34
24
19
13
7
2
2
0
1
4
30
53
93
72
47
46
46
39
46
50
32
46
39
43
37
35
29
29
31
25
44
49
35
7
24
52
77
51
45
41
33
45
61
55
34
51
60
61
41
24
50
89
9
8
4
5
0
2
2
11
12
33
40
45
49
44
35
37
34
27
50
39
39
35
32
18
17
17
8
7
10
4
4
7
11
16
26
45
43
30
45
33
34
37
52
35
21
18
78
11
4
0
1
1
3
5
28
53
76
52
55
31
34
42
41
32
27
48
46
40
31
15
14
14
7
2
1
1
2
5
30
53
68
67
37
33
42
35
47
37
33
42
57
40
23
31
26
73
9
6
3
1
2
9
29
60
76
62
45
47
46
39
45
51
30
46
42
54
33
21
16
5
7
2
4
1
4
3
29
35
73
59
49
48
35
37
34
32
25
51
55
45
20
19
26
13
7
4
3
1
3
3
16
25
73
53
55
58
42
40
39
42
28
33
48
42
40
27
22
27
7
9
5
7
3
14
10
5
22
23
26
34
44
26
42
26
25
35
32
45
38
31
20
22
14
11
10
9
6
3
10
4
10
26
29
28
36
26
28
24
24
37
26
24
33
24
21
11
8
5
3
1
2
7
27
49
66
49
30
37
27
41
32
30
28
47
49
35
27
9
13
6
4
0
2
0
1
10
25
62
73
57
60
42
33
35
31
25
30
39
59
48
16
13
10
7
3
3
3
1
0
8
33
54
86
46
38
51
44
37
28
44
31
44
59
37
35
16
23
16
3
2
1
1
3
4
25
47
83
62
61
47
62
43
27
45
33
48
59
45
51
33
71
55
7
6
0
2
2
8
23
57
71
70
53
48
44
37
32
43
28
39
53
49
47
32
69
72
15
15
9
3
3
2
3
20
27
27
34
33
46
46
46
33
21
37
34
45
44
33
60
75
22
14
8
7
2
0
3
12
16
29
31
41
50
43
42
38
26
34
32
32
21
22
18
4
10
2
0
1
3
7
25
50
69
71
35
26
37
32
28
30
28
49
34
37
18
13
10
6
7
3
1
0
1
9
27
58
76
61
48
35
29
35
24
28
41
35
54
36
35
19
26
15
8
5
3
0
1
12
24
67
77
63
53
40
41
40
29
32
35
50
65
89
35
23
17
6
4
1
2
0
1
9
20
63
77
54
45
42
42
40
36
38
36
47
65
65
29
30
21
13
6
6
2
1
3
8
24
51
77
66
63
46
54
38
50
33
36
47
59
60
30
32
31
18
22
36
29
3
1
1
8
13
26
31
40
47
34
36
53
46
33
25
39
57
52
31
47
59
117
18
11
5
6
9
6
9
17
29
36
50
43
49
50
24
29
25
35
34
35
32
7
7
2
2
1
3
1
14
22
62
71
54
39
34
45
33
51
30
26
40
55
38
32
26
16
11
3
7
4
1
1
6
28
61
88
57
42
40
36
27
37
41
32
46
61
46
34
18
30
8
10
7
3
0
1
8
32
56
77
54
47
41
29
37
50
39
38
48
53
54
31
17
20
16
7
2
2
0
0
6
25
58
72
53
56
37
52
47
31
43
42
58
62
63
33
36
40
38
43
18
5
4
3
11
29
55
73
47
52
43
37
37
45
36
30
44
65
56
36
27
30
22
15
12
8
4
1
3
5
15
23
36
40
49
47
43
47
45
26
32
45
57
57
26
26
27
13
13
3
6
5
6
3
9
20
27
44
46
41
42
47
38
31
45
21
22
26
20
16
11
6
2
2
0
3
7
28
52
71
66
46
30
41
40
34
38
31
39
49
35
28
13
17
14
4
2
1
2
0
6
38
69
76
55
61
35
36
44
34
38
44
61
62
50
36
18
15
11
4
3
3
2
5
4
32
54
80
56
53
40
48
49
41
44
50
35
58
38
39
37
16
9
7
1
1
0
0
9
29
62
88
78
55
41
45
35
34
50
32
41
50
48
31
31
19
22
8
5
3
2
1
8
33
64
77
60
38
35
36
30
35
29
34
38
53
51
40
36
25
15
16
11
3
6
3
5
3
15
26
42
50
48
41
36
24
31
25
37
33
51
36
34
39
30
22
18
4
3
5
2
6
9
8
28
44
29
46
42
37
36
41
27
42
37
15
27
16
7
3
2
0
0
2
8
38
52
68
66
42
37
36
36
49
33
28
52
44
30
35
12
15
5
3
2
1
4
1
4
32
56
67
59
60
50
36
33
30
50
35
39
59
39
22
19
12
16
