476
537
357
198
136
50
71
102
108
130
181
261
376
325
378
336
369
367
338
284
227
176
136
99
61
34
19
13
41
54
267
448
631
586
520
511
591
537
572
542
460
507
484
415
278
254
178
140
78
45
20
12
23
53
260
497
647
670
609
634
572
581
549
546
468
539
644
516
347
254
209
131
92
41
24
23
19
64
230
489
681
721
570
602
636
638
620
593
468
563
625
542
345
285
297
233
162
112
54
38
38
37
67
197
249
343
414
503
536
533
485
474
413
437
532
583
405
332
293
301
161
120
56
48
36
27
55
135
180
286
372
454
551
521
451
468
403
390
411
338
272
193
155
127
61
43
31
18
35
83
310
757
897
618
559
545
588
529
630
781
593
627
601
501
390
319
186
127
71
30
25
9
30
94
278
787
1009
716
659
634
619
551
661
840
662
755
773
654
460
390
196
106
59
34
15
14
30
73
271
801
988
749
609
604
674
602
617
944
670
744
734
649
461
457
249
123
81
38
19
15
43
77
289
840
997
804
637
639
630
584
680
872
643
763
748
550
383
356
215
155
83
39
18
25
36
77
256
841
1067
832
642
630
771
743
727
894
603
813
785
799
494
384
372
330
187
106
62
45
34
41
69
165
308
498
610
551
682
620
570
566
505
537
633
640
475
353
393
367
239
135
75
64
29
41
70
127
215
321
458
557
641
574
521
506
510
454
449
328
237
235
157
150
56
31
12
8
20
88
315
706
910
667
555
528
603
535
652
893
693
651
616
497
344
276
320
127
60
24
21
17
31
82
278
797
940
767
707
655
647
594
643
925
730
1137
1223
850
484
345
265
142
69
28
12
16
20
80
355
786
1017
762
691
656
709
637
709
859
651
802
744
579
376
394
265
132
58
51
16
14
25
78
295
863
1019
831
693
700
664
598
660
836
640
736
790
640
429
400
273
196
96
46
18
15
38
95
301
837
1061
825
749
699
715
649
771
847
597
674
722
655
452
344
336
269
186
110
49
36
51
66
71
156
280
465
475
543
612
593
480
474
408
481
606
599
372
306
326
298
179
101
65
37
33
38
60
116
179
272
402
431
507
461
509
444
387
397
476
340
251
233
241
159
93
50
19
19
29
37
130
212
349
455
464
503
577
533
540
544
442
481
484
385
289
292
170
89
54
26
12
7
19
83
293
856
1086
817
712
690
758
659
723
978
762
808
799
635
428
425
246
111
59
25
18
9
20
92
299
897
1119
850
739
706
763
613
795
954
694
860
902
688
445
341
264
137
75
32
19
11
23
73
299
860
1034
694
706
653
680
643
673
912
683
862
897
743
500
401
301
198
105
55
25
14
32
98
267
842
1091
830
663
661
725
678
751
892
684
686
787
620
470
365
342
279
181
109
49
20
35
47
79
209
338
540
654
678
768
721
580
605
514
620
730
660
457
451
343
364
230
149
68
42
39
45
96
221
247
418
513
567
656
587
530
518
460
462
481
367
243
276
156
104
45
22
17
6
31
85
290
806
925
465
659
581
704
547
724
969
672
624
679
472
357
260
169
117
51
17
15
11
23
72
269
846
1026
738
602
567
667
571
656
887
653
772
927
660
372
405
224
129
58
37
22
13
18
68
274
884
983
755
604
588
582
529
597
849
616
736
784
669
405
338
242
129
65
34
11
16
29
80
293
902
1039
711
702
686
684
565
633
887
715
879
897
681
426
394
322
190
83
64
29
15
32
93
273
823
1104
793
695
645
751
682
797
875
631
739
823
742
505
430
402
361
211
136
67
43
36
48
76
207
376
539
662
693
721
662
655
584
529
557
654
522
419
401
361
358
240
138
75
38
27
19
50
147
249
342
501
564
598
544
498
486
463
599
613
274
366
328
279
380
97
40
17
20
27
104
283
781
880
592
634
560
647
574
641
951
666
705
679
565
379
321
167
89
47
43
13
14
30
78
269
844
1063
720
674
610
657
600
691
901
693
756
761
596
402
444
206
115
53
35
18
9
31
80
299
877
978
834
647
597
663
581
643
878
667
709
817
628
482
438
232
128
73
37
20
18
23
78
295
904
1073
790
687
697
715
580
687
926
671
784
875
680
501
506
321
163
105
56
27
21
34
84
272
836
1005
764
681
671
710
641
677
608
381
360
378
296
197
190
206
144
64
54
39
19
13
14
36
66
137
225
324
368
452
418
396
468
429
503
602
613
455
396
448
400
295
160
78
42
34
42
77
128
240
421
556
589
662
581
552
523
491
450
476
336
231
228
168
114
57
20
13
10
20
104
338
684
810
524
559
625
663
540
673
858
612
708
739
577
334
328
170
114
63
38
10
19
23
77
249
833
932
617
690
609
675
583
715
890
680
762
839
645
467
310
240
134
67
38
14
9
25
80
305
884
986
642
675
619
653
567
716
843
690
806
802
740
613
498
339
170
87
33
12
21
33
65
313
897
1043
785
677
696
716
637
709
903
672
802
876
772
543
397
338
208
113
60
35
31
33
72
305
801
901
715
649
635
681
603
610
695
474
577
597
647
475
371
326
280
164
91
47
33
49
46
94
191
336
448
509
573
546
529
487
441
454
486
562
537
426
340
299
330
208
112
68
44
36
44
60
122
169
302
408
483
594
530
473
457
444
512
444
422
289
263
267
166
103
62
30
26
30
42
153
256
387
455
465
473
524
448
477
495
455
463
483
444
304
221
209
117
47
33
10
8
20
79
261
536
664
673
603
574
647
664
653
607
512
622
639
486
326
370
175
114
48
27
12
14
24
82
307
880
971
759
649
649
642
601
663
921
672
718
784
597
455
399
272
132
72
38
23
15
33
67
306
859
1049
827
733
688
745
632
695
886
708
799
872
688
564
443
342
204
92
37
23
15
33
71
274
887
1021
783
685
672
672
665
709
844
560
718
769
743
509
369
337
313
232
160
75
39
35
48
97
195
380
580
678
697
769
716
659
668
545
618
784
677
516
419
450
417
258
142
82
41
40
35
60
156
243
393
534
587
702
674
537
505
554
502
542
417
265
252
255
136
226
32
15
10
26
84
311
776
960
629
598
524
600
503
620
847
668
668
666
506
368
364
196
126
50
38
15
11
21
94
287
826
930
770
625
615
638
590
645
853
720
721
794
677
504
418
273
128
60
22
20
12
28
113
361
746
859
684
639
637
644
537
638
899
658
754
763
584
418
416
245
138
74
39
13
19
22
66
308
887
998
768
687
608
670
551
690
866
666
720
882
606
424
428
229
161
112
42
36
24
36
90
280
788
1027
731
703
655
733
632
669
771
569
688
822
817
558
451
389
340
245
111
96
49
40
42
124
208
405
615
638
731
778
689
704
605
512
633
706
573
468
412
435
380
238
160
81
58
42
39
90
171
288
396
531
593
677
634
577
572
500
521
531
428
335
236
174
95
47
27
10
16
31
84
285
762
934
658
599
604
631
500
672
832
666
727
746
544
355
320
181
100
61
28
15
18
24
97
280
843
969
782
689
607
644
602
684
811
654
779
807
630
442
399
231
108
60
24
19
22
24
85
299
858
1114
815
725
670
722
573
659
908
700
757
765
603
475
358
217
116
45
38
30
14
21
71
286
876
1067
757
667
680
751
655
697
927
711
873
846
685
497
427
391
211
80
35
28
17
25
88
307
701
850
666
659
690
658
658
658
724
579
723
740
693
472
403
367
463
261
128
63
47
47
55
110
244
416
593
673
678
700
637
594
566
484
575
727
632
506
438
451
395
260
136
97
43
53
61
141
225
368
512
629
676
693
580
581
486
575
498
448
302
235
164
98
68
24
16
10
22
93
272
714
963
726
611
587
636
547
661
837
623
663
718
582
363
303
204
123
58
31
12
10
22
86
309
821
931
713
713
727
819
742
782
910
675
768
780
594
532
400
257
124
67
26
18
27
33
90
289
802
903
356
646
658
683
521
650
852
682
713
835
631
514
459
251
142
73
38
25
14
25
82
282
818
1021
716
691
716
775
613
729
941
666
795
904
764
598
416
322
163
99
39
21
16
29
88
267
812
1025
817
780
721
715
642
804
863
514
618
741
676
540
404
381
356
210
123
86
60
45
48
88
177
339
472
533
581
587
542
558
495
393
554
563
564
453
383
386
314
231
168
79
56
52
51
184
159
250
368
438
539
632
612
541
465
421
491
474
376
307
273
177
122
60
39
25
17
36
85
242
548
680
645
556
510
571
559
570
521
527
585
597
525
439
433
205
132
48
25
14
10
22
81
246
564
724
632
596
627
630
524
534
555
424
486
577
554
381
385
253
109
77
39
26
17
20
73
252
595
716
650
550
552
576
473
497
518
396
513
589
483
367
395
212
128
82
47
21
15
23
64
252
559
698
675
603
598
598
518
463
457
360
442
529
493
480
431
326
199
91
39
22
23
25
76
236
555
690
655
594
570
574
540
580
568
441
532
593
560
390
308
294
226
181
112
51
50
34
55
77
161
276
459
499
583
573
507
481
496
409
478
514
511
429
347
316
311
218
120
64
48
35
38
71
111
208
281
439
432
518
504
429
429
374
375
399
326
239
218
173
107
59
32
15
14
27
74
246
499
642
597
515
519
572
484
557
526
461
505
487
334
294
363
463
239
79
39
13
11
33
70
220
470
628
596
506
474
486
479
441
470
335
419
475
453
321
378
340
201
93
47
35
11
29
61
228
506
645
620
528
490
566
497
496
476
399
448
478
450
333
285
253
154
86
55
24
19
28
57
220
464
663
627
581
529
586
511
501
519
453
490
592
524
400
404
283
221
125
76
48
26
38
71
152
321
521
626
566
516
574
527
500
426
389
466
507
471
363
346
262
238
162
92
65
41
37
47
58
131
181
284
374
403
465
428
388
421
348
394
458
559
351
298
264
245
177
100
51
23
22
35
68
135
208
276
480
496
606
484
448
371
391
420
400
348
355
254
196
89
56
22
12
11
30
80
258
544
665
669
513
557
534
490
520
574
562
603
558
448
327
241
199
91
53
20
9
15
31
78
272
835
955
730
586
609
626
547
646
823
649
740
670
552
383
342
225
102
56
35
15
15
20
87
283
862
995
822
679
646
633
574
641
867
630
743
779
631
451
441
267
154
64
33
27
23
29
71
293
861
1036
794
669
615
661
664
643
823
620
744
891
670
504
397
285
165
87
39
28
21
36
77
264
840
1012
755
652
610
722
621
696
740
570
680
796
769
505
386
376
338
203
127
73
45
46
46
88
217
375
516
572
590
681
622
508
534
408
579
649
590
456
382
461
382
282
137
68
38
31
37
64
130
231
351
481
496
560
534
544
481
432
467
527
376
240
210
156
105
61
23
14
11
32
91
309
783
911
647
567
524
601
508
584
789
649
667
648
522
370
322
230
148
79
36
22
19
19
70
294
805
979
718
643
633
626
579
625
774
616
756
743
619
421
433
239
141
69
42
27
9
17
90
278
874
1014
761
639
629
652
562
599
790
611
731
812
871
563
386
357
143
65
33
11
12
37
68
272
875
997
812
703
637
702
615
660
785
609
801
829
719
453
421
278
191
86
35
29
22
34
80
280
864
1028
697
704
689
771
662
827
801
590
762
797
758
485
367
313
328
227
147
84
32
34
21
94
236
361
522
600
649
694
698
543
505
405
559
633
612
527
406
418
342
214
137
64
43
40
30
67
195
266
370
494
541
622
562
501
455
434
461
411
386
317
270
143
120
55
23
12
12
26
87
302
782
923
706
603
558
610
508
638
834
693
674
676
559
412
319
203
116
60
27
19
13
21
78
275
846
962
716
671
635
630
575
636
831
643
736
759
604
444
372
237
121
66
22
12
8
18
93
335
883
926
740
663
693
626
582
575
762
594
768
784
642
420
344
274
147
67
56
26
17
33
86
339
852
998
744
644
662
703
581
670
835
662
851
905
690
417
373
254
153
96
50
22
16
30
76
306
805
958
750
654
622
731
617
696
747
549
703
752
729
458
383
384
315
212
100
54
41
26
48
86
244
434
606
664
660
708
668
566
567
486
601
690
663
484
422
434
422
301
164
96
54
44
32
68
181
259
386
515
584
597
567
528
509
436
435
473
408
280
311
166
86
51
19
18
13
29
90
291
766
879
682
562
562
581
511
636
860
644
643
700
530
408
389
228
96
59
25
7
10
21
74
285
895
1033
742
694
648
716
609
648
812
652
738
798
579
447
360
240
134
58
27
21
13
23
90
335
860
981
763
614
582
622
536
611
804
614
786
784
637
460
512
276
152
78
30
16
12
23
88
309
858
997
773
629
587
620
575
610
780
592
751
793
603
520
446
304
176
97
57
21
19
37
66
277
791
997
738
660
634
689
582
694
733
558
686
720
688
502
458
328
311
178
103
62
39
26
45
82
229
358
511
565
618
627
543
527
477
394
517
643
576
451
384
380
309
236
116
61
31
34
27
62
140
255
377
502
494
582
528
495
452
425
489
441
333
311
297
156
88
54
27
18
11
26
86
277
774
924
687
640
620
674
579
691
805
690
673
638
524
373
389
234
99
64
22
17
8
25
88
288
808
915
729
637
617
683
567
643
777
629
772
760
587
397
393
244
140
