124
118
96
53
25
11
13
15
16
22
38
55
79
75
80
68
66
72
79
60
34
36
28
19
9
2
4
1
1
10
30
73
89
111
85
79
113
96
84
109
99
125
83
88
49
31
23
24
8
5
1
4
4
9
54
74
105
114
108
113
101
104
114
111
104
112
114
87
56
46
31
27
17
10
5
5
10
9
41
83
117
119
88
90
122
92
107
108
112
113
108
110
60
47
39
42
27
17
11
10
4
8
7
19
47
68
84
98
88
96
96
100
87
88
102
95
67
47
56
43
39
23
17
9
9
2
10
24
34
66
75
78
118
92
111
91
91
92
75
63
45
29
27
24
4
5
4
1
6
16
49
129
111
104
100
102
92
101
134
187
115
130
128
108
73
50
40
25
10
5
4
5
3
13
33
120
137
102
128
94
106
117
127
201
155
155
140
119
65
61
26
22
10
3
4
3
2
17
46
152
145
94
115
133
112
125
158
181
145
117
135
107
83
37
33
8
13
8
4
3
6
6
41
124
168
120
109
128
104
97
102
186
165
155
158
105
85
53
37
32
15
8
3
4
8
16
38
132
171
115
129
114
123
107
176
168
138
158
163
167
104
62
47
47
24
16
9
5
3
14
12
21
52
100
98
128
120
110
93
100
104
114
128
107
84
44
53
53
42
23
19
9
13
5
11
11
53
83
90
117
87
87
87
84
110
100
72
60
34
35
26
19
12
4
4
3
5
19
40
142
132
86
100
101
130
101
108
184
113
131
152
103
65
48
34
21
8
3
1
2
4
11
35
151
137
90
114
116
119
88
135
195
155
187
176
110
71
58
35
22
8
3
3
3
2
18
42
145
132
92
112
113
133
95
126
158
130
139
152
113
93
57
38
24
14
5
2
2
3
12
48
141
143
122
118
103
120
118
127
185
144
164
171
148
83
61
60
30
18
9
2
4
5
11
42
156
138
95
113
118
116
104
174
149
97
137
160
100
64
51
59
50
28
9
10
4
8
9
15
31
67
82
103
107
101
88
84
90
89
109
112
112
59
61
66
49
27
28
13
7
2
8
13
17
38
55
103
109
108
93
109
85
93
88
87
59
56
29
49
23
20
5
3
3
6
6
22
35
54
75
79
96
120
118
112
90
81
123
97
74
41
40
32
17
8
2
4
3
6
16
37
140
148
108
116
128
115
113
144
209
161
157
145
121
85
50
32
15
5
1
0
2
5
14
50
161
155
105
127
132
129
109
120
188
123
164
177
115
125
62
43
24
9
5
1
1
1
13
42
142
139
98
108
122
111
96
150
213
152
170
206
153
102
82
46
27
15
6
0
4
5
18
46
148
158
104
117
129
127
116
168
181
126
156
165
140
86
80
54
44
30
21
6
6
6
6
12
39
72
105
114
101
136
103
92
99
97
120
130
130
97
55
48
48
38
19
16
5
2
4
11
50
54
73
116
93
90
122
100
114
104
109
89
79
42
42
40
19
9
4
3
4
6
15
49
129
109
74
90
98
122
98
114
186
150
121
144
95
72
70
31
14
5
4
2
1
3
14
51
135
137
118
104
125
118
101
114
201
151
157
189
156
85
51
40
17
10
2
0
5
2
15
43
166
149
110
115
104
104
83
124
177
139
145
154
132
93
74
44
15
12
4
1
5
6
15
38
161
144
91
109
113
107
87
133
179
156
197
209
142
88
66
38
25
12
11
7
9
6
17
50
126
153
110
101
134
134
108
164
149
123
146
189
140
73
72
47
45
35
12
6
7
6
15
15
35
63
109
98
120
135
106
77
101
109
110
127
100
101
67
89
63
29
18
13
3
4
10
12
19
43
82
86
91
121
115
91
63
82
130
122
66
72
46
39
73
16
3
3
5
6
15
54
134
117
70
105
93
117
117
116
180
119
154
152
127
55
47
36
17
11
3
2
1
2
18
44
137
149
101
104
93
119
115
180
194
139
153
158
119
78
32
36
16
8
5
2
3
4
16
43
172
149
111
128
110
130
94
125
179
128
164
177
140
87
42
41
29
13
1
3
3
1
12
40
156
158
117
130
115
135
102
128
191
127
154
170
147
117
86
44
34
14
11
3
4
4
16
37
133
185
164
131
165
119
109
151
152
78
87
68
45
43
31
35
36
21
16
10
2
1
3
2
9
19
40
66
68
77
83
84
101
108
124
126
95
83
71
95
66
43
12
7
7
5
4
20
28
41
85
89
115
108
122
127
98
126
103
87
74
63
28
39
26
11
6
0
3
2
20
56
109
123
58
101
116
103
111
115
187
118
150
156
121
125
50
23
21
10
3
1
2
4
12
37
158
135
94
106
119
131
120
107
177
168
179
164
125
79
46
25
25
8
3
2
3
2
14
64
158
134
94
106
110
115
113
143
189
136
147
150
118
120
62
39
21
9
4
4
2
2
10
51
141
169
130
102
123
119
109
127
188
148
157
179
155
131
113
54
31
22
8
5
2
3
20
45
121
145
122
106
115
104
115
161
154
104
123
107
103
57
56
72
49
32
24
15
16
5
2
11
18
43
90
74
100
99
71
77
108
81
93
114
84
64
60
55
45
21
20
9
10
9
9
13
20
49
64
66
91
95
103
104
86
117
119
87
75
49
45
39
22
17
6
6
6
2
10
12
34
65
80
88
87
106
95
85
97
101
105
95
78
43
43
21
18
8
3
1
0
2
8
40
90
92
93
107
108
111
105
119
107
75
114
106
85
47
41
38
12
10
3
1
1
3
13
57
136
142
99
112
108
127
112
147
187
144
150
154
138
95
64
52
34
13
1
1
2
3
15
47
142
152
119
125
122
147
109
128
173
157
181
157
159
70
73
38
28
8
4
5
4
8
16
49
135
152
105
116
121
110
145
157
152
104
115
144
110
88
62
77
66
45
20
7
9
10
5
15
35
68
89
102
110
129
127
123
107
116
124
111
91
87
55
61
55
30
25
10
6
9
1
10
28
44
83
110
111
104
111
98
102
108
108
86
89
57
26
40
27
53
2
1
1
4
13
48
131
139
97
95
102
103
131
161
181
125
133
143
92
64
52
27
16
6
8
2
1
0
10
45
151
142
125
114
107
134
101
128
215
168
156
166
111
93
47
43
20
7
1
3
4
6
19
44
142
146
86
109
120
114
89
121
168
126
166
148
119
88
57
40
26
16
12
1
3
2
10
44
148
135
124
119
135
144
114
143
196
136
156
196
123
77
65
50
31
9
8
4
3
4
15
57
152
172
100
113
117
142
122
154
150
134
116
148
120
101
78
55
57
43
33
8
2
7
4
15
34
67
84
121
127
117
126
103
113
126
103
148
78
88
59
61
46
29
18
16
6
9
5
13
29
57
79
93
101
118
118
125
106
116
156
84
77
60
37
24
16
11
5
2
4
2
11
46
137
116
112
105
125
120
91
111
207
130
171
141
119
81
47
40
19
11
7
2
3
0
15
41
136
165
108
106
101
124
101
151
183
140
177
160
128
93
54
34
31
14
6
5
1
4
18
37
164
167
135
131
139
134
113
155
200
126
153
147
102
80
57
43
22
19
3
3
5
3
16
47
139
143
146
129
124
137
120
125
188
150
185
186
128
71
50
37
38
17
12
4
2
3
14
53
123
107
82
97
97
115
117
163
163
123
127
128
112
63
85
45
58
30
16
10
4
3
7
17
48
71
87
115
100
114
113
94
110
104
129
112
117
95
61
58
85
43
23
24
5
12
8
27
55
74
110
80
116
112
118
111
102
129
92
75
53
36
22
19
8
7
1
2
1
12
50
154
149
112
110
100
115
103
131
189
130
142
142
103
76
54
40
19
11
4
3
2
2
16
45
134
144
98
99
142
144
137
164
219
134
203
140
118
81
32
49
23
8
8
3
2
8
16
42
130
132
65
103
131
142
117
136
156
124
157
179
135
118
75
39
32
13
11
2
9
3
12
49
153
132
97
125
147
131
121
159
180
131
154
201
136
135
82
45
32
14
6
6
2
7
9
41
125
129
105
114
116
134
117
176
174
99
117
131
112
83
61
54
50
27
25
10
6
7
8
23
28
61
91
74
78
90
107
72
87
69
127
112
85
104
52
52
73
48
17
11
7
7
14
37
32
53
63
92
78
98
101
86
93
77
106
79
68
34
29
20
28
8
11
4
3
8
17
53
91
97
81
83
92
117
112
81
84
86
120
124
96
86
85
51
33
25
6
1
1
4
21
36
94
84
95
104
122
101
83
85
95
84
92
100
94
69
53
33
29
10
7
4
3
7
14
40
105
116
105
92
86
116
87
80
100
95
106
90
85
71
36
38
21
17
6
2
1
4
12
41
107
123
112
102
93
102
100
85
82
73
103
106
83
80
46
63
27
15
7
3
5
6
11
39
102
105
103
94
91
122
95
101
84
83
105
116
116
86
51
54
32
29
20
5
5
7
8
5
30
47
69
75
91
81
70
101
98
90
98
108
104
78
44
44
38
34
18
8
8
4
5
5
20
40
65
71
98
90
85
83
83
78
95
64
51
34
38
37
18
12
4
3
5
1
11
39
68
102
100
87
84
103
78
84
91
66
102
92
53
63
68
67
59
30
10
5
1
6
15
28
75
113
93
98
92
99
91
82
81
70
99
104
103
63
71
65
35
12
8
4
2
3
11
33
72
92
94
114
116
100
95
87
81
85
87
84
78
60
50
47
19
18
7
3
3
3
13
37
91
116
100
108
115
106
107
122
99
72
107
115
85
54
48
63
34
8
9
8
5
7
14
21
60
91
96
79
90
114
103
112
100
77
124
80
89
51
50
42
34
21
20
11
4
5
5
10
25
39
60
75
76
89
88
83
96
89
102
93
80
58
40
39
42
32
14
10
7
9
3
13
19
47
67
83
116
99
98
118
83
89
97
74
67
59
45
38
18
13
6
5
4
3
13
39
99
88
103
106
94
105
94
106
120
122
105
101
68
72
41
24
12
13
5
4
6
2
13
47
137
122
114
113
99
112
97
133
169
137
144
146
124
71
42
35
30
6
8
1
4
1
11
59
155
151
112
128
131
113
122
141
166
141
133
168
136
107
51
48
25
5
6
4
3
4
12
46
143
136
110
123
129
122
126
119
161
157
160
163
128
95
57
84
31
13
7
3
2
5
11
51
131
168
84
100
119
127
114
150
170
123
140
161
118
89
94
94
59
28
24
6
5
7
6
20
54
60
113
109
111
112
97
84
96
80
138
118
100
83
66
55
70
43
30
18
3
3
4
10
25
39
74
97
130
102
113
83
99
65
110
113
74
61
41
25
18
7
8
0
5
10
14
37
121
136
113
106
104
125
99
134
173
133
143
164
131
117
46
40
20
14
2
3
2
2
11
34
133
134
135
106
125
110
128
126
175
158
161
165
135
134
73
71
22
12
10
2
1
4
12
34
152
123
102
130
128
138
97
132
169
139
171
192
210
102
70
51
29
9
2
0
5
1
10
36
140
145
102
121
125
121
101
137
197
121
170
192
150
101
64
55
21
13
10
3
2
6
16
38
158
127
101
84
99
123
115
175
178
123
136
131
117
108
82
48
39
37
13
10
1
7
8
12
35
74
117
131
118
118
118
121
101
101
117
137
106
85
57
46
70
42
19
14
10
10
1
9
39
63
78
104
120
118
118
130
133
110
116
87
69
53
30
28
25
11
1
3
2
3
10
39
127
124
67
105
107
123
106
118
165
127
153
148
112
66
41
35
18
8
9
3
6
3
12
45
138
128
116
127
133
124
114
127
189
148
167
141
129
73
56
46
21
9
9
7
2
1
14
50
132
144
110
119
126
115
112
123
176
129
145
167
136
75
67
44
26
11
8
3
3
4
11
48
139
166
108
138
140
148
103
166
209
147
188
162
108
68
57
61
21
17
10
2
9
1
13
39
147
141
114
117
129
147
117
181
153
114
164
176
146
82
80
69
50
38
16
14
4
7
5
21
34
69
103
125
103
126
104
97
95
85
107
138
107
73
76
64
60
46
27
16
13
6
10
10
33
50
75
102
111
116
103
113
124
107
106
104
76
51
32
36
15
14
8
2
3
2
14
44
144
102
99
106
111
147
95
108
213
124
156
152
122
67
62
50
24
18
5
0
3
2
16
35
149
143
112
106
117
135
125
133
198
134
194
169
144
77
39
42
37
12
7
0
4
2
17
65
167
118
104
107
122
143
125
132
168
151
150
160
113
80
60
36
19
10
7
2
5
5
12
38
137
104
103
98
131
140
110
130
188
118
186
169
128
98
77
65
38
20
8
8
4
7
15
43
136
125
103
103
110
111
112
177
161
101
153
171
121
105
85
56
59
37
22
8
5
6
8
10
49
73
101
105
100
98
117
96
110
106
161
129
132
101
93
66
62
52
21
18
14
7
4
7
26
45
88
107
111
124
130
118
147
124
120
126
73
48
42
23
21
4
8
0
2
4
18
46
139
127
91
92
119
122
107
133
201
105
150
138
95
72
62
31
26
5
1
3
1
2
10
44
132
151
103
124
106
104
98
104
180
141
199
145
108
124
73
40
21
