604
915
846
568
303
142
82
90
111
182
246
361
434
497
502
522
467
519
517
378
309
326
265
177
112
59
32
27
31
81
208
353
522
528
436
463
514
549
512
570
490
636
531
479
442
388
321
208
148
104
58
38
49
81
193
390
546
548
511
510
561
567
484
569
495
650
614
554
427
453
373
236
178
102
65
33
42
91
238
388
521
560
483
469
534
580
546
551
547
673
584
672
491
506
512
417
387
277
180
104
67
43
77
149
264
395
508
587
621
628
613
619
608
689
678
698
550
561
609
544
417
352
237
162
85
46
72
109
205
364
468
602
693
625
673
603
601
588
569
448
375
306
240
184
128
86
45
30
39
121
240
458
521
461
458
373
409
400
488
538
450
577
544
486
414
369
313
217
152
70
61
38
28
96
277
524
631
528
481
419
475
446
488
564
445
587
601
621
504
429
342
220
128
82
49
34
36
89
254
497
662
466
479
466
491
461
520
566
488
589
609
604
544
477
355
227
141
130
57
34
43
84
244
487
652
538
488
488
470
405
559
542
508
563
702
623
520
498
436
240
158
136
57
48
45
64
278
516
646
509
519
502
554
584
598
695
553
729
773
867
603
603
578
473
344
272
184
118
69
41
76
169
351
529
598
624
714
707
708
624
657
675
788
782
608
612
616
653
496
329
220
142
82
60
71
128
260
408
605
615
712
697
730
677
601
622
497
447
358
301
246
228
108
56
50
29
40
96
234
376
433
498
493
420
433
421
472
520
484
508
603
511
438
479
441
190
98
70
53
28
44
91
287
448
579
472
490
442
476
502
552
569
528
622
673
678
568
501
374
226
156
89
44
32
38
82
207
320
412
357
475
517
567
474
528
581
451
587
646
628
506
492
355
260
126
74
46
23
47
103
257
535
560
480
497
458
542
509
499
613
527
561
686
648
574
492
411
298
190
145
72
35
46
106
273
520
529
387
559
554
611
577
653
624
564
622
752
720
565
600
590
559
384
281
177
109
99
66
88
159
312
480
535
574
629
698
603
595
567
658
691
787
522
557
620
574
466
330
270
155
92
59
86
128
217
331
483
520
618
668
665
613
564
618
653
502
448
444
534
309
233
168
97
62
46
59
111
176
291
441
481
514
601
679
681
670
616
559
567
515
361
340
271
181
101
45
42
33
40
113
281
509
582
528
500
535
508
535
554
759
556
648
736
645
597
569
369
225
130
65
37
24
31
87
315
543
551
477
581
538
521
521
561
668
548
651
767
672
591
548
412
243
129
73
57
31
32
101
273
384
490
432
550
532
541
499
535
639
570
684
773
705
570
632
502
321
168
101
78
43
45
98
284
521
662
472
556
587
549
586
633
640
560
622
719
689
621
593
562
499
441
310
190
110
84
48
94
210
391
587
640
713
816
829
761
799
750
735
911
843
723
676
747
719
619
455
283
149
98
47
82
180
260
489
653
689
837
807
792
741
622
596
657
504
398
355
249
187
103
74
50
32
52
97
272
428
397
392
485
438
503
464
568
681
547
538
635
568
430
387
299
183
89
62
42
29
38
97
284
533
566
483
449
447
462
465
520
609
466
595
740
646
557
473
362
234
128
77
48
18
37
96
298
495
531
447
496
435
480
434
506
578
466
562
719
654
491
413
337
252
176
123
94
32
35
86
272
401
505
431
477
458
515
469
536
602
537
711
798
732
592
636
537
338
212
136
81
43
53
89
274
533
602
442
586
531
557
569
676
698
630
661
787
876
667
680
642
583
432
273
187
103
85
56
87
162
383
573
645
722
775
801
733
794
672
675
800
793
644
589
652
620
524
336
296
180
93
59
82
126
260
451
643
692
710
713
713
637
612
788
813
409
472
375
437
590
162
83
55
42
53
101
276
439
462
359
468
391
454
456
536
630
520
597
658
584
472
382
266
136
83
53
34
25
38
103
268
501
535
442
515
458
507
479
508
638
526
647
708
632
487
466
369
223
126
74
42
24
32
90
245
532
643
521
518
494
493
486
507
606
515
671
785
663
548
531
385
241
165
109
74
32
41
89
286
567
675
495
540
536
582
516
579
612
527
638
792
726
518
571
433
292
200
112
68
58
52
90
263
481
692
556
607
552
552
562
552
587
417
378
384
414
292
259
281
244
177
147
81
55
37
17
34
67
135
203
361
352
434
528
486
570
555
595
795
744
603
574
630
585
470
331
234
128
83
50
95
142
299
454
636
711
755
726
653
623
584
643
618
495
387
320
233
173
119
45
41
23
38
105
269
346
380
314
541
483
492
504
546
603
508
612
673
616
470
424
296
165
108
67
30
14
31
83
282
536
583
542
511
483
527
457
506
585
475
626
694
685
535
494
373
233
167
86
42
39
51
100
280
551
522
484
506
542
556
498
521
620
491
676
734
715
564
510
457
314
201
86
71
35
31
97
262
530
576
480
508
498
560
509
559
643
513
657
834
815
653
675
569
391
274
179
145
51
58
85
260
544
651
550
510
536
511
493
567
580
491
547
682
647
502
493
504
550
574
478
237
115
83
47
94
160
297
412
498
525
646
681
614
606
593
636
664
713
588
582
560
585
452
328
273
171
112
63
73
110
217
393
580
591
731
791
716
754
683
717
711
610
531
487
473
345
220
141
86
60
38
52
120
167
274
418
485
521
583
642
613
593
562
570
613
563
418
401
287
194
110
52
32
31
29
92
247
392
497
520
447
460
589
675
646
574
434
569
610
521
442
383
307
209
94
74
46
27
37
99
262
517
573
514
501
440
584
526
562
591
529
607
673
688
530
556
403
260
162
107
63
34
37
84
276
502
589
509
533
502
534
519
566
633
576
693
752
737
587
599
474
326
241
136
94
64
49
95
277
538
572
450
612
603
603
601
560
613
592
629
745
763
579
541
577
559
541
280
189
112
67
49
86
170
328
566
634
730
858
837
909
805
654
643
849
820
733
625
705
632
525
387
269
167
105
56
92
152
290
428
594
620
727
690
682
571
619
668
701
579
421
340
340
215
313
76
39
28
42
96
276
513
468
498
430
408
423
455
470
520
420
570
628
532
439
403
269
181
113
50
27
18
44
87
304
548
599
546
504
464
475
468
483
601
501
574
683
680
582
523
473
250
153
72
56
32
36
99
273
339
374
368
501
551
573
449
520
607
473
606
694
572
495
506
377
213
132
118
47
39
35
108
295
500
553
413
515
543
544
454
571
619
526
607
718
720
560
604
481
328
223
150
91
44
54
93
276
533
573
507
513
517
544
537
599
614
500
634
751
822
672
576
603
592
446
326
213
144
89
53
96
162
351
567
627
669
784
767
694
654
600
707
834
792
710
614
658
640
553
449
314
184
105
81
94
157
288
449
641
683
767
766
743
681
615
680
711
545
442
401
308
196
111
87
50
37
41
102
242
503
517
449
485
478
462
451
494
572
539
627
710
563
475
445
331
192
115
46
43
27
37
103
280
535
647
560
505
498
483
407
512
618
493
627
690
628
537
472
335
204
184
102
64
33
45
104
288
570
682
481
538
578
591
554
587
637
550
644
710
647
563
504
338
239
207
118
69
27
43
99
269
579
629
473
545
498
624
577
539
713
588
772
768
719
614
605
463
338
212
113
98
45
42
98
237
303
428
374
494
606
590
542
609
604
562
635
738
711
543
493
579
499
471
307
192
127
83
53
116
196
376
576
679
656
715
671
660
662
561
622
736
749
684
601
698
704
594
362
287
164
87
86
133
196
406
594
652
734
694
726
682
580
705
693
582
459
387
325
185
140
57
29
33
38
101
238
393
448
391
469
457
499
447
492
556
496
514
646
589
451
399
285
200
115
54
39
28
26
101
229
402
508
367
469
635
652
692
792
746
605
625
668
627
470
442
458
226
153
121
51
16
49
125
253
504
526
236
379
481
566
469
561
574
491
652
808
738
611
544
431
274
220
125
76
44
50
102
250
452
525
357
499
569
598
559
535
659
525
701
821
746
646
733
702
422
257
158
95
56
57
102
252
487
459
321
492
523
553
582
616
631
521
668
718
743
635
564
598
578
562
378
240
139
92
56
106
163
325
499
586
644
678
716
729
661
474
647
755
733
680
633
595
610
537
374
267
180
93
82
202
158
281
419
594
640
790
705
740
645
554
697
607
526
479
416
360
216
164
102
63
31
53
109
225
419
445
443
491
435
482
456
511
572
526
643
621
603
472
472
392
211
128
57
32
32
34
76
234
423
421
424
535
551
558
461
477
477
421
517
549
588
419
464
379
257
125
81
60
19
33
85
258
495
545
460
474
497
494
426
443
508
412
508
591
551
467
542
401
266
186
78
48
34
39
87
238
520
581
522
527
473
519
486
442
512
415
542
583
571
581
619
465
371
226
149
78
40
60
95
259
411
625
498
538
500
558
501
566
582
488
616
645
646
567
542
566
528
435
245
203
140
83
52
89
152
256
461
521
583
601
653
613
549
549
651
657
713
598
585
576
543
503
339
268
176
106
60
91
121
179
351
520
588
660
627
684
631
602
574
527
485
433
375
287
202
125
96
53
40
44
100
242
367
471
477
495
516
533
554
702
638
582
673
567
443
391
439
474
288
174
69
49
24
44
82
225
365
481
485
431
424
504
403
480
469
440
489
656
923
609
537
496
346
211
113
52
35
33
76
241
364
488
441
429
426
501
504
515
453
432
499
508
553
444
414
375
258
183
124
66
51
38
81
216
409
471
459
492
516
544
559
530
547
527
594
629
641
544
474
461
343
278
193
99
73
44
75
149
262
461
565
512
545
577
511
579
598
489
620
626
620
477
447
528
494
445
292
190
128
79
57
84
143
237
335
446
501
538
549
531
533
461
593
582
665
502
478
480
431
369
293
175
109
85
37
78
118
237
366
521
553
600
592
708
587
581
619
554
476
527
386
328
156
126
63
36
23
34
75
230
375
455
472
441
415
453
436
465
520
566
578
463
454
451
370
288
213
138
69
30
32
43
87
251
477
541
528
497
524
539
516
551
598
561
583
605
551
518
510
349
253
159
69
43
43
39
101
274
536
662
473
516
554
568
546
548
683
552
665
703
648
552
529
465
272
169
116
68
48
44
94
301
500
577
367
525
515
540
526
604
648
576
702
748
708
567
507
497
321
242
150
68
52
56
92
284
484
620
451
537
551
554
496
599
639
579
609
743
768
584
645
656
620
468
300
216
142
91
44
122
243
359
558
617
701
687
672
617
626
501
538
732
593
675
610
623
725
633
375
263
222
91
54
78
147
268
425
623
729
706
742
624
710
615
629
652
569
475
376
292
202
120
57
47
18
41
109
275
459
497
418
493
442
423
477
485
547
508
560
637
555
522
440
349
244
145
74
36
30
34
77
283
522
597
471
529
465
469
443
529
564
459
611
673
592
559
476
395
257
155
80
52
45
44
103
277
536
579
477
532
437
485
497
469
569
464
604
733
1042
669
472
516
316
182
117
69
38
34
84
291
556
596
470
501
517
504
462
552
607
523
657
712
720
654
576
470
320
210
132
76
47
60
95
264
510
494
358
533
617
604
593
740
704
605
726
813
737
587
559
558
521
433
282
216
107
72
58
105
230
339
593
584
627
753
704
606
597
525
630
761
799
660
645
657
618
549
398
274
142
95
59
83
176
309
436
611
630
730
741
775
672
611
593
599
547
435
401
316
210
115
49
34
24
44
93
244
466
514
435
461
423
467
465
497
616
506
603
665
563
500
434
325
167
127
66
57
32
39
82
284
545
587
441
507
481
490
490
508
639
478
621
698
647
540
479
374
248
143
89
50
31
37
85
281
476
584
477
494
507
462
546
518
651
481
559
699
684
497
482
429
276
164
144
85
38
40
85
287
554
561
453
527
487
565
560
578
705
619
685
810
701
594
627
565
420
338
146
64
43
46
105
283
505
647
432
500
527
528
527
588
596
519
669
741
810
548
496
572
537
422
243
208
100
73
49
96
217
365
591
654
622
705
701
647
617
539
648
721
736
686
607
618
714
536
419
284
165
106
60
89
192
248
482
639
653
673
668
712
641
532
640
591
491
475
412
266
181
128
63
38
25
41
109
243
453
511
443
467
412
475
427
480
619
521
547
641
514
508
451
329
200
107
49
45
18
35
89
276
537
575
478
515
536
537
518
537
686
521
617
662
588
514
435
373
223
136
83
57
38
42
104
286
527
558
478
493
508
487
468
561
553
468
618
765
658
569
540
414
235
178
134
65
35
43
86
273
514
542
364
491
461
504
505
514
592
438
591
729
647
529
529
490
365
199
153
94
46
40
83
277
498
577
428
471
494
535
552
574
576
523
616
761
742
598
571
630
533
416
273
223
121
62
48
107
209
349
512
559
603
559
635
633
565
502
574
714
780
630
653
630
666
502
315
236
154
92
41
81
155
334
440
598
605
646
690
657
648
543
575
652
516
488
414
311
193
137
56
38
33
47
93
268
464
507
396
473
465
545
567
622
658
479
577
640
522
428
418
289
167
127
81
44
21
28
95
275
530
634
567
415
449
485
498
493
548
501
553
723
655
497
509
535
295
