324
420
307
194
120
75
64
76
57
105
118
157
163
184
173
151
163
194
187
138
111
113
101
73
38
28
22
13
27
48
104
174
297
193
203
192
187
183
154
165
148
186
190
176
132
103
97
76
53
40
12
16
17
43
115
226
280
264
216
187
177
195
173
197
177
193
203
191
159
153
112
83
54
38
21
17
28
45
108
214
302
251
226
178
188
211
183
185
191
201
240
244
171
158
158
148
98
74
49
33
39
33
49
98
150
204
240
226
240
209
246
222
197
231
281
255
169
158
150
155
114
81
49
35
39
35
62
83
139
189
252
266
283
230
251
244
218
212
199
153
122
98
80
78
43
21
21
11
18
37
123
257
280
217
187
170
161
166
202
254
202
192
195
193
132
118
101
76
49
27
11
12
16
35
144
274
294
246
178
199
176
178
188
260
184
185
230
191
135
119
96
59
39
24
17
16
21
47
127
282
314
224
208
195
185
182
222
237
206
207
212
190
126
103
103
74
40
35
22
12
22
33
137
290
336
210
195
189
197
171
190
273
220
226
237
204
151
129
86
99
51
32
21
19
22
35
139
282
334
235
222
202
216
194
269
243
202
255
310
298
217
171
172
132
117
72
46
32
37
33
56
100
161
265
256
246
253
255
221
260
211
242
286
277
227
190
178
158
122
68
55
29
40
18
55
89
149
214
252
277
263
258
260
237
236
219
218
177
126
87
62
80
46
23
20
19
30
45
123
251
271
199
171
171
160
158
188
246
196
182
211
155
149
121
105
51
32
18
20
10
24
43
119
268
294
183
192
190
168
173
194
255
195
225
248
199
170
133
105
77
48
19
19
12
23
47
124
274
298
200
208
183
185
193
212
271
202
216
227
212
161
128
116
68
51
21
18
13
23
56
121
297
302
198
196
174
189
188
204
291
202
243
251
195
181
133
121
79
60
33
20
14
19
40
130
285
311
180
206
245
195
209
280
253
186
245
283
261
216
156
176
148
94
73
35
35
28
42
60
84
136
211
246
265
226
281
206
215
169
229
281
255
203
176
186
163
112
92
62
51
32
33
45
72
116
147
237
224
260
241
272
228
218
210
251
164
158
124
138
98
78
56
34
26
25
30
77
101
151
168
208
188
191
231
203
219
200
228
216
176
136
103
117
62
34
23
16
12
23
36
142
285
356
212
232
202
209
194
236
316
266
236
253
248
159
140
75
73
41
16
9
14
13
54
136
266
310
203
207
233
239
218
232
290
236
237
262
223
164
130
106
75
41
29
13
18
24
50
124
263
308
172
190
194
212
191
208
302
228
265
265
257
196
157
118
90
67
36
13
20
22
47
138
308
366
170
227
210
207
177
321
271
190
260
248
287
198
190
151
127
99
62
40
43
38
41
64
101
202
240
268
282
291
265
232
272
258
284
329
308
270
226
199
175
177
105
73
35
30
18
58
118
136
223
259
282
335
270
235
251
223
260
219
190
165
104
100
70
42
31
15
15
24
55
121
233
277
176
218
167
197
163
182
307
209
188
203
162
164
109
84
64
28
18
8
7
24
46
138
271
320
215
196
170
172
160
189
263
197
238
294
226
150
108
87
71
30
33
11
10
13
43
122
256
314
205
189
186
183
179
205
264
186
220
243
219
156
129
108
74
38
34
15
19
12
47
141
294
327
181
193
182
189
185
234
307
231
264
263
268
187
148
140
104
69
47
33
11
29
47
128
294
385
238
218
221
226
230
304
261
216
274
331
311
238
197
204
190
144
96
61
38
20
41
68
115
198
256
293
283
320
274
282
277
251
282
346
317
245
178
185
180
155
94
68
52
28
22
65
79
162
239
290
281
301
266
264
271
259
321
317
197
149
139
157
248
49
26
20
14
26
48
135
254
331
147
204
177
189
206
212
295
216
232
227
214
153
106
70
45
29
24
9
12
25
44
130
291
354
220
238
182
216
201
241
281
198
203
258
238
151
132
105
74
47
27
13
15
17
53
137
277
334
202
205
174
199
187
213
281
208
224
266
227
158
131
111
75
59
13
19
12
22
46
142
319
361
224
222
219
201
189
210
306
237
254
312
245
214
178
131
77
56
26
18
23
31
57
142
280
338
261
214
246
245
223
290
268
173
164
151
148
100
94
100
63
57
40
25
16
20
15
21
48
60
98
145
138
154
177
182
194
216
255
304
355
225
205
213
184
137
83
58
38
26
30
59
76
139
198
250
279
274
255
264
247
223
206
247
191
137
102
115
72
37
29
15
7
33
49
138
236
229
163
200
206
193
178
224
282
195
204
240
222
151
96
102
56
32
18
17
10
14
50
146
272
284
260
214
179
180
170
209
286
210
233
263
240
182
136
117
71
47
15
17
17
22
53
146
276
285
203
187
196
210
189
228
263
217
238
254
265
176
128
120
77
51
27
23
14
28
52
161
280
309
219
217
201
213
179
249
307
223
289
319
295
252
208
168
123
70
43
33
25
19
51
144
271
349
253
215
216
246
210
270
239
182
246
267
251
186
163
150
159
141
67
48
35
24
45
64
77
165
216
249
256
261
247
235
220
214
221
264
290
240
206
198
199
153
98
52
67
38
40
58
81
121
187
264
264
271
249
231
212
229
255
319
217
184
124
165
104
71
52
29
21
26
31
92
116
143
194
227
220
228
230
222
215
209
222
236
177
154
135
108
69
44
25
12
13
19
46
131
201
226
247
191
210
185
219
185
176
162
210
220
183
151
102
71
54
32
22
12
18
30
43
126
283
292
239
199
215
218
210
212
298
202
239
260
200
194
158
109
74
54
33
18
9
26
44
135
290
305
221
247
222
231
182
199
308
217
265
282
238
199
173
146
110
68
40
27
23
27
48
140
276
302
195
229
227
198
231
283
238
221
258
293
293
201
164
153
180
188
89
54
49
40
32
53
109
202
261
286
297
280
287
308
260
241
265
370
336
257
229
209
219
152
109
80
43
46
28
60
87
157
226
303
282
318
316
271
259
234
252
269
203
169
140
108
78
219
26
19
17
32
48
149
233
285
222
191
175
188
210
217
283
212
210
197
200
140
104
105
52
39
21
15
13
18
41
140
294
305
194
174
191
175
159
224
287
200
227
225
211
190
125
124
97
40
23
15
11
29
45
158
249
269
168
196
214
198
185
234
266
207
231
267
211
156
142
101
74
43
27
15
18
31
52
143
282
320
192
202
198
228
218
228
255
192
262
298
229
168
147
126
85
78
37
24
28
27
39
159
293
338
258
254
212
259
233
263
283
208
265
322
275
235
244
180
184
136
81
61
41
40
32
54
106
168
257
294
300
295
257
261
277
238
262
371
319
267
176
179
191
142
107
55
41
50
31
66
101
152
222
321
282
275
273
283
285
231
254
263
218
169
127
117
87
42
26
15
7
17
55
152
263
296
193
185
183
198
185
196
304
223
234
267
252
174
125
106
77
37
28
17
10
20
49
147
288
349
250
219
192
195
214
235
285
197
254
281
227
180
138
110
87
54
19
16
24
20
43
146
285
358
224
200
216
202
229
239
291
221
247
255
210
156
135
96
64
45
24
24
15
24
38
143
295
357
237
208
198
202
195
223
317
250
245
281
244
165
137
144
105
77
43
20
24
23
56
152
225
235
180
206
203
206
189
266
259
182
257
291
261
186
169
180
132
100
92
70
32
36
35
67
120
183
244
314
300
276
270
263
243
223
260
314
342
264
206
219
257
170
128
74
61
46
66
91
144
214
253
317
289
299
289
268
234
253
265
230
172
142
92
66
46
32
18
18
28
53
128
244
330
215
196
185
195
160
202
258
210
216
258
198
148
149
91
60
52
29
16
13
35
48
136
294
312
208
179
234
216
237
244
300
199
225
237
227
168
116
100
68
49
29
20
13
22
53
153
279
330
118
159
203
194
197
210
265
194
227
287
256
182
146
147
78
48
31
29
11
28
48
145
291
316
196
198
195
210
188
223
266
227
309
252
234
216
150
140
97
61
42
14
22
35
50
142
263
308
180
210
209
211
202
310
231
199
259
290
336
210
169
181
166
132
81
56
41
37
41
72
117
189
245
266
258
286
232
246
232
171
234
274
270
237
194
186
207
167
108
59
39
35
28
88
87
159
198
279
248
280
260
254
254
207
248
209
205
136
113
109
86
51
35
27
13
28
51
127
214
250
188
198
208
185
161
140
178
172
224
231
206
154
125
112
75
47
35
15
21
27
55
136
253
246
179
180
204
196
162
156
172
143
175
220
196
157
119
107
89
51
22
15
15
29
49
139
247
273
227
214
198
167
174
166
211
161
201
226
192
160
141
107
86
44
30
15
19
24
52
136
249
294
201
239
174
173
192
145
183
162
196
212
189
200
167
165
98
74
42
28
15
28
52
135
245
251
234
215
208
204
188
183
219
158
206
258
319
211
195
139
156
104
75
60
46
40
39
67
111
150
228
230
211
232
233
234
212
231
265
256
265
242
220
180
179
127
93
72
49
47
35
54
82
129
201
296
284
261
238
265
197
213
218
211
212
128
133
94
81
47
25
11
16
21
50
123
204
242
214
202
170
214
175
155
166
155
195
222
206
122
133
166
105
61
28
22
11
19
40
110
182
221
238
187
164
181
163
153
166
138
163
218
329
267
210
145
106
60
35
19
16
21
50
114
173
205
197
197
179
168
173
164
148
148
153
202
226
179
139
117
87
67
41
22
19
26
28
111
196
237
211
200
194
194
182
184
155
161
187
237
232
184
151
130
131
83
41
25
18
29
43
85
172
225
237
206
219
211
191
181
164
162
203
266
256
196
137
141
149
104
98
61
46
36
36
61
96
134
200
188
221
257
254
207
206
188
231
248
242
205
179
169
147
105
87
68
38
36
16
48
91
145
191
325
246
257
240
234
206
204
191
219
196
176
141
137
73
70
26
12
20
16
57
110
154
230
209
182
167
195
210
184
173
195
215
187
196
167
122
122
73
31
24
22
10
27
35
110
238
284
253
205
219
201
173
219
271
185
218
232
194
165
137
103
81
55
27
15
14
37
48
146
314
314
259
201
198
201
174
235
268
229
260
249
233
214
144
125
82
53
28
22
14
22
67
161
305
326
197
226
223
176
190
204
278
236
274
264
231
168
164
133
91
57
45
25
17
20
48
136
306
357
209
227
223
217
187
278
209
204
237
301
285
235
205
207
156
112
95
52
48
34
28
70
193
199
269
276
293
269
263
248
202
190
248
293
270
228
217
221
202
185
109
69
38
62
22
60
81
170
213
302
301
297
293
255
296
238
220
252
230
172
106
110
90
37
28
15
6
12
40
130
242
293
203
226
186
181
169
217
290
207
240
232
229
190
131
88
64
63
23
17
13
18
47
123
293
321
250
203
194
183
188
205
277
180
230
241
238
178
149
106
81
44
30
19
15
16
37
135
301
338
225
193
195
192
185
212
242
202
260
290
369
189
132
167
71
42
30
17
11
18
44
148
293
368
221
242
196
204
190
226
254
218
219
297
265
200
150
132
86
56
33
11
22
32
50
131
280
333
177
172
229
247
219
320
281
214
239
279
299
243
188
155
126
132
105
65
28
36
34
78
139
211
281
314
308
282
255
246
268
244
254
307
286
257
227
224
195
175
108
82
37
38
34
68
117
147
241
291
263
261
286
275
268
240
217
195
200
158
138
112
79
64
34
27
6
26
56
139
228
308
230
195
171
171
178
237
267
233
194
237
234
166
121
97
85
56
17
11
15
15
43
121
294
330
226
198
185
192
188
224
267
198
226
237
228
140
132
113
94
37
34
17
15
22
47
135
310
325
224
219
187
196
179
212
299
208
254
290
241
168
147
114
82
61
22
21
15
26
48
130
286
337
249
204
216
216
222
220
272
290
261
262
249
187
162
130
77
66
28
32
28
32
50
127
260
364
199
200
225
236
158
258
226
185
249
312
329
217
157
208
153
146
81
41
39
20
37
80
120
195
291
295
313
303
264
251
245
221
287
318
313
238
255
236
201
169
99
76
38
39
37
68
128
133
196
250
281
292
291
254
224
221
226
224
198
174
116
95
71
38
32
10
8
27
49
120
247
262
203
176
187
181
170
199
285
203
207
237
204
153
128
102
70
25
25
11
11
16
35
127
313
328
216
193
210
203
190
206
274
199
228
236
209
159
119
107
66
56
26
16
9
25
40
198
290
301
216
219
180
190
168
219
232
172
247
275
235
166
136
97
65
58
29
25
11
24
70
138
302
325
193
186
184
181
186
192
226
207
218
271
231
217
150
133
101
68
32
26
23
34
45
123
269
329
219
222
216
197
171
259
237
244
224
322
316
238
202
183
174
136
74
59
32
38
31
54
122
179
245
260
243
241
267
214
213
202
258
289
297
259
226
208
174
165
106
69
74
50
32
68
99
144
219
281
258
297
306
267
267
208
254
250
220
161
122
102
85
44
20
18
12
17
52
143
242
311
205
200
195
193
192
202
268
210
210
226
187
183
115
96
63
46
27
16
9
23
31
133
303
307
220
191
195
182
200
200
277
190
241
221
215
187
116
108
81
