181
230
249
93
61
30
34
36
33
60
101
143
145
144
156
144
106
166
150
135
77
79
70
49
22
22
7
12
8
23
74
108
155
185
183
150
176
159
176
159
144
158
216
185
157
114
64
49
32
21
11
8
12
18
65
144
180
175
170
175
188
201
162
166
159
191
250
194
144
90
101
50
50
26
14
9
12
13
50
116
189
180
175
165
203
183
200
200
171
158
214
224
150
121
109
84
83
44
19
13
18
14
20
46
95
136
183
195
191
208
202
183
186
171
254
207
171
117
114
127
82
66
38
17
21
15
24
37
66
136
189
204
218
228
196
214
167
197
180
143
115
71
69
60
12
13
10
7
7
21
51
127
198
170
184
153
197
164
185
219
161
201
247
192
139
95
79
59
35
12
9
8
9
28
61
154
229
200
179
160
178
177
188
225
187
191
217
247
160
115
65
40
24
18
7
10
7
22
77
144
226
166
190
178
161
187
187
221
156
215
242
230
135
103
100
50
25
17
6
5
7
11
81
165
200
175
193
168
187
165
165
219
169
229
253
231
169
113
82
60
37
16
14
8
6
25
61
148
219
162
212
178
182
233
219
227
199
240
298
312
194
115
132
106
72
41
27
14
10
12
18
40
110
157
206
218
238
215
201
214
178
202
221
256
182
152
153
139
105
47
33
24
17
12
21
35
88
151
199
235
267
242
224
218
201
193
191
143
106
70
64
74
36
10
10
5
12
29
53
104
141
173
165
159
175
173
176
218
169
194
248
178
119
90
100
39
32
14
10
9
4
26
66
107
169
170
186
194
172
170
194
224
168
249
244
213
172
147
273
66
34
20
10
8
15
23
46
73
126
140
179
206
199
183
170
227
169
226
265
265
145
116
103
56
26
16
15
6
7
27
76
142
157
162
213
194
195
175
203
228
173
216
259
239
183
136
115
62
47
28
13
8
8
25
75
160
150
125
183
200
208
219
252
232
172
207
228
211
139
109
156
163
187
67
29
23
9
22
23
43
102
140
188
203
193
222
181
159
165
198
235
235
141
182
141
162
98
75
28
19
14
15
23
36
77
102
157
189
221
220
208
188
174
167
156
155
101
95
102
63
41
24
12
7
4
17
24
52
115
133
169
177
210
191
210
194
177
191
180
166
108
89
60
37
23
8
9
5
10
24
72
162
146
181
204
185
199
155
196
236
199
241
282
244
182
173
84
61
24
16
6
7
7
26
64
159
144
184
190
214
186
210
187
245
199
223
242
237
191
145
111
51
23
16
8
4
9
18
56
72
114
157
198
187
200
169
199
241
208
248
286
283
196
155
117
56
41
18
7
8
12
22
73
163
155
168
210
227
224
246
240
220
235
216
275
245
185
148
129
94
65
51
19
13
17
20
27
68
118
222
228
248
251
221
227
226
208
208
257
191
182
169
179
192
98
56
21
30
18
9
22
59
90
171
218
240
271
247
229
207
202
195
187
138
119
77
65
43
23
17
3
9
8
30
60
143
155
157
185
160
189
161
186
274
210
220
223
187
129
123
83
44
14
14
8
8
6
19
86
146
171
168
193
166
172
182
188
210
178
205
314
260
147
128
96
59
33
13
3
6
10
29
69
125
160
166
177
175
172
151
186
213
176
240
245
236
125
136
89
71
35
13
16
6
16
20
59
108
141
129
184
173
216
194
204
250
206
232
298
257
175
174
105
79
44
12
13
12
7
26
67
143
167
137
199
198
202
222
216
236
213
240
281
275
211
152
126
112
73
37
26
17
9
13
20
50
133
193
218
275
269
237
211
239
221
211
242
204
199
186
168
136
104
40
32
15
20
12
25
27
102
148
218
213
221
251
231
239
218
239
253
128
130
125
111
114
32
16
9
17
6
33
54
119
145
143
204
157
166
174
199
243
208
220
229
193
157
108
70
49
16
21
6
1
8
23
79
149
165
144
190
177
172
170
190
227
225
223
248
216
173
115
77
58
25
7
3
6
5
22
70
148
199
173
183
167
188
146
197
234
198
243
253
228
176
124
99
50
42
21
8
7
9
22
66
182
189
173
197
217
218
185
210
265
250
263
305
279
193
157
143
86
41
20
12
8
19
24
73
124
202
226
269
276
258
247
262
183
158
163
146
119
73
53
52
46
26
16
10
10
7
11
11
19
34
71
90
133
114
151
166
187
161
169
223
180
173
125
152
127
94
54
17
23
16
12
27
48
101
144
192
260
216
248
248
213
198
213
221
172
109
74
74
54
31
11
5
6
13
35
58
122
130
154
219
190
199
153
183
250
192
222
226
220
144
138
68
33
17
10
7
10
7
24
76
185
205
200
219
191
221
193
191
207
198
238
286
207
182
147
89
55
41
21
8
9
10
19
78
153
175
175
170
212
175
174
203
235
186
250
259
239
169
129
129
73
34
12
9
9
12
21
72
143
197
171
166
192
207
177
239
213
185
251
316
308
189
197
176
90
60
28
13
22
14
23
76
186
194
187
199
197
186
197
184
199
159
199
223
201
178
120
125
99
63
49
26
23
18
12
18
53
106
129
170
178
205
202
177
170
165
184
270
215
199
127
151
195
76
62
24
24
16
14
22
40
72
116
182
184
212
200
195
208
199
157
181
175
125
97
91
64
44
23
13
9
10
21
33
63
88
123
155
191
195
174
178
177
171
179
189
158
120
102
71
38
26
14
7
5
10
16
78
150
158
178
189
162
191
191
210
188
162
186
210
157
124
106
178
92
34
11
6
3
9
17
96
175
185
186
235
178
203
189
221
246
167
190
243
217
176
181
195
115
59
22
12
3
10
19
86
177
192
166
231
176
193
207
191
235
171
200
282
241
197
174
121
79
58
33
6
10
11
26
77
135
173
159
240
217
217
215
225
235
190
215
303
254
182
135
134
127
137
51
17
18
15
12
26
63
120
185
235
224
269
261
272
241
222
191
241
214
198
180
178
181
115
67
34
17
15
16
21
43
105
158
187
207
270
229
252
298
236
212
255
200
107
86
81
61
93
17
7
7
7
30
76
141
155
178
181
175
199
177
175
206
174
221
211
194
161
77
78
32
32
9
11
5
10
27
87
146
210
187
196
172
179
177
167
218
176
201
229
229
170
160
90
46
24
6
9
6
10
30
58
92
122
108
182
166
202
163
182
226
181
202
241
216
175
158
102
69
32
13
9
7
10
30
71
125
139
170
175
186
162
194
231
231
198
208
267
229
174
156
120
68
48
17
16
10
10
28
72
165
207
163
220
192
204
181
195
224
162
199
248
249
171
164
167
271
130
58
25
26
18
13
25
47
126
189
216
232
227
208
231
209
200
210
233
259
198
161
176
275
125
56
51
23
19
13
24
39
96
177
196
262
238
251
220
217
196
207
197
168
148
90
77
45
24
15
8
9
16
30
74
156
155
150
171
172
166
183
198
217
157
211
273
234
181
145
91
32
25
13
13
9
3
26
79
170
198
201
176
180
146
172
177
227
164
207
274
230
177
125
105
217
115
28
14
6
6
35
81
188
196
162
212
230
194
189
235
226
183
195
263
262
155
140
157
263
101
33
11
4
8
30
78
172
199
151
206
206
204
200
214
227
200
238
269
242
185
168
104
63
40
18
15
9
10
35
61
81
129
117
186
191
185
199
201
204
167
203
267
229
147
144
139
254
178
43
17
15
16
23
20
56
117
134
226
245
214
232
210
214
174
159
251
275
190
162
177
260
186
71
31
24
16
30
43
90
121
211
210
239
201
241
207
195
196
207
196
143
133
92
45
30
7
13
8
12
26
66
111
149
153
196
175
182
154
212
214
174
197
238
231
172
112
85
62
21
17
6
2
16
20
73
88
151
90
178
177
181
193
193
284
185
200
228
205
174
141
116
239
91
14
14
2
9
29
74
117
158
81
130
192
181
184
176
223
199
221
284
313
176
179
175
212
139
27
16
10
14
16
75
111
161
103
181
197
208
193
198
236
212
238
288
272
189
179
127
87
41
23
15
7
11
23
60
124
143
122
196
193
158
174
249
244
174
211
277
270
168
158
133
173
208
62
37
21
20
13
29
47
113
165
211
194
215
213
232
197
137
176
240
222
192
140
149
170
219
60
34
22
19
23
38
36
85
107
178
206
254
232
214
190
156
181
164
144
148
101
174
144
42
19
9
6
7
33
63
86
128
152
183
171
190
144
158
178
160
200
259
244
164
130
81
41
27
13
8
5
9
36
67
119
120
117
168
199
169
151
156
141
136
167
192
212
114
124
79
45
34
13
11
5
9
25
70
140
178
153
190
171
184
147
159
144
146
191
182
204
167
116
114
45
34
17
8
3
13
19
67
140
165
157
185
182
179
175
158
179
124
161
216
198
151
133
115
59
49
26
19
7
14
17
73
129
197
185
209
174
179
185
176
190
186
182
230
210
169
124
167
162
81
41
21
20
18
18
19
40
88
163
181
214
224
196
176
183
153
176
209
252
190
145
147
215
119
61
44
30
12
9
23
29
79
131
198
213
223
203
233
187
174
178
177
185
114
92
78
28
26
17
13
10
9
28
63
130
163
155
173
184
190
189
176
161
175
207
228
180
136
147
186
103
45
21
5
7
11
24
69
122
161
199
152
151
164
153
156
166
122
173
270
346
216
159
143
94
55
23
13
9
7
19
72
131
136
172
176
172
169
158
147
153
113
133
187
171
145
113
134
190
29
21
12
3
12
20
64
136
127
129
188
175
182
183
163
152
120
181
223
188
148
126
165
189
71
30
16
15
17
19
38
83
156
183
170
203
175
195
180
185
170
186
219
212
149
108
165
163
112
60
22
15
21
17
17
39
85
130
161
172
178
180
184
172
143
190
200
224
135
120
141
165
83
51
20
12
16
12
24
35
89
125
202
160
199
212
203
193
152
168
161
166
145
103
88
35
27
16
4
7
10
26
53
124
159
152
172
170
164
159
163
151
166
180
173
171
138
106
74
35
35
21
14
4
12
25
74
162
200
202
200
196
176
136
187
221
147
205
253
198
153
129
94
52
23
15
11
3
8
18
82
176
230
158
201
171
193
200
182
227
173
202
248
262
176
155
108
71
34
19
4
5
9
20
78
133
179
128
206
180
204
211
178
226
193
205
299
253
166
139
174
124
51
24
9
12
6
31
66
151
189
172
206
217
209
187
193
204
189
233
290
260
202
142
152
161
96
42
19
19
14
18
29
71
122
195
237
219
221
197
194
194
130
151
211
140
160
150
163
136
112
73
33
28
10
20
17
35
92
158
199
229
194
205
207
193
165
212
244
186
127
94
237
67
24
10
10
11
8
25
79
134
156
162
191
149
178
158
156
199
163
211
254
236
175
131
89
53
23
12
7
4
12
22
87
179
206
193
175
169
160
163
157
235
183
221
234
222
167
159
162
127
45
19
12
10
12
31
64
152
227
139
195
195
175
161
162
196
182
218
307
356
194
146
217
121
53
19
13
4
7
34
78
148
203
169
198
187
199
208
191
209
179
245
291
243
182
182
124
96
51
25
13
6
21
35
92
138
151
110
148
238
223
222
233
220
209
263
297
264
176
137
167
103
75
67
24
20
21
13
19
63
115
188
226
207
229
204
219
199
194
212
261
216
209
164
178
134
118
58
33
27
26
10
33
52
111
163
226
248
236
209
232
220
214
245
213
194
141
111
93
80
28
13
7
7
13
34
76
129
147
175
175
191
192
160
172
209
192
210
236
196
156
129
88
47
33
14
6
7
9
28
82
161
183
140
174
189
189
159
169
211
196
208
291
232
201
139
75
60
35
16
7
4
9
33
96
128
178
165
205
176
205
182
176
179
182
218
280
237
176
156
114
64
39
13
8
8
16
26
76
168
173
152
208
204
206
201
172
241
207
256
284
286
200
172
129
86
42
32
19
12
16
22
77
177
177
125
201
206
243
228
208
224
151
220
271
283
186
173
289
153
93
40
28
15
16
22
30
57
119
187
234
219
213
203
215
211
172
210
271
223
187
179
262
176
113
79
21
25
22
13
20
60
99
181
197
233
238
224
246
177
195
215
208
186
128
129
67
44
39
14
9
7
16
30
79
160
159
164
184
203
195
189
196
219
179
185
247
256
145
133
81
48
29
13
5
14
9
26
69
177
152
168
189
215
190
184
216
235
199
248
231
184
164
123
89
49
30
11
7
10
12
24
77
167
170
167
219
198
180
154
158
184
167
209
292
233
162
154
112
73
31
12
3
7
8
36
93
158
178
137
171
165
198
180
195
203
172
210
282
274
207
140
126
70
61
24
19
11
17
24
82
131
165
156
189
233
211
199
233
218
195
231
294
317
207
146
137
113
61
42
23
19
16
19
30
61
109
164
215
209
215
202
223
192
181
225
248
237
226
162
213
219
119
61
32
18
18
14
20
48
94
134
214
212
214
249
220
208
189
241
226
177
128
149
136
53
27
15
9
4
8
32
84
135
139
151
196
210
217
205
182
223
171
214
240
204
147
107
91
49
20
20
10
11
12
32
71
169
219
179
183
179
168
165
193
193
197
166
294
200
141
129
93
70
