109
151
145
125
100
74
71
53
33
39
44
49
36
47
50
46
49
57
51
43
45
42
49
38
20
18
14
7
14
28
95
79
83
50
31
46
50
46
44
31
35
50
32
26
40
41
30
40
22
15
18
7
10
24
55
80
77
56
40
37
41
47
51
51
33
64
53
38
41
48
30
31
27
17
15
15
13
24
52
91
79
51
38
64
66
39
51
52
43
54
69
69
47
46
50
57
53
26
25
23
29
19
44
43
65
71
66
81
74
61
66
57
61
41
61
55
55
39
61
55
50
31
29
26
22
35
35
44
60
62
85
77
80
55
67
42
54
49
63
47
31
45
35
31
27
12
11
6
16
21
49
73
60
40
42
30
37
35
52
43
31
52
44
41
36
33
38
25
17
13
10
11
9
23
44
68
67
36
36
45
53
35
34
36
32
50
44
38
52
41
34
32
25
15
10
15
14
19
49
71
77
31
34
37
38
41
39
73
32
53
46
43
32
51
33
27
20
10
22
6
13
28
53
78
71
52
39
38
34
33
43
36
29
41
58
37
51
34
36
37
26
10
14
12
15
22
48
84
72
48
42
40
43
46
42
46
50
62
101
110
68
57
54
58
42
31
34
13
23
23
42
61
53
85
84
79
55
65
63
51
54
61
64
63
35
52
59
72
59
46
30
25
25
25
35
41
40
48
66
56
77
53
63
37
44
55
38
45
25
37
31
43
27
25
10
10
10
22
42
75
56
46
34
37
21
26
25
45
33
49
43
45
28
42
42
25
22
14
8
9
18
18
55
72
72
30
36
31
26
37
39
29
79
184
184
141
63
49
39
35
18
13
11
7
15
24
70
101
69
49
35
38
39
32
33
41
38
52
48
42
42
31
37
27
20
17
8
8
13
21
56
101
88
51
38
40
42
28
34
35
39
48
53
51
30
53
34
49
29
24
13
9
14
31
62
90
85
57
39
44
36
38
50
54
45
64
90
66
61
52
71
48
46
49
29
28
38
23
60
63
62
78
71
79
58
71
51
48
49
63
72
77
53
52
67
58
64
51
33
34
31
24
37
39
46
55
59
69
71
53
67
70
42
58
55
37
42
43
45
42
24
22
11
14
20
28
28
45
36
35
29
41
46
46
41
36
28
50
36
32
40
29
34
36
21
14
10
11
7
24
50
82
73
38
37
41
40
33
41
39
31
55
56
47
40
41
36
35
16
12
5
18
12
30
60
99
76
46
37
38
32
37
53
51
32
56
55
39
41
37
22
31
32
13
4
8
18
33
44
80
79
49
31
33
19
44
29
58
36
51
63
59
48
50
36
33
29
21
12
8
15
22
60
100
72
66
29
45
49
48
48
51
52
74
78
57
54
61
61
54
43
38
25
22
25
21
37
49
59
67
71
64
63
61
62
65
53
63
91
69
62
68
62
56
60
44
28
29
27
18
43
46
44
67
93
63
56
63
64
51
45
67
49
40
32
36
25
27
19
18
9
3
9
24
49
81
61
56
32
45
37
32
37
46
41
48
33
34
40
29
29
24
27
16
5
11
14
22
45
71
78
35
25
30
40
32
27
36
30
45
66
47
47
30
28
32
21
11
11
8
16
23
53
76
73
37
38
31
36
25
37
48
35
54
45
43
34
35
31
26
25
16
9
14
13
29
51
106
66
35
32
39
47
36
32
33
38
54
73
51
61
53
38
51
20
23
12
20
21
24
66
109
92
52
50
51
42
47
40
58
65
90
98
99
82
66
57
65
53
47
31
23
27
25
48
55
67
97
86
87
66
78
84
71
58
69
88
75
58
62
68
74
58
46
51
24
28
25
33
50
42
65
86
76
71
56
63
72
62
90
82
60
47
47
35
104
40
28
12
11
12
32
73
93
80
40
33
45
28
43
43
51
30
59
45
53
39
30
33
35
23
15
12
11
24
24
55
78
53
46
42
29
40
41
39
39
29
52
66
40
39
35
39
34
24
12
10
12
18
20
49
83
62
47
25
57
39
26
41
36
30
47
51
47
50
38
36
30
36
22
12
7
18
27
59
93
79
47
46
40
42
41
48
59
47
53
79
65
48
56
34
49
28
24
19
18
24
36
52
98
69
36
38
48
45
48
61
73
50
45
33
40
41
46
49
27
34
24
17
8
15
21
32
38
38
23
33
46
33
31
30
50
45
51
71
65
54
61
60
69
53
44
42
23
33
18
41
50
56
80
81
77
57
50
64
63
48
51
59
54
47
42
35
24
29
14
13
9
13
34
62
117
102
52
25
25
33
37
46
32
36
52
50
47
42
33
32
40
23
14
8
12
12
32
64
86
70
49
39
46
44
38
43
47
31
55
60
50
47
37
41
36
24
21
14
8
21
24
53
86
83
43
31
47
35
32
48
45
38
76
77
60
72
61
42
38
40
25
12
9
19
30
62
97
86
60
32
37
37
53
48
56
49
93
88
91
74
79
53
61
53
34
35
25
23
37
55
92
91
60
39
45
54
55
57
60
60
72
115
86
86
65
85
70
95
54
48
51
41
45
71
95
146
159
151
143
115
103
104
117
101
103
141
141
104
105
116
126
84
58
47
45
38
40
48
73
74
113
134
115
94
90
90
104
71
93
99
83
62
61
81
82
36
27
33
17
18
39
75
81
104
99
92
84
75
75
76
56
71
81
79
66
47
63
47
40
33
17
10
8
14
26
52
51
49
39
46
45
50
53
40
40
35
54
51
43
36
32
34
47
31
11
7
14
17
30
57
84
79
46
35
39
38
50
50
43
32
70
76
60
55
53
38
45
29
17
5
15
17
35
63
89
73
49
44
47
40
42
41
56
45
55
84
48
61
48
40
50
31
25
11
6
16
32
67
79
68
66
51
54
41
58
52
59
46
78
73
89
66
72
80
79
76
63
60
47
44
34
72
95
128
134
158
134
111
129
126
135
88
118
110
112
91
89
102
98
66
52
48
49
31
32
51
78
98
100
131
116
99
104
104
104
88
103
92
88
77
57
49
43
67
25
14
16
22
29
71
96
58
42
31
61
39
39
52
44
32
64
50
50
42
38
40
35
32
19
9
8
18
36
57
96
47
51
45
34
30
35
41
42
38
57
56
83
38
44
37
28
23
18
11
15
16
51
77
113
97
66
40
43
39
42
48
60
39
49
66
67
50
63
66
39
35
18
12
9
14
34
73
99
66
57
39
41
48
52
34
50
46
75
83
63
65
69
47
46
57
24
17
16
26
32
70
94
87
68
53
61
51
83
63
72
61
75
110
92
99
77
92
79
88
77
69
35
37
44
86
101
134
173
154
134
143
134
112
130
86
143
165
145
136
107
111
107
96
62
58
37
58
42
55
76
89
115
135
122
98
84
100
85
82
104
125
86
69
67
68
59
35
30
13
10
18
28
67
93
67
52
33
27
50
36
47
61
53
64
82
67
50
36
40
26
34
20
11
9
12
32
56
77
81
62
50
48
44
44
39
48
37
48
59
75
61
42
43
41
22
25
10
11
24
33
50
100
59
54
37
47
45
42
40
69
46
79
63
48
40
32
32
30
42
25
16
14
18
28
64
92
82
52
33
38
40
33
47
48
42
80
75
64
65
75
50
42
36
22
16
8
24
31
77
109
83
82
49
43
37
46
54
54
49
63
88
73
79
74
77
87
78
66
46
35
24
47
76
101
106
119
148
137
124
107
111
102
83
113
142
124
120
110
112
116
92
68
66
54
62
47
90
99
111
142
126
82
100
91
88
86
94
71
101
57
63
71
53
33
35
23
8
15
26
54
103
82
56
52
48
41
46
56
50
37
49
61
63
50
36
37
32
33
22
13
8
18
43
52
116
86
50
46
43
46
48
49
49
41
45
57
64
51
33
36
33
38
12
15
14
16
32
46
107
109
57
42
40
57
45
41
36
40
60
53
61
60
69
54
29
37
18
19
15
19
28
68
103
98
53
36
50
33
47
47
35
48
65
88
71
71
74
43
47
39
30
17
23
17
29
77
111
103
73
69
49
48
63
74
66
49
83
84
81
89
85
74
81
66
72
36
31
42
29
59
68
103
115
126
85
97
66
98
71
61
73
96
85
75
73
87
85
95
72
54
52
48
39
59
77
92
112
136
130
105
99
100
79
103
70
85
81
65
59
63
40
39
24
8
18
22
31
61
89
83
44
37
39
29
41
43
51
31
54
72
42
62
49
64
43
39
18
13
11
18
32
66
114
92
52
45
40
35
35
46
43
30
42
52
54
48
44
35
47
43
24
20
15
13
37
66
101
85
66
47
48
58
34
40
44
38
53
62
61
45
47
39
31
25
23
9
17
16
34
61
109
101
48
54
48
44
47
56
49
37
53
57
72
59
64
39
47
47
35
13
20
18
19
72
89
93
57
40
50
38
64
60
73
45
64
63
83
78
75
75
94
87
50
53
28
40
48
77
72
93
134
138
110
103
87
105
86
69
101
101
123
101
101
108
101
94
71
60
40
44
36
61
83
71
111
142
111
89
78
81
69
80
77
74
71
70
43
70
54
40
22
14
10
31
28
65
53
53
45
47
51
44
51
47
42
41
39
40
47
32
41
50
50
36
19
14
8
26
30
46
61
71
39
34
43
39
40
41
41
27
55
54
78
61
55
53
47
32
20
13
9
18
34
50
75
55
43
51
36
33
31
29
39
31
47
49
44
53
44
59
50
49
25
17
17
20
36
58
75
56
47
42
60
34
38
46
41
45
61
48
46
51
53
71
49
46
28
20
24
21
41
62
58
78
64
59
50
62
57
51
48
50
50
93
76
73
76
84
73
70
51
35
21
32
32
37
50
79
83
75
79
68
75
56
74
51
51
63
73
58
69
80
91
61
62
34
25
33
41
27
53
43
84
116
97
75
92
98
69
62
64
72
66
66
70
76
50
30
21
17
5
11
35
63
55
51
39
41
43
50
45
46
55
58
77
67
36
45
52
46
55
28
25
14
11
28
32
70
67
77
46
40
57
49
43
45
36
31
56
53
47
62
58
44
35
33
25
15
11
14
38
61
101
68
47
53
47
42
37
58
56
33
71
52
56
61
48
47
34
48
25
13
18
17
32
67
95
68
60
39
31
36
37
35
51
35
72
61
81
59
51
42
43
35
28
12
17
23
33
60
109
84
76
62
44
56
55
45
60
56
68
82
80
95
74
86
87
93
67
53
29
26
27
60
68
70
98
91
83
61
66
60
55
46
87
94
74
72
83
82
79
83
70
46
27
31
34
43
46
58
65
106
82
67
72
67
68
55
54
60
58
65
50
39
57
36
22
13
10
19
31
64
91
74
48
40
37
46
40
34
43
39
59
26
44
45
51
39
32
37
18
17
15
18
30
51
115
58
35
41
36
28
37
41
30
38
65
55
40
48
39
41
37
35
16
11
14
25
29
62
91
77
50
39
33
44
28
41
32
38
71
73
93
65
41
56
41
31
19
11
10
18
24
64
92
79
57
43
59
47
22
28
40
25
57
71
63
51
55
39
50
34
25
15
14
25
29
71
106
101
73
57
46
43
55
49
63
60
78
80
60
82
60
63
68
50
50
51
32
22
30
50
60
80
76
84
76
76
73
62
66
46
69
82
65
68
66
74
102
109
56
29
43
30
40
55
60
64
70
93
66
63
70
58
63
49
51
68
73
45
63
57
58
30
19
12
8
26
28
52
88
72
52
47
38
40
38
45
50
44
63
67
43
48
43
43
27
35
15
8
12
10
30
63
68
71
37
41
33
42
32
49
43
40
51
32
53
48
41
44
30
17
22
11
8
15
26
75
104
79
40
37
33
47
43
33
31
35
36
59
49
43
44
45
51
36
26
11
12
12
32
75
97
73
53
33
47
38
51
58
34
33
79
52
62
47
47
42
37
40
24
12
15
19
21
61
82
79
48
40
39
52
42
37
54
48
69
77
53
71
52
78
81
70
55
48
35
35
33
85
101
138
148
126
122
132
90
86
96
81
95
94
86
87
99
101
96
76
68
40
34
40
44
64
86
81
111
155
99
84
102
78
60
72
81
74
63
64
56
55
55
43
12
15
6
22
37
72
82
89
37
40
28
29
30
35
38
38
49
37
40
45
30
35
25
23
13
14
9
14
33
71
101
77
43
32
35
34
38
36
50
38
58
37
52
43
39
38
27
27
13
9
5
13
31
64
76
70
37
45
32
31
37
34
27
37
61
55
49
54
36
56
37
32
19
14
12
10
38
64
70
75
48
32
29
37
43
33
37
31
64
50
58
57
47
50
43
30
25
20
15
29
37
73
89
86
56
52
39
51
47
62
58
50
61
68
70
102
80
71
85
52
51
33
26
24
24
49
49
92
81
80
67
82
68
66
63
43
65
60
64
64
53
93
67
71
50
44
34
47
34
33
56
62
82
95
74
75
64
70
60
55
56
42
52
56
38
61
50
36
12
16
10
18
31
61
69
75
56
38
47
43
32
40
35
30
47
34
44
38
35
26
16
24
15
11
7
16
22
42
79
64
42
37
36
30
42
36
34
25
70
58
47
44
49
56
34
