322
431
312
210
138
71
70
43
60
69
70
140
117
160
144
134
135
156
126
114
104
97
87
60
42
39
27
10
16
34
64
127
257
182
150
137
161
136
175
143
142
156
183
149
130
118
98
80
69
53
33
16
28
34
54
170
219
173
137
143
180
171
174
165
140
195
182
182
125
104
118
96
57
52
32
28
25
22
61
154
248
171
170
165
179
149
184
160
160
190
196
180
166
153
152
136
115
100
86
40
44
21
49
63
111
156
163
200
214
187
179
176
160
198
199
162
138
134
184
146
148
103
64
77
51
25
33
67
91
151
166
174
173
151
169
168
166
177
146
130
122
115
87
76
62
37
22
25
26
34
65
195
239
179
132
131
130
138
143
213
178
202
192
163
129
92
82
74
65
41
32
18
17
22
81
203
293
186
151
129
147
141
159
180
171
236
199
178
144
139
109
110
68
57
44
14
17
36
95
206
284
197
159
139
185
151
186
208
191
201
215
171
155
109
111
75
53
51
35
18
19
34
59
239
277
186
166
138
158
151
184
193
204
259
229
218
152
161
119
93
87
64
42
28
16
33
88
231
303
193
161
178
193
205
168
216
180
274
309
270
186
187
173
170
127
69
55
50
33
27
26
68
139
198
168
178
204
188
201
180
178
211
226
203
154
165
131
172
122
93
72
57
35
19
42
51
103
151
195
193
195
199
182
156
175
155
158
150
141
106
105
98
50
47
25
16
29
35
83
204
263
170
147
140
147
145
135
203
177
239
234
170
125
95
121
93
67
29
35
20
15
35
85
216
258
197
164
162
180
168
170
207
173
278
232
195
143
148
94
98
54
45
40
20
23
41
95
263
296
224
151
155
185
161
173
191
183
226
257
209
155
123
102
68
76
49
45
27
14
35
76
227
300
207
167
171
166
173
205
212
196
248
245
229
206
176
140
113
80
60
44
35
18
36
91
232
329
202
190
175
220
229
220
228
213
281
310
270
207
180
208
165
146
94
75
65
41
28
44
73
103
159
185
170
197
175
162
168
154
184
248
219
139
161
180
158
171
142
71
69
58
26
35
51
102
134
155
168
173
203
199
178
153
157
181
186
145
136
161
114
98
66
67
35
30
33
46
73
111
133
138
164
168
165
164
166
142
181
170
168
130
92
115
73
60
40
22
14
22
38
80
247
307
214
204
207
189
183
195
268
232
310
335
279
222
206
201
145
65
48
27
22
17
37
86
253
376
237
199
196
193
207
222
265
235
326
293
298
219
203
140
106
88
57
49
24
21
29
73
246
330
221
203
170
192
192
197
295
230
335
343
361
295
312
223
182
162
100
74
56
39
46
88
243
362
244
222
244
231
236
243
247
236
267
355
293
252
249
271
180
190
133
85
74
36
31
43
99
140
209
241
249
256
238
221
224
227
257
323
346
256
274
287
259
247
166
131
101
45
46
47
123
138
179
223
233
242
228
223
175
185
185
198
183
134
138
98
85
68
35
22
18
16
32
66
208
283
206
140
190
187
169
222
254
248
246
260
256
210
158
130
106
54
51
28
18
20
28
92
234
296
188
168
175
165
184
207
202
220
281
395
299
228
180
138
89
67
43
31
24
19
29
68
227
297
210
171
163
189
196
198
242
191
269
305
308
226
176
143
127
96
51
48
26
31
39
68
229
283
220
196
180
229
211
224
267
243
294
350
318
348
278
250
219
128
114
56
45
43
45
76
280
354
248
214
238
261
269
271
281
251
357
369
331
270
264
263
229
189
156
112
102
56
47
54
79
152
213
261
269
273
260
250
244
204
210
292
289
215
221
260
237
199
145
145
104
74
30
39
57
104
170
230
219
255
209
194
197
190
286
306
184
154
164
154
211
101
56
31
20
26
40
70
215
304
212
157
183
216
243
210
248
216
290
288
257
215
181
127
97
65
43
21
16
21
43
73
219
321
279
181
153
169
183
199
226
225
276
295
263
213
177
126
97
71
45
29
28
20
31
92
243
313
224
188
172
207
206
201
244
215
292
374
260
245
218
190
118
97
73
46
24
31
37
78
270
293
226
221
225
217
215
203
272
242
310
374
320
305
299
277
173
130
103
78
52
42
48
72
226
331
252
220
224
239
225
213
241
147
160
184
175
125
125
134
100
74
78
53
38
34
14
9
35
51
78
105
110
131
151
143
155
184
188
264
272
223
202
221
294
234
155
124
111
65
44
49
62
113
171
227
215
235
236
196
223
209
201
199
187
157
117
165
102
84
46
20
17
18
38
85
199
292
215
169
184
199
170
186
228
239
262
256
260
174
184
126
95
72
34
32
17
15
41
81
214
314
241
191
180
218
172
201
219
215
319
298
261
258
229
153
140
95
51
32
13
27
30
73
239
335
260
183
190
204
179
217
231
233
297
332
290
267
216
191
143
93
68
50
25
25
26
90
268
342
237
183
203
227
211
220
266
227
293
376
366
330
271
274
184
150
120
103
54
54
46
83
224
303
260
218
257
233
274
272
268
205
294
326
281
229
239
228
229
184
131
132
78
56
26
48
93
115
176
176
199
209
227
196
201
201
241
290
258
235
223
227
248
208
167
150
125
73
52
46
58
95
149
183
202
224
208
213
204
167
190
226
196
180
175
183
143
144
79
52
33
25
21
59
69
117
155
157
145
185
203
173
186
190
211
248
224
215
181
130
93
67
48
24
25
23
37
69
144
187
220
181
167
207
210
204
204
203
270
244
248
227
181
129
102
80
59
38
27
31
39
82
213
303
218
179
212
210
209
237
225
258
318
279
331
260
243
203
144
103
79
51
39
32
38
79
218
305
214
222
185
224
196
211
265
206
315
359
299
337
264
203
143
140
85
48
62
35
30
83
235
353
278
229
237
264
267
254
271
216
288
332
310
282
263
227
299
258
191
125
84
56
30
45
75
143
229
247
222
263
251
239
229
222
292
314
370
287
272
287
260
188
165
116
104
55
40
43
71
126
165
215
221
227
219
237
222
216
181
290
221
160
127
133
123
181
57
31
16
27
44
82
217
275
190
161
164
173
230
220
206
223
264
281
225
224
180
112
106
66
40
35
17
20
41
90
219
319
197
191
191
187
166
186
237
191
268
309
274
280
203
216
151
87
72
51
26
29
39
88
263
412
279
201
187
198
183
201
221
200
330
335
288
274
212
171
127
98
75
54
37
37
36
89
235
334
217
214
163
219
233
240
263
224
327
325
285
291
248
206
188
181
113
91
51
46
35
83
247
317
261
216
226
266
248
241
295
235
303
356
348
361
343
273
260
190
177
127
106
56
28
51
74
167
203
227
249
251
251
216
257
205
240
328
283
277
259
258
270
229
198
150
96
91
29
51
59
119
176
247
222
240
230
192
214
209
211
213
223
181
158
139
121
83
62
34
30
30
35
83
218
276
210
147
192
191
182
216
243
227
276
318
308
290
220
136
118
91
58
34
17
13
39
82
229
274
218
195
204
198
239
226
236
203
265
300
279
266
189
152
106
89
59
40
35
16
27
83
225
357
243
198
165
217
183
229
256
241
304
342
269
268
219
177
148
104
90
48
41
17
46
79
233
308
216
202
186
234
202
200
266
243
292
377
299
321
241
239
195
140
114
86
60
56
33
105
202
300
231
201
249
210
242
233
264
241
329
344
298
281
227
226
222
179
145
112
63
54
29
48
82
145
192
226
251
242
233
226
255
206
243
272
373
288
245
243
213
204
170
164
93
50
46
53
96
166
210
221
235
239
217
192
208
192
227
203
169
184
150
111
83
50
35
28
28
35
94
187
300
226
156
168
193
189
214
241
198
256
237
244
216
185
151
105
74
65
39
29
22
37
83
231
318
239
208
216
235
263
244
291
215
270
275
271
256
217
186
113
80
61
49
23
20
33
88
235
333
218
158
182
194
214
203
258
197
315
319
329
263
269
195
145
116
91
61
37
49
43
96
249
347
228
207
213
229
240
243
278
250
352
367
328
293
335
261
166
182
110
88
82
87
73
110
271
362
280
266
245
248
264
254
256
244
302
321
304
252
265
216
213
172
133
98
91
64
59
54
109
148
194
220
285
255
224
217
195
193
220
220
241
210
187
189
185
200
128
110
79
68
49
75
71
99
147
202
189
198
188
193
164
170
149
158
160
148
123
117
82
78
62
32
22
31
46
94
166
206
148
165
181
193
132
162
168
156
213
239
209
130
129
111
95
63
55
28
16
22
45
85
170
206
199
172
194
143
158
152
162
144
173
174
185
143
154
121
87
57
43
38
26
28
31
77
190
222
204
185
154
178
159
162
181
150
183
219
212
192
145
127
108
95
53
35
23
37
39
89
159
239
192
186
168
158
162
169
177
137
194
182
177
190
188
160
126
92
86
57
24
44
30
95
172
259
196
167
201
184
189
166
190
157
207
262
230
215
165
150
162
178
99
104
45
42
26
50
60
104
147
171
200
200
173
162
150
137
172
225
221
174
193
188
189
131
103
88
70
59
28
40
60
108
138
180
164
196
181
188
180
168
163
169
184
150
137
112
107
65
52
35
37
29
34
70
130
184
176
199
171
182
202
193
188
168
285
293
219
205
172
174
152
91
56
24
16
18
29
54
111
200
205
151
171
194
194
206
181
185
219
294
745
611
396
233
186
86
80
36
25
20
32
71
136
198
197
173
157
187
192
192
170
170
212
243
250
218
228
176
133
105
75
69
37
32
31
56
134
193
187
191
194
244
228
238
195
210
247
308
292
271
257
242
213
167
116
95
79
51
40
77
103
189
239
183
223
223
190
225
223
203
202
276
244
225
212
249
206
210
160
141
76
48
39
47
68
103
154
167
213
242
202
197
204
203
237
201
287
213
239
233
226
213
139
119
72
54
46
44
73
127
150
229
251
257
290
261
222
172
198
191
199
227
182
162
100
93
51
30
24
29
35
69
150
202
186
174
157
192
166
155
175
226
227
194
196
236
232
152
135
93
60
38
16
21
28
76
186
260
214
190
206
196
188
217
223
206
241
277
274
231
204
160
120
95
71
45
19
30
28
75
243
292
226
182
211
212
186
210
249
231
294
301
272
255
275
217
160
135
82
46
39
26
51
82
226
287
241
231
180
209
223
228
231
241
302
362
308
306
301
265
223
176
117
73
48
40
52
94
241
338
258
201
239
233
241
268
285
227
296
317
336
308
285
296
286
235
160
119
84
59
39
48
135
160
216
226
232
254
219
205
197
164
225
276
276
234
270
243
259
273
224
123
95
72
33
40
58
111
184
271
311
263
270
311
286
203
210
250
235
190
158
141
111
92
49
44
17
24
32
75
206
266
211
179
155
157
180
196
246
237
249
271
241
234
200
150
108
99
65
38
17
22
39
101
212
278
206
169
151
170
193
208
194
221
292
277
247
276
232
172
166
85
63
42
21
27
34
91
232
291
238
162
192
172
202
211
263
230
304
330
444
324
269
263
142
91
55
61
22
33
33
90
236
318
212
207
196
232
217
230
219
242
312
337
300
325
320
346
184
138
95
83
52
44
46
108
270
394
292
224
271
241
250
260
252
245
351
336
271
274
314
237
247
219
164
132
75
48
31
53
111
157
221
233
289
256
261
274
267
258
308
332
315
235
247
317
269
244
165
135
97
60
34
47
81
125
201
240
239
241
213
254
174
201
204
219
213
178
138
154
135
85
52
38
27
23
40
87
232
317
246
173
216
218
200
230
253
238
295
307
245
243
214
145
138
97
56
24
25
29
39
82
227
312
230
188
178
182
198
181
238
214
254
282
251
228
239
175
127
88
67
37
27
26
29
89
236
288
230
184
184
182
208
229
231
197
282
333
292
260
214
206
144
106
84
58
32
24
42
83
238
311
214
214
202
230
244
246
276
246
332
355
362
327
303
235
169
144
86
73
60
40
46
91
244
337
275
245
243
249
240
232
243
222
303
352
340
275
258
287
260
184
141
127
90
55
40
39
101
173
274
252
253
296
230
260
230
223
284
268
273
249
214
266
270
233
192
160
115
68
30
43
82
122
173
219
251
258
204
209
190
179
200
221
177
199
163
136
110
85
69
33
20
30
31
85
233
274
197
179
179
228
191
237
245
231
267
272
269
251
208
133
128
97
44
42
25
23
33
100
227
300
218
182
171
193
216
223
244
187
252
258
256
234
232
150
131
90
61
34
25
31
30
97
216
325
214
193
172
172
197
200
258
213
299
315
288
268
235
182
154
112
66
74
54
35
39
104
233
298
213
192
181
196
210
208
239
225
294
320
253
281
249
224
224
182
103
67
57
49
41
88
226
296
237
186
204
244
233
216
252
213
318
342
306
297
246
245
266
213
129
94
74
65
47
47
92
143
220
232
256
214
251
254
212
189
224
276
242
205
241
309
256
256
147
105
76
59
38
41
72
116
175
225
230
221
204
227
193
207
173
205
176
197
164
138
91
80
44
42
25
34
41
87
203
306
226
181
203
184
209
214
234
238
239
249
236
224
179
141
129
87
62
47
18
29
32
86
215
276
215
209
146
209
186
188
209
185
276
283
219
269
214
145
120
