226
301
247
278
256
142
77
43
25
25
33
42
44
48
51
49
33
44
59
71
77
71
109
128
87
72
56
24
23
8
6
6
10
10
11
13
20
21
21
26
15
25
43
67
62
64
94
114
119
96
75
53
30
12
9
7
8
9
13
7
18
9
10
11
15
19
46
71
79
106
138
149
137
124
78
48
32
12
5
10
15
17
10
12
9
12
19
23
21
31
48
78
115
102
168
243
321
332
314
264
149
44
27
4
11
11
22
18
24
29
31
38
34
59
86
97
95
125
183
294
375
452
448
314
174
49
21
18
13
13
14
22
30
34
35
40
47
58
59
93
76
94
131
118
108
92
68
50
40
8
9
12
7
8
9
12
8
13
12
6
11
19
36
54
56
77
108
131
123
97
73
32
23
6
7
5
9
11
11
4
12
8
11
14
15
10
40
48
66
110
126
135
135
102
75
42
23
11
7
7
13
10
7
9
5
11
10
15
12
21
38
51
76
104
167
169
177
127
104
65
42
11
9
9
10
13
3
5
12
14
5
10
12
16
48
65
75
118
169
209
200
163
119
95
44
7
11
8
16
15
14
10
9
14
15
24
19
39
89
133
133
152
190
281
415
406
375
251
175
46
13
15
13
15
19
35
29
35
35
39
66
64
93
102
115
174
231
307
427
527
532
411
231
71
21
62
33
22
30
57
32
54
44
46
58
67
82
80
87
105
114
159
143
115
87
51
23
11
9
10
13
7
8
9
15
6
18
21
12
13
33
64
62
116
144
148
132
89
70
48
28
10
5
7
10
5
10
12
14
11
14
12
8
22
39
65
74
103
133
195
183
144
81
52
30
7
8
10
16
19
22
15
12
11
9
14
19
22
38
58
91
103
137
154
161
118
105
61
36
12
9
6
11
15
15
9
8
14
9
19
14
16
40
71
85
123
158
208
229
166
133
86
43
16
10
16
15
14
15
14
9
12
12
16
15
31
65
97
134
137
220
321
413
428
383
315
228
55
22
9
15
20
14
26
41
43
49
42
52
76
94
116
139
194
228
250
460
516
517
445
246
56
22
12
16
22
25
28
41
42
46
53
59
64
112
117
118
128
237
238
252
211
138
120
58
20
12
8
79
17
17
13
19
16
26
20
16
41
46
65
92
97
118
154
100
70
77
48
29
9
5
12
8
6
19
8
9
10
8
10
11
20
41
75
84
131
169
193
162
82
43
31
16
6
8
15
11
12
16
10
8
14
21
11
12
20
51
68
101
126
162
171
179
128
101
53
24
10
6
21
12
7
9
11
14
10
9
17
10
24
55
82
109
165
161
248
286
194
103
74
55
15
9
9
15
10
15
14
16
18
14
18
19
36
47
99
117
167
193
318
389
431
414
291
197
65
13
12
13
17
25
28
32
29
40
40
58
63
122
148
186
203
226
310
478
530
491
384
222
47
18
21
15
26
25
40
41
48
44
52
36
53
89
93
103
121
125
137
126
86
75
60
30
10
11
11
11
10
10
13
12
11
18
12
7
20
38
62
67
96
102
121
111
92
76
46
28
7
6
8
9
9
12
4
9
12
3
13
8
17
43
60
66
86
108
166
154
115
62
46
26
10
10
7
14
9
6
6
10
7
16
17
7
13
43
64
79
91
130
199
201
130
96
70
40
8
8
19
16
11
12
11
5
9
13
15
14
38
54
70
86
150
199
255
224
157
126
66
48
14
10
14
24
14
13
14
13
9
21
14
15
29
62
93
145
145
247
354
453
497
428
367
201
60
16
8
19
23
29
24
41
47
46
48
54
60
108
153
178
211
222
326
394
453
475
344
207
51
33
16
12
18
28
27
36
33
50
54
63
121
157
102
102
118
116
252
180
129
100
41
47
9
6
10
13
14
10
6
8
9
25
10
10
14
40
66
72
94
134
112
91
72
70
32
22
6
17
10
12
17
17
11
17
8
16
19
6
21
39
53
72
107
131
163
167
112
85
52
31
13
10
7
11
11
5
11
22
18
12
17
6
20
49
55
81
189
313
268
240
120
114
66
35
7
11
10
15
7
13
14
13
20
16
14
11
22
44
78
89
133
183
243
246
176
129
88
71
19
10
16
13
15
22
18
11
17
17
19
14
18
34
56
60
72
98
90
53
44
41
53
33
13
6
6
3
2
9
11
18
28
25
38
35
58
81
114
134
144
214
288
394
492
365
348
181
73
36
16
17
23
21
32
35
47
30
37
41
60
93
97
111
121
125
159
129
90
60
49
34
7
5
12
19
17
15
9
12
13
10
11
7
13
39
48
72
92
104
125
103
104
63
41
36
14
19
8
11
8
9
9
10
9
10
11
18
28
30
71
94
123
166
180
178
141
84
53
36
13
12
12
11
13
17
16
19
12
17
17
23
25
59
66
76
108
158
244
228
164
69
55
45
7
9
10
9
15
15
11
13
19
11
29
10
26
62
101
147
168
230
287
312
210
205
115
99
14
10
12
20
18
11
19
17
15
23
15
21
32
57
119
112
142
211
322
423
449
446
327
184
66
22
8
20
18
24
17
54
43
44
53
64
87
118
141
179
178
218
334
444
559
511
411
240
60
33
12
20
18
24
23
49
54
63
68
57
74
105
145
153
176
202
258
261
216
175
107
83
21
12
9
10
13
13
20
16
30
18
31
28
27
50
77
80
109
141
150
132
90
87
48
26
9
11
7
9
9
7
8
18
17
12
11
8
22
40
42
98
80
118
162
197
119
80
40
30
5
8
9
11
9
18
16
11
12
12
11
19
17
48
73
101
130
189
229
191
158
84
52
44
9
7
12
14
14
9
14
15
13
12
17
16
35
39
88
122
158
220
276
291
199
123
70
45
13
13
15
21
18
17
13
19
12
30
28
16
30
41
91
128
175
213
306
433
508
460
365
248
72
29
17
35
25
26
42
75
116
74
61
44
74
99
141
188
178
262
323
422
456
463
379
250
65
23
21
20
23
26
40
47
42
49
52
48
68
102
111
82
97
124
191
235
98
60
52
40
6
3
9
11
6
7
9
19
13
17
13
13
22
32
67
52
84
118
118
120
104
65
30
30
13
12
7
16
12
8
11
10
8
13
14
11
18
50
70
91
128
215
189
185
103
77
47
29
6
10
10
17
17
9
12
8
13
26
16
8
29
35
53
75
108
141
154
169
144
95
55
34
13
8
11
18
15
13
12
17
15
14
17
19
28
57
72
111
130
183
252
273
222
155
106
49
18
8
12
23
13
12
17
9
10
20
16
25
37
66
91
145
184
229
349
473
517
412
365
196
55
32
18
20
18
21
32
43
51
52
46
44
75
115
163
171
205
212
321
459
534
518
420
270
66
25
16
17
26
18
45
45
59
49
49
53
69
66
114
131
108
171
174
175
99
77
43
27
10
11
16
12
11
13
12
10
18
14
17
14
25
46
60
72
98
117
146
192
112
64
55
32
8
7
14
9
15
15
10
9
18
10
16
16
20
39
57
73
107
137
178
153
113
71
53
23
8
5
10
14
17
13
16
12
21
13
10
13
29
61
64
114
137
162
259
193
154
114
66
38
10
11
9
9
13
19
7
16
11
8
13
11
36
46
61
101
147
216
304
247
194
132
91
63
19
10
14
24
19
23
67
30
16
14
11
18
34
59
106
107
178
205
277
392
456
429
323
235
75
21
11
17
22
32
38
22
37
49
39
52
69
121
147
181
204
247
310
398
551
481
374
164
36
20
19
21
27
29
28
45
64
67
62
71
68
102
117
133
170
176
149
118
75
52
32
13
11
14
13
14
7
8
10
10
9
12
7
18
33
54
66
80
106
142
132
99
68
48
27
15
6
15
14
20
17
10
12
15
15
15
10
22
39
51
77
82
119
146
139
124
75
52
28
11
6
13
16
13
15
12
11
13
13
17
11
20
37
57
71
114
164
224
210
141
91
59
42
8
15
10
19
17
13
7
11
15
10
18
13
24
37
69
99
149
178
231
275
143
121
75
65
15
7
16
17
19
16
15
15
16
14
24
9
35
57
89
117
175
198
332
413
509
449
350
210
74
40
14
24
19
21
40
47
45
50
69
49
60
92
122
160
171
261
312
467
504
494
411
248
101
47
21
27
27
28
44
49
51
50
63
58
72
69
110
128
132
177
206
209
129
89
79
43
14
13
10
14
16
12
13
10
16
10
15
22
31
64
64
112
125
125
138
159
92
67
37
22
8
8
7
11
16
9
12
15
8
9
13
10
22
33
65
69
119
158
196
177
112
86
56
37
8
4
13
10
15
7
9
18
20
22
17
16
23
47
59
87
142
166
236
230
136
123
80
54
13
12
9
18
14
18
9
13
15
19
13
13
28
38
65
126
127
197
294
303
209
155
108
57
8
8
10
13
18
19
19
11
6
12
23
19
35
45
79
142
186
262
336
472
512
442
380
222
58
34
17
18
25
31
34
42
52
52
49
46
85
107
116
178
197
254
358
489
595
558
466
272
76
32
15
21
32
27
22
31
63
54
51
57
56
91
80
107
139
167
181
171
108
80
64
34
14
14
4
7
13
9
9
8
13
55
28
17
31
49
51
77
66
114
124
128
111
79
66
49
10
10
7
14
9
14
11
18
18
21
12
14
18
52
60
75
108
169
225
209
134
130
57
39
9
3
15
11
11
15
14
18
11
13
9
15
28
35
84
91
141
182
273
274
154
108
76
48
7
10
11
10
19
9
11
13
15
17
12
16
39
53
78
117
121
210
257
340
218
160
120
83
23
14
15
10
20
18
22
31
22
16
33
28
39
76
108
141
184
238
344
439
449
407
337
178
70
31
15
19
23
24
38
53
41
58
46
46
59
89
132
136
192
248
307
445
463
454
370
248
62
30
23
22
13
35
42
57
54
61
57
63
85
96
114
163
116
170
138
132
99
71
35
30
11
9
7
10
11
15
11
10
18
18
18
25
37
35
64
81
125
152
177
145
118
74
46
31
4
13
14
11
12
11
16
12
13
15
13
15
22
31
61
92
122
175
238
231
152
95
60
30
7
8
9
11
17
10
11
14
17
14
14
15
22
61
76
105
129
187
276
206
182
113
52
37
8
4
18
15
14
13
13
12
17
17
13
19
27
49
72
98
114
210
264
281
196
143
85
54
23
12
13
21
7
14
15
15
15
26
18
18
28
58
89
145
198
249
372
471
566
479
347
203
63
26
18
33
20
38
45
49
50
54
54
71
83
123
136
176
204
245
340
451
479
461
439
255
69
28
17
14
21
39
147
52
59
73
50
40
60
72
88
95
111
130
159
147
87
82
43
36
9
9
9
16
9
13
12
17
11
16
12
14
29
31
54
75
103
134
171
182
116
72
66
32
7
12
8
14
16
11
9
12
9
11
12
13
16
32
65
83
113
177
184
230
142
105
80
40
12
9
14
12
17
10
13
13
12
7
21
10
27
62
112
129
118
210
289
211
119
76
60
44
13
14
11
16
13
10
16
10
11
16
21
21
23
46
70
96
148
205
248
265
203
170
104
67
18
13
17
14
27
20
21
19
17
15
23
19
35
62
106
149
181
258
341
466
456
402
311
216
110
30
20
25
37
35
50
61
66
49
65
62
89
105
180
164
206
242
332
416
552
569
468
286
116
33
20
25
28
34
51
61
50
71
70
66
84
88
97
104
136
161
183
149
125
67
57
32
6
9
12
13
6
9
10
8
10
20
16
16
55
51
59
94
92
131
138
131
104
88
67
20
8
9
8
14
15
10
11
15
11
14
11
14
19
38
58
74
106
129
175
164
103
83
53
34
10
10
12
13
14
18
12
13
8
15
18
14
26
42
62
76
125
158
255
196
166
93
62
52
13
10
14
15
12
14
12
9
8
13
10
15
24
52
76
87
128
215
253
264
219
163
107
70
17
13
9
13
17
23
19
15
13
17
10
18
34
52
89
131
161
225
328
435
469
435
389
181
64
23
25
21
39
28
37
51
57
63
63
47
72
110
151
185
186
288
364
491
621
531
428
276
64
35
24
9
30
30
34
53
65
49
63
78
95
91
99
116
137
165
196
146
102
73
60
24
7
9
14
13
12
17
16
18
15
16
19
11
20
34
38
74
99
143
143
138
99
80
57
30
9
6
12
17
19
12
19
19
9
12
15
9
28
43
61
181
223
369
312
172
139
80
68
37
9
8
6
10
11
12
13
10
11
19
19
11
29
37
70
91
137
191
249
206
178
112
83
60
15
13
6
13
12
10
12
17
26
12
10
20
23
43
67
103
130
213
282
242
197
157
81
57
21
10
6
16
14
17
11
24
20
25
17
17
31
62
70
130
167
226
340
466
542
505
384
232
79
36
23
25
26
37
51
59
54
55
86
68
102
128
126
178
193
245
353
432
490
553
443
261
88
38
13
16
22
34
42
48
60
72
74
71
86
119
121
119
145
172
189
173
99
62
51
38
10
9
14
21
15
16
14
12
21
14
19
14
25
45
60
64
85
102
153
145
92
96
59
22
10
10
12
10
7
12
10
18
28
16
17
8
20
36
72
94
128
158
231
