38
43
36
23
30
15
8
4
1
2
6
5
5
20
14
9
11
5
8
8
10
19
1
11
5
12
16
11
4
4
12
23
29
22
11
22
24
29
22
22
25
41
49
54
38
37
57
33
17
19
6
1
2
3
10
20
41
34
24
37
40
35
27
28
34
44
50
58
66
56
72
45
27
10
27
8
2
2
12
24
47
38
27
50
40
36
30
34
23
35
46
56
46
49
43
40
36
68
84
71
11
1
3
4
10
11
14
19
18
13
20
16
19
21
31
21
32
29
31
19
33
42
68
43
8
2
0
3
4
6
17
17
21
20
17
13
24
24
22
21
21
20
15
20
9
2
2
2
0
4
15
24
48
38
25
28
35
38
39
35
37
54
76
64
55
68
46
61
24
17
10
7
2
3
11
27
50
38
27
32
38
42
35
35
32
42
61
57
65
66
94
61
40
32
45
45
4
2
9
28
48
37
38
52
39
42
45
34
43
37
76
49
66
90
87
62
38
13
6
3
0
3
10
34
53
62
39
50
56
49
41
55
33
39
62
67
60
76
81
77
32
19
31
14
3
6
9
34
51
49
27
59
48
56
50
38
38
35
39
46
48
48
42
45
32
28
58
66
11
1
3
5
8
7
15
16
16
25
30
22
22
14
26
29
23
30
39
49
35
41
55
38
17
1
0
3
5
7
19
18
17
17
17
19
18
23
23
17
24
32
16
18
7
10
6
3
1
3
14
25
41
49
43
43
35
29
37
37
46
51
70
70
69
64
86
57
29
14
10
12
3
2
12
33
57
51
37
54
54
33
38
52
27
30
57
56
77
64
100
69
60
39
52
50
9
4
14
26
62
40
45
62
61
31
47
42
31
39
51
88
77
79
98
58
33
14
16
8
5
5
7
24
45
50
37
53
61
56
62
41
45
42
47
59
71
67
88
63
45
20
27
9
4
0
11
36
50
42
49
56
63
53
52
47
32
46
59
47
62
41
42
30
31
27
54
43
10
1
3
7
5
14
15
17
15
18
23
11
19
9
21
25
35
18
28
25
26
56
61
57
7
2
3
1
1
11
13
4
18
28
15
15
16
20
21
22
24
29
18
17
22
30
23
20
16
11
3
1
4
17
19
21
20
30
16
28
26
36
29
32
35
34
39
23
17
11
4
4
0
0
12
32
64
43
42
51
54
57
63
44
31
50
54
67
89
94
113
68
25
29
44
36
4
5
12
29
72
56
33
55
57
60
54
49
33
52
35
40
70
76
98
64
36
22
17
14
2
2
12
31
56
60
38
57
55
53
47
48
35
40
52
72
67
53
91
67
47
33
26
5
4
6
13
38
77
56
45
54
53
49
40
37
37
35
20
37
34
46
34
45
25
46
47
42
4
1
2
6
7
12
10
30
16
26
20
26
26
18
33
38
41
37
43
31
34
53
52
54
17
0
0
4
10
9
12
20
27
37
24
24
21
35
33
34
31
26
29
14
9
7
6
8
1
3
13
29
42
57
24
51
42
41
42
39
26
61
69
88
63
80
121
67
23
21
18
6
1
4
10
29
50
42
42
55
39
43
59
42
27
41
72
95
87
85
86
60
46
52
49
53
18
3
11
48
47
41
37
50
51
49
39
48
24
37
58
77
70
85
123
52
22
22
21
7
0
3
12
36
58
33
34
71
44
41
57
62
29
43
37
48
66
62
63
69
51
45
35
31
3
2
10
25
51
42
28
59
56
53
50
39
28
37
37
47
67
61
46
49
34
34
49
51
6
1
1
8
3
10
17
22
31
30
20
21
14
26
24
27
31
32
28
31
39
51
51
51
17
6
0
7
5
10
18
39
34
37
22
17
27
39
39
22
15
17
28
15
10
4
2
6
0
2
15
32
47
45
44
33
41
37
48
48
49
54
62
74
64
72
96
39
29
22
31
7
4
3
21
33
58
41
46
55
58
48
50
37
31
40
45
58
56
70
100
57
53
44
50
46
8
1
8
27
56
40
34
44
50
46
52
55
32
38
49
69
75
103
86
69
35
27
18
11
5
2
8
33
48
40
45
67
52
49
62
36
39
31
35
54
71
82
90
54
41
36
29
15
6
5
11
32
48
54
53
52
58
63
28
22
15
14
35
22
29
23
11
14
5
8
1
1
2
0
2
2
1
2
12
16
27
22
15
24
21
17
19
42
22
32
33
38
42
55
50
46
19
2
0
2
7
15
18
23
27
37
22
21
21
16
26
22
33
29
16
18
14
7
7
4
1
9
15
27
69
37
43
42
28
37
50
30
48
57
59
72
93
76
85
49
30
23
19
9
5
6
12
31
47
47
41
54
48
52
59
47
27
39
47
73
71
79
105
68
53
60
74
45
11
6
13
38
54
52
54
56
50
56
59
29
40
31
50
59
57
52
72
54
49
24
23
7
0
1
15
47
52
55
48
75
58
56
60
34
36
33
37
70
69
65
65
45
40
53
17
22
3
4
16
35
48
40
45
50
61
37
45
35
34
34
49
57
57
42
45
44
24
43
57
55
5
5
1
3
8
11
18
18
18
11
19
16
15
16
30
23
32
22
38
24
26
46
52
53
15
2
2
2
3
11
17
28
26
20
16
18
17
17
16
26
31
31
33
27
14
7
8
2
1
1
3
6
10
12
18
11
24
20
17
21
23
34
22
27
33
38
36
33
12
7
5
4
2
4
12
27
29
40
35
36
43
53
43
36
24
35
42
67
89
76
83
36
37
55
63
47
10
3
12
32
52
52
33
49
51
59
50
48
33
50
60
69
91
89
85
58
48
34
11
6
4
2
18
44
76
46
38
61
47
54
45
49
33
38
53
43
57
67
79
73
58
40
35
17
7
3
9
24
39
51
47
36
53
52
60
37
22
32
35
47
60
59
46
33
34
38
55
43
11
0
3
4
6
10
17
28
24
20
25
25
16
18
33
37
38
31
32
44
35
37
42
34
8
1
1
4
5
12
20
22
17
11
24
17
11
24
22
28
30
27
30
24
19
9
5
7
1
8
14
29
54
52
27
41
30
38
35
47
43
62
73
71
83
77
88
59
34
20
18
8
2
3
14
39
57
46
44
44
49
43
33
46
30
41
45
58
61
47
91
73
50
47
43
42
7
5
25
50
58
60
39
59
52
52
39
39
44
42
61
58
89
95
83
59
41
25
17
14
4
4
19
41
65
55
52
61
51
56
45
47
31
35
60
50
76
74
91
66
43
23
25
12
3
3
16
29
50
60
32
55
57
46
60
38
29
33
43
52
67
41
58
35
24
40
62
58
14
2
1
7
8
17
20
27
30
16
28
19
13
18
30
29
34
50
54
33
21
43
58
29
8
1
1
4
3
13
15
24
24
25
22
17
18
23
22
24
27
19
21
20
15
9
2
3
0
2
16
38
52
37
25
51
53
32
38
35
48
50
72
76
61
63
76
55
34
23
11
6
2
6
13
42
63
43
39
51
56
61
55
33
36
51
49
60
70
73
74
67
50
46
59
48
16
5
21
38
65
55
45
56
46
40
48
33
34
58
69
79
83
72
92
51
31
24
10
13
0
4
16
34
57
51
45
62
61
50
56
54
36
36
36
51
58
74
84
57
59
57
45
21
5
2
20
34
68
55
29
38
49
41
44
50
28
38
55
84
66
51
49
39
37
65
59
49
2
0
5
4
6
12
15
28
26
17
15
22
22
24
20
46
32
31
34
56
46
56
61
13
3
4
5
7
8
19
22
24
25
26
17
16
23
28
29
23
20
25
28
16
13
5
3
1
4
12
28
50
45
38
44
43
46
41
49
37
56
66
81
57
54
80
37
43
27
10
9
7
3
17
34
58
63
41
51
52
52
48
43
34
49
48
64
67
57
73
59
56
50
50
50
16
6
23
36
53
51
57
45
52
59
44
49
27
30
61
67
65
64
87
66
43
42
12
8
1
3
15
38
59
51
45
68
72
67
40
61
23
32
51
60
71
60
70
56
58
20
23
7
5
3
13
33
68
60
48
66
65
50
48
31
36
27
40
63
61
51
46
38
57
74
85
52
8
1
1
2
6
20
18
27
31
22
22
16
14
16
23
32
37
35
34
34
42
29
61
43
14
4
3
4
4
20
16
16
20
24
25
25
15
11
24
37
21
31
33
25
8
7
6
2
4
2
11
37
50
47
44
38
41
45
28
37
39
48
60
42
46
37
41
49
34
20
17
8
2
4
16
35
47
51
44
56
51
53
32
29
33
55
74
75
68
55
103
64
35
65
69
52
14
1
15
33
42
52
45
52
40
41
57
40
33
49
60
78
82
69
94
47
43
28
14
10
2
0
14
25
47
64
37
46
55
55
41
35
34
33
54
69
51
70
65
58
28
33
30
31
3
2
16
20
43
64
29
51
44
44
51
43
23
46
62
67
56
52
60
37
41
78
69
49
9
2
1
3
9
10
23
28
29
26
25
11
16
30
17
39
34
16
33
44
49
62
64
44
16
1
2
1
5
3
16
11
16
18
20
24
18
19
22
22
20
27
26
19
14
3
6
2
1
2
18
29
50
34
28
41
30
36
34
31
30
46
55
98
66
43
73
46
25
18
13
6
3
7
7
24
54
35
38
52
41
32
34
33
45
49
61
75
58
64
88
61
32
49
51
39
4
3
17
31
41
46
28
53
48
32
42
35
43
37
74
68
67
84
71
60
38
17
11
9
0
7
14
24
58
56
35
58
70
49
52
40
30
22
34
34
49
50
45
41
18
19
7
4
2
1
3
7
30
18
14
28
31
12
27
23
26
15
23
28
26
25
40
22
30
33
52
39
13
1
1
4
5
5
19
21
16
14
17
15
12
13
19
19
23
23
28
36
28
35
54
40
7
0
1
2
5
13
14
12
17
7
13
14
7
15
19
16
21
18
17
8
8
4
2
1
1
1
10
26
36
31
26
35
35
22
22
39
38
36
57
71
54
60
85
55
33
21
10
6
7
8
12
41
38
49
28
43
61
47
35
34
38
58
58
79
72
76
97
73
35
82
77
48
19
5
9
29
62
44
42
67
64
58
33
51
43
36
58
51
65
67
85
64
27
17
9
9
3
1
17
36
57
47
58
45
36
63
43
37
39
34
54
60
51
61
94
61
33
30
16
7
6
2
10
35
52
44
41
58
49
47
47
44
28
51
35
52
54
48
63
41
28
31
29
31
8
0
1
8
8
14
25
22
30
24
26
29
14
25
31
27
35
42
29
26
43
47
52
54
9
2
2
4
8
20
12
22
18
23
30
20
14
13
20
27
34
20
21
16
10
7
8
4
2
4
14
35
49
36
28
40
32
44
36
38
31
50
57
56
56
70
91
43
25
23
11
14
5
1
17
39
59
36
36
47
55
46
52
37
46
57
58
65
51
69
65
45
37
58
68
51
15
3
17
27
35
48
40
76
43
52
50
47
28
43
65
50
54
74
100
57
26
25
8
11
4
5
13
28
65
47
41
63
56
56
42
43
24
34
53
64
61
66
78
53
30
31
11
8
3
4
14
33
68
57
54
55
51
49
41
30
35
48
47
49
72
70
74
34
30
24
37
19
4
2
0
8
10
16
25
34
21
29
19
25
19
14
23
21
40
36
34
34
25
42
62
35
5
3
2
3
10
13
16
15
30
20
24
27
20
10
19
31
32
34
24
8
15
6
7
3
1
2
15
28
40
37
28
50
47
27
36
49
38
48
39
61
63
75
87
47
35
21
19
9
6
6
12
28
50
46
40
57
53
53
37
53
39
37
44
78
53
77
100
53
36
36
46
51
6
3
19
24
56
62
37
52
44
36
42
44
32
61
60
81
64
71
88
57
45
28
9
7
2
7
17
29
56
42
55
68
59
32
42
50
34
31
54
69
67
76
70
61
35
24
11
6
4
2
18
33
52
41
35
56
42
41
40
47
33
54
57
53
56
48
54
41
59
50
54
38
5
2
5
8
9
14
10
23
21
17
18
15
22
22
27
41
45
42
44
26
43
47
47
34
8
1
1
4
13
12
29
21
25
32
36
20
27
30
33
24
31
51
27
16
13
8
7
1
1
5
15
40
67
40
33
42
54
30
39
37
34
81
72
62
88
76
87
53
32
26
19
7
5
4
18
36
57
45
41
64
34
32
49
49
36
52
90
88
61
70
80
57
35
48
62
42
14
1
16
34
53
53
46
47
57
27
37
48
45
50
62
71
81
51
85
59
54
22
19
9
3
1
21
36
66
39
37
51
43
38
56
54
27
23
57
66
58
60
78
63
33
24
15
8
5
6
11
28
34
34
29
41
49
33
28
28
18
23
34
46
39
41
35
30
25
33
52
49
9
3
3
5
3
14
17
22
21
27
19
26
24
37
25
17
18
11
15
21
18
44
46
28
9
3
1
2
5
8
18
26
29
23
35
27
20
26
21
20
28
29
25
12
7
6
7
4
0
1
9
34
59
51
30
31
44
32
44
33
43
58
44
67
97
73
90
51
32
21
6
3
2
3
10
46
61
44
46
45
40
31
37
32
44
45
46
81
85
76
88
68
