878
692
603
560
579
370
213
192
117
120
154
290
373
507
511
596
513
624
654
597
573
476
413
347
268
175
124
91
81
63
152
208
268
347
307
348
439
502
516
535
530
673
809
784
753
686
604
512
371
296
244
201
90
71
147
222
297
410
299
364
388
484
556
551
516
655
899
905
910
992
844
805
649
458
327
214
132
65
145
248
325
431
364
415
436
497
546
536
551
687
906
1040
1064
1048
1099
1350
1485
1564
1329
1041
502
120
57
93
129
193
354
444
550
606
649
727
776
854
889
995
983
983
1216
1643
1991
2130
1936
1401
671
160
79
87
125
173
259
386
494
561
628
678
658
687
695
668
564
544
517
394
283
185
122
127
102
66
189
287
363
376
339
313
410
412
492
448
418
562
719
810
701
743
700
679
473
336
226
145
117
75
198
288
378
430
398
402
449
474
532
515
421
546
807
872
881
837
891
817
572
373
201
142
115
71
189
289
406
483
398
398
469
465
513
517
422
561
795
888
1002
1029
1003
907
676
375
282
205
155
74
185
295
432
496
449
423
458
499
595
501
514
624
850
987
981
1089
1194
1325
1042
797
533
324
182
80
176
313
394
521
429
466
468
554
553
552
503
722
940
1255
1253
1336
1340
1647
1690
1783
1704
1307
565
147
83
103
155
263
332
461
609
658
748
863
780
828
953
1032
1072
1110
1229
1720
1913
1942
1711
1766
926
230
105
94
112
222
319
462
561
689
723
748
648
722
703
691
638
587
555
476
324
241
177
143
99
72
194
296
388
464
382
367
418
432
456
450
423
568
785
839
835
930
1075
824
530
323
206
113
106
90
195
292
449
487
442
419
487
526
584
550
529
750
905
1081
1055
1119
1184
1075
731
467
287
217
123
75
191
292
403
510
462
475
535
524
613
513
455
624
857
1020
1023
1149
1182
1075
675
436
324
212
120
65
188
313
471
465
436
438
528
574
539
552
469
659
848
1084
1134
1322
1384
1442
1159
756
519
386
243
118
223
334
433
622
462
468
507
535
606
562
534
697
915
1133
1200
1175
1334
1527
1651
1720
1543
1278
707
237
137
124
197
216
346
381
521
626
745
745
806
895
1008
1084
1010
1110
1175
1561
1843
1983
1895
1638
790
202
101
62
109
175
272
419
485
627
703
822
756
783
876
757
741
847
885
861
807
653
577
359
204
77
82
104
201
296
341
388
478
568
640
617
623
664
767
734
696
722
650
520
363
232
189
125
102
72
184
292
436
510
421
433
490
559
544
518
477
673
872
1063
1139
1210
1282
825
581
332
227
169
102
54
188
348
467
584
498
506
539
584
598
571
447
656
962
1099
1167
1193
1184
1108
641
419
270
182
90
57
178
324
452
550
496
474
540
558
527
597
507
741
1027
1302
1280
1380
1426
1448
1125
755
525
350
187
91
168
349
475
615
504
494
558
599
690
588
597
697
840
984
1173
1197
1218
1508
1493
1640
1522
1278
644
221
100
132
176
310
454
595
744
859
853
948
920
1004
1294
1369
1339
1364
1580
1957
1712
1535
1534
1679
762
235
108
103
126
224
396
509
661
782
737
820
650
770
844
795
744
724
683
631
389
246
155
127
113
60
187
309
391
536
386
388
495
473
586
553
449
585
793
929
859
864
818
667
400
274
185
115
81
67
184
327
406
544
439
379
486
519
525
546
450
648
919
994
1039
1104
1136
956
659
397
249
162
140
74
202
321
453
528
461
433
533
566
535
539
440
619
832
964
1044
1064
1085
1072
805
499
327
237
103
91
197
326
405
555
471
434
559
549
590
544
517
698
951
1232
1262
1333
1405
1632
1221
859
644
464
274
96
185
316
453
590
501
549
649
662
699
643
610
798
1032
1293
1411
1342
1469
1714
1896
1920
1741
1362
782
283
165
125
221
350
459
588
744
846
958
985
862
1066
1161
1267
1383
1253
1342
1733
1665
1637
1630
1535
722
232
101
97
147
230
391
508
608
748
840
866
732
968
1008
681
650
585
700
690
509
275
176
142
111
72
202
321
457
540
448
436
482
522
507
515
476
667
904
930
955
984
822
670
451
259
147
109
97
61
213
305
474
544
479
506
505
567
612
530
470
698
879
1061
1174
1217
1208
1145
789
348
247
162
90
63
184
322
451
545
495
461
528
602
601
610
526
698
937
1119
1308
1352
1312
1345
1024
681
430
245
128
90
226
318
478
600
496
518
598
624
597
570
537
691
1004
1181
1320
1440
1493
1587
1498
958
788
556
320
118
192
333
410
568
537
539
631
604
624
519
403
477
564
682
730
605
669
573
374
301
228
267
157
87
37
66
93
159
258
333
525
636
700
749
819
934
1046
1180
1155
1249
1400
1842
1759
1452
1449
1486
764
222
123
96
148
241
388
478
613
738
738
748
658
833
943
885
728
723
761
666
482
305
179
130
127
98
180
315
352
537
455
407
538
529
527
547
507
645
861
898
933
978
928
788
516
351
202
140
110
91
198
312
368
493
481
475
559
554
631
592
548
738
964
1106
1214
1261
1253
1235
963
586
295
210
112
75
226
326
408
537
426
500
610
594
653
614
482
721
935
1209
1403
1385
1400
1452
1044
711
452
287
167
77
215
359
416
557
495
480
553
574
607
578
499
714
950
1182
1344
1297
1311
1476
1313
1060
740
514
260
108
198
329
457
551
454
483
518
578
647
566
479
673
883
1105
1134
1204
1282
1424
1677
1634
1621
1278
678
213
129
93
171
282
350
478
570
691
796
897
762
969
1049
1239
1185
1161
1438
1686
1843
1793
1756
1541
751
233
104
80
113
198
304
458
616
807
866
896
689
789
985
1065
948
993
985
1014
881
675
486
381
220
70
87
117
172
271
334
416
542
576
622
726
752
746
907
874
778
793
693
542
425
261
179
137
88
82
201
312
368
443
379
384
521
586
573
535
481
600
848
953
960
1008
989
822
566
337
224
155
115
68
188
292
437
503
443
510
548
572
594
634
510
687
997
1232
1303
1373
1329
1251
750
423
318
208
98
79
193
325
435
544
486
486
554
621
649
657
501
704
1078
1277
1364
1505
1489
1532
1217
774
595
413
243
90
183
345
462
596
469
494
576
592
670
592
539
767
974
1163
1273
1424
1489
1725
1929
1927
1969
1532
759
271
130
125
233
339
478
627
818
894
1067
969
778
1008
1103
1235
1294
1260
1425
1775
1746
1418
1613
1524
800
254
127
88
195
267
372
493
603
749
820
800
681
868
933
826
665
611
711
567
629
261
191
113
84
85
178
285
424
475
371
382
459
482
499
488
457
603
839
926
904
999
907
781
451
285
218
131
111
54
182
296
386
517
419
452
505
547
569
590
463
691
924
1222
1241
1224
1346
1280
806
447
288
193
96
81
209
341
444
549
498
467
528
529
555
473
429
603
902
1026
1164
1232
1239
1144
775
507
319
183
128
95
179
331
436
584
437
437
500
553
582
509
499
667
955
1174
1228
1375
1339
1448
1310
961
695
502
306
118
187
317
421
511
466
476
537
596
635
570
554
769
991
1266
1319
1385
1416
1679
1916
1934
1891
1410
722
188
125
137
186
329
365
509
752
887
914
949
819
1006
1231
1318
1268
1313
1465
1668
1714
1497
1562
1542
825
245
125
93
132
234
343
493
636
766
750
833
704
774
908
880
819
803
767
589
416
299
232
186
114
78
209
303
385
480
406
442
448
527
538
509
512
643
911
1038
1040
1102
917
781
517
351
199
120
115
91
180
331
417
498
465
443
485
508
593
559
524
699
913
1002
1126
1169
1153
1068
674
400
260
189
124
61
181
337
446
538
501
545
565
585
629
595
431
608
950
1107
1196
1256
1248
1204
835
383
286
207
99
62
179
330
468
545
487
524
628
678
640
620
649
761
947
1200
1319
1385
1378
1495
1347
953
532
420
263
112
180
296
413
504
447
445
553
565
589
551
546
676
912
1145
1242
1244
1311
1653
1765
1906
1675
1318
699
180
127
120
175
300
398
521
701
776
881
880
730
926
1132
1275
1168
1316
1435
1795
1679
1307
1045
691
502
162
123
157
191
320
446
609
684
765
717
686
733
817
889
816
767
734
606
438
295
207
150
119
76
194
304
386
487
440
384
475
469
516
559
489
654
817
888
976
930
867
658
486
324
233
135
115
76
178
298
382
555
502
522
562
600
598
581
468
566
769
946
1043
988
1026
977
634
395
257
199
118
81
196
324
425
648
471
478
611
535
611
561
513
693
945
1199
1182
1207
1266
1173
876
583
370
211
160
87
179
352
447
618
528
570
625
640
665
575
500
729
933
1234
1354
1361
1412
1557
1194
828
585
339
201
116
205
346
336
544
522
563
599
647
641
603
517
735
934
1180
1276
1256
1375
1539
1659
1746
1585
1215
621
172
100
95
189
298
431
529
738
892
953
874
674
946
1206
1370
1409
1265
1326
1619
1621
1549
1633
1384
646
184
139
103
137
265
370
475
665
810
838
830
684
820
945
918
874
790
737
609
448
286
192
137
102
93
207
275
399
475
380
396
447
476
556
569
526
660
899
1015
962
906
813
722
434
263
145
120
97
65
194
292
444
569
447
507
495
461
477
511
400
587
813
1031
1039
1114
1122
1055
711
374
228
195
113
80
189
305
471
538
465
409
516
512
538
524
444
663
820
1038
1150
1223
1231
1220
805
473
348
201
129
76
186
302
432
562
473
456
528
514
501
545
425
595
800
1026
1288
1356
1416
1565
1267
830
561
348
228
81
176
312
402
519
495
510
558
565
642
616
546
721
983
1234
1244
1292
1409
1485
1729
1697
1576
1174
634
187
95
121
188
294
411
562
679
813
857
878
779
942
1143
1266
1237
1273
1506
1776
1756
1585
1592
1630
744
232
86
102
119
208
311
457
642
703
797
795
663
720
835
838
771
731
704
520
355
233
207
124
106
77
178
298
356
450
398
393
491
526
548
581
509
689
857
966
890
822
750
651
400
229
179
120
138
84
170
259
346
433
412
432
481
483
557
587
503
655
847
944
1052
1103
1086
997
741
430
266
217
116
64
181
290
408
461
445
443
483
556
551
579
566
707
951
1151
1254
1356
1410
1390
1053
659
380
242
202
99
179
286
386
570
456
480
554
595
686
571
529
685
936
1116
1294
1286
1446
1463
1539
1299
889
607
347
126
117
175
332
485
501
487
573
614
698
600
585
750
923
1230
1238
1270
1423
1700
1876
1897
1730
1279
699
198
124
118
183
354
471
574
712
883
869
922
782
1001
1249
1287
1225
1282
1314
1584
1759
1769
1629
1223
637
219
114
98
154
248
465
560
694
794
845
811
746
749
843
861
947
760
714
432
416
254
192
140
92
62
152
280
350
427
372
357
444
463
532
573
624
746
852
883
963
1023
886
770
530
334
194
146
128
77
178
303
419
505
431
476
522
523
636
577
538
707
961
1119
1220
1199
1209
1058
786
438
247
205
104
74
211
363
432
532
482
505
578
551
618
597
505
712
938
1123
1254
1283
1407
1339
900
532
327
178
142
92
187
361
473
559
503
519
618
599
604
553
559
745
1037
1119
1322
1360
1438
1550
1318
953
765
442
218
78
201
323
481
538
465
538
581
563
657
577
568
761
974
1325
1338
1455
1552
1575
1767
1884
1713
1412
694
190
136
160
217
337
407
521
701
776
839
778
645
770
1017
1016
1140
1169
1333
1534
1321
1302
1384
1677
803
201
116
110
158
194
318
480
623
652
740
667
489
619
638
696
751
684
681
597
424
267
194
117
104
67
184
314
401
449
365
367
464
532
516
510
515
613
771
929
920
948
825
742
540
334
210
153
116
77
185
334
406
471
408
457
504
517
494
514
454
664
866
970
1075
1152
1284
1137
730
512
314
219
134
88
199
342
412
506
459
410
539
512
589
549
465
699
865
1130
1127
1237
1271
1300
799
414
303
162
130
78
211
355
477
512
455
492
542
602
619
549
485
696
958
1156
1337
1406
1501
1574
1421
906
702
416
196
103
209
333
458
646
692
630
614
610
648
561
528
686
946
1100
1212
1209
1316
1597
1704
1712
1819
1324
685
166
139
160
197
297
391
502
670
864
850
866
796
935
1068
1201
1224
1202
1426
1578
1538
1211
1407
1733
878
260
131
124
134
228
357
451
605
738
769
701
595
720
823
820
831
774
779
657
376
290
183
121
86
89
190
324
398
440
348
375
462
468
557
573
538
633
914
988
936
958
954
846
546
351
208
153
121
65
170
323
412
498
452
440
501
522
576
596
480
625
885
976
1082
1137
1164
1139
779
415
285
226
99
95
214
319
472
557
507
487
533
559
576
523
496
639
870
956
1096
1269
1313
1300
876
488
365
219
113
89
192
330
466
552
488
461
579
566
637
578
555
782
968
1060
1181
1284
1357
1610
1383
882
607
390
220
116
190
342
415
561
507
464
557
583
651
598
528
699
986
1149
1268
1316
1407
1520
1634
1730
1705
1353
671
172
134
142
209
354
464
545
714
787
877
946
762
985
1159
1237
1258
1320
1550
1591
1478
1486
1441
1610
842
201
102
99
163
315
387
506
636
788
773
742
614
747
868
879
802
790
777
727
447
275
204
133
114
86
197
325
374
472
407
402
479
496
564
566
511
593
911
870
980
1018
955
846
535
350
226
140
104
78
206
318
408
520
500
508
556
513
599
529
479
625
917
1003
1063
1130
1300
1100
853
506
320
195
111
96
230
306
412
482
405
459
488
557
601
551
510
716
943
1053
1229
1300
1305
1237
831
562
375
251
163
90
287
322
422
577
468
492
523
561
615
535
440
666
940
1096
1213
1310
1270
1451
1373
913
700
477
258
124
204
326
415
556
456
460
578
541
637
568
481
654
907
1117
1255
1191
1342
1500
1610
1736
1680
1347
699
191
107
135
182
338
432
547
643
755
777
778
627
807
1008
1231
1197
1275
1331
1363
1426
1383
1574
1546
781
235
99
118
162
250
367
479
635
653
686
696
600
683
761
806
766
844
752
607
486
338
224
140
117
69
209
315
367
514
450
444
500
587
596
502
506
645
885
934
1019
1094
943
832
520
329
212
170
103
74
213
307
428
455
482
437
488
546
563
516
501
672
968
979
1183
1224
1273
1258
