44
87
83
82
51
19
10
5
0
3
2
4
2
5
6
5
8
6
8
5
5
8
7
7
8
2
0
0
0
1
0
0
1
0
0
1
1
0
0
0
1
1
2
2
3
2
2
5
3
7
2
4
0
1
0
1
0
1
2
1
2
0
0
1
1
0
2
1
4
5
11
5
12
11
9
5
3
0
0
0
1
0
4
1
0
1
0
1
1
0
1
4
6
12
16
15
26
32
22
26
10
4
0
1
1
1
1
1
0
3
1
6
3
2
3
4
9
6
8
10
23
34
36
28
6
3
2
2
0
2
2
1
0
2
4
0
2
2
1
5
6
3
5
6
1
6
6
4
0
0
2
1
1
1
0
0
1
1
0
0
0
3
2
4
3
4
4
11
7
6
3
3
1
0
1
1
0
0
1
0
0
0
0
0
1
1
1
5
11
7
8
4
3
10
8
9
4
4
2
1
0
1
1
2
0
1
0
1
4
3
3
4
5
3
8
14
7
0
10
4
2
0
4
2
0
1
1
0
1
1
2
0
1
3
2
11
12
5
6
17
9
12
14
6
5
4
1
3
2
0
1
2
0
1
2
1
2
3
8
20
8
11
9
27
40
32
40
37
13
4
5
2
3
0
1
2
2
3
0
5
4
4
4
8
8
17
12
27
33
48
59
39
19
4
2
4
2
3
0
4
2
3
1
3
5
7
4
4
6
12
7
12
7
2
4
1
1
1
2
1
0
0
0
0
0
1
1
1
2
1
2
3
2
2
8
13
4
7
3
2
0
2
5
0
1
0
0
2
1
2
0
0
1
2
0
5
7
2
7
19
14
13
5
5
1
1
3
4
0
1
4
6
0
0
1
0
1
4
3
3
2
12
9
12
9
10
4
5
2
2
1
0
2
0
0
0
1
1
1
1
1
2
4
0
6
2
12
13
10
9
3
10
3
1
1
0
0
1
2
0
0
1
1
0
3
0
2
10
13
10
11
20
29
42
46
34
14
3
1
2
5
4
0
3
0
2
1
3
5
5
9
12
11
2
11
22
46
44
48
53
23
4
4
0
1
1
2
0
1
2
5
0
1
4
1
10
5
12
14
17
18
15
4
8
8
0
2
0
1
3
2
3
5
1
1
4
2
3
2
6
5
4
2
7
6
6
1
1
1
0
1
0
1
0
0
1
2
0
1
2
0
3
3
2
7
7
12
12
5
11
4
1
1
1
2
6
1
2
0
1
0
2
0
2
0
1
5
3
7
4
6
9
10
5
4
1
1
3
3
2
1
1
2
2
0
3
1
1
1
1
4
6
9
6
9
12
17
8
6
3
1
4
1
1
0
0
1
1
2
1
1
1
2
2
8
6
13
13
18
24
16
26
24
30
12
2
3
4
1
5
4
2
2
2
0
2
5
5
14
19
16
22
22
20
30
51
52
36
15
4
4
0
3
3
5
1
3
1
2
2
4
2
9
9
2
6
17
9
7
4
5
4
2
1
2
3
4
1
0
1
1
1
0
1
1
0
3
3
4
6
9
6
8
4
3
2
1
0
1
1
2
0
0
1
2
0
1
0
1
1
4
5
2
8
8
10
9
10
9
4
0
2
0
0
1
0
1
0
2
2
1
1
2
0
2
2
5
6
9
8
9
3
7
5
2
3
1
3
0
2
4
4
1
2
1
0
1
2
4
2
6
9
4
19
17
12
2
2
5
0
1
2
3
0
2
0
4
3
2
4
3
2
4
14
8
13
21
28
38
46
28
25
19
4
0
0
2
3
4
3
1
3
4
5
3
7
6
13
14
16
23
26
34
50
50
39
16
2
3
0
1
2
3
0
1
3
4
2
5
20
16
10
7
17
21
59
29
9
9
2
5
0
5
0
1
2
1
1
0
3
0
0
2
2
3
7
5
8
5
9
8
2
1
1
2
2
1
5
4
4
1
2
1
2
1
0
3
2
2
6
3
4
7
16
10
6
8
3
1
0
1
2
0
2
1
0
1
3
3
2
0
1
2
2
4
6
14
10
8
9
4
4
1
2
1
3
1
0
0
1
0
1
1
0
1
0
1
7
10
6
15
8
11
9
6
2
6
1
3
0
3
4
0
1
0
3
2
0
0
0
0
4
5
6
3
4
5
2
3
7
1
0
0
0
0
0
0
1
2
2
2
2
0
5
6
12
8
14
13
25
45
40
40
25
15
4
4
4
1
2
2
3
1
6
5
2
2
4
8
10
8
9
10
10
5
7
1
1
2
0
3
2
1
0
2
0
1
1
0
1
1
1
2
3
8
1
4
10
5
5
4
2
0
1
1
4
0
1
3
1
1
1
0
0
0
2
4
3
4
7
7
11
13
9
5
3
3
2
0
1
2
1
2
1
0
2
0
1
0
0
1
5
5
6
8
4
10
8
4
2
4
1
1
2
2
2
0
1
0
1
0
2
1
3
3
4
12
10
10
16
24
6
14
4
4
1
1
2
1
0
1
3
2
3
2
0
2
1
4
7
6
11
18
19
39
32
38
42
11
4
2
1
4
3
6
1
6
1
3
5
1
4
10
8
14
10
9
30
39
57
58
43
33
7
0
1
3
3
1
1
3
1
2
7
5
6
6
8
6
13
8
22
14
14
12
6
2
1
5
2
0
1
3
1
1
1
3
0
0
2
9
5
9
5
8
14
6
6
1
1
2
0
0
3
1
0
0
0
3
2
0
2
0
4
1
6
8
7
7
24
17
9
6
5
2
0
1
1
1
2
0
1
0
0
3
2
2
3
10
7
7
10
12
12
8
4
8
3
0
0
0
1
2
2
0
3
0
1
0
2
0
2
3
11
6
18
12
12
18
11
5
7
3
3
2
0
1
4
3
2
2
1
5
7
0
1
7
7
4
18
12
30
43
50
56
33
16
1
4
4
3
1
5
6
2
3
0
3
2
7
13
14
9
16
25
27
30
42
47
31
21
14
5
2
2
3
5
5
2
2
3
4
3
3
15
10
6
6
8
14
33
5
3
1
2
0
2
0
1
1
0
3
3
1
2
0
1
0
3
3
4
4
8
11
8
3
7
4
1
1
0
3
0
4
0
1
1
1
0
1
1
2
7
6
4
9
16
11
18
10
10
3
2
0
0
2
1
2
0
2
2
0
0
1
2
4
1
6
5
12
11
12
10
9
7
6
4
0
0
0
0
0
1
1
1
1
2
0
3
6
1
3
8
7
12
19
14
6
7
8
0
0
2
0
2
2
2
4
0
2
0
3
0
1
2
13
14
12
28
32
42
51
43
33
25
3
4
0
3
4
5
2
3
1
2
5
4
6
7
12
16
13
18
22
37
45
59
45
21
7
1
0
2
1
4
4
4
2
3
3
4
2
2
6
10
10
13
6
4
5
2
3
0
0
0
0
0
1
2
0
2
1
0
3
0
1
3
7
7
7
11
6
3
9
2
2
2
1
1
5
2
0
0
2
0
1
0
1
0
1
3
3
6
5
10
20
14
4
12
6
0
1
0
1
0
1
0
2
0
1
0
0
0
4
4
7
6
7
13
15
8
5
2
2
2
0
0
0
2
0
1
1
1
0
1
1
1
2
3
4
8
9
4
20
16
6
7
2
1
4
3
3
5
6
3
5
3
1
1
2
0
3
5
8
14
12
20
27
39
39
63
28
25
1
0
1
2
2
1
3
4
1
2
2
5
5
8
11
17
10
17
31
44
49
53
39
19
4
1
2
4
2
3
4
8
5
3
3
4
6
8
5
12
6
10
4
3
1
1
1
0
1
0
0
3
1
0
1
0
0
1
2
2
2
9
9
2
5
7
7
2
1
0
5
1
2
1
2
5
2
0
2
1
2
0
1
2
1
5
9
4
3
11
15
11
12
10
2
1
0
2
1
2
2
1
2
2
2
0
2
1
3
4
6
8
8
14
9
4
9
2
1
1
2
4
2
5
2
2
1
4
1
4
3
0
3
3
8
10
15
26
12
12
2
8
0
1
0
1
2
0
2
1
1
0
4
1
1
2
6
13
8
13
14
16
40
36
36
44
12
1
1
0
2
1
2
2
4
0
7
8
8
6
7
13
10
11
18
20
42
55
39
46
22
5
6
1
3
1
4
3
4
5
6
1
7
8
9
7
12
8
6
3
10
5
7
0
1
0
1
2
1
0
2
1
0
1
2
4
2
1
2
10
11
9
4
11
6
5
2
1
1
0
1
3
3
0
0
1
1
1
1
1
1
1
1
1
6
8
5
8
10
8
8
7
2
0
0
0
2
1
0
0
1
1
0
3
2
7
2
6
8
6
6
11
15
11
5
5
2
1
1
1
0
2
1
1
2
0
1
1
3
1
1
3
10
9
21
18
15
7
11
6
1
2
1
2
3
0
0
0
1
1
2
0
3
4
3
7
12
14
17
20
29
46
48
40
11
5
2
2
4
2
2
1
3
1
4
3
4
4
4
4
15
17
20
27
39
57
65
77
78
10
9
1
4
1
0
1
1
2
1
4
8
3
3
6
9
9
10
6
6
4
6
4
0
2
1
1
2
3
0
0
3
2
0
1
1
7
6
10
6
8
7
5
9
4
2
1
0
0
0
1
0
1
3
1
2
0
1
1
1
2
6
4
6
8
14
11
18
22
9
10
0
0
0
0
2
2
0
1
0
0
2
1
1
1
2
6
9
8
10
11
10
8
8
4
0
1
3
0
0
2
0
0
0
3
0
0
6
2
5
4
12
8
13
13
20
12
10
12
3
2
1
1
1
2
1
0
2
2
2
3
1
1
3
12
18
10
18
28
24
44
53
32
13
1
3
3
1
2
4
3
2
2
3
1
1
6
3
7
15
4
9
23
28
22
34
30
20
1
3
1
1
0
5
1
6
7
0
6
3
4
6
5
12
6
14
5
8
5
1
3
1
3
2
0
1
1
0
5
4
0
0
2
3
4
6
0
7
4
11
9
15
3
5
2
2
0
0
1
0
0
0
2
1
3
2
0
3
2
7
5
9
10
15
12
7
15
7
1
1
2
0
0
0
0
0
0
3
0
2
0
0
2
4
6
4
6
14
15
12
9
3
4
2
4
2
1
1
3
4
2
5
1
0
2
5
2
4
6
6
9
17
13
7
10
10
3
2
4
1
4
3
0
2
2
5
4
7
4
2
8
9
8
12
9
24
32
37
64
44
34
15
3
2
2
4
5
2
2
2
2
4
1
3
9
7
7
17
22
18
32
45
47
78
40
27
12
2
1
1
2
3
6
3
2
6
8
4
5
4
7
10
7
6
9
7
5
2
3
2
1
0
1
1
0
1
1
1
2
1
3
5
3
1
3
3
3
8
5
2
12
8
6
0
1
1
1
0
1
1
0
1
0
1
2
1
1
3
1
7
7
15
8
9
8
9
6
3
1
1
2
1
0
0
3
1
2
2
0
1
1
3
8
10
8
12
8
7
5
6
3
0
0
0
2
1
2
1
0
3
3
0
0
1
2
3
9
6
6
11
11
13
3
7
4
7
1
0
1
2
1
1
1
2
2
2
0
4
6
4
9
18
16
18
50
43
33
34
26
14
4
0
0
1
6
0
3
2
3
5
4
6
4
10
19
15
14
18
23
39
42
61
68
33
6
1
2
3
2
1
3
3
1
3
7
2
2
3
7
9
12
10
9
5
1
5
2
2
1
1
1
0
1
0
1
3
1
1
3
1
6
8
4
6
5
5
9
9
4
8
2
2
1
1
1
1
2
0
1
2
0
0
0
2
2
4
2
4
9
9
10
16
13
14
5
3
4
0
1
0
1
1
0
5
3
1
0
2
2
3
2
4
8
10
6
14
10
6
2
1
2
1
0
0
3
0
1
0
0
1
3
4
1
3
3
5
6
14
6
17
12
11
13
2
2
2
1
1
1
3
2
1
0
1
2
1
2
3
6
12
24
17
20
37
56
47
41
13
2
2
3
1
4
0
6
3
1
6
1
9
8
6
6
19
18
19
27
38
42
34
36
15
8
4
1
5
2
5
5
1
1
6
3
7
3
3
7
6
12
6
8
4
5
4
4
1
0
2
0
1
0
0
0
1
1
2
3
1
2
2
2
4
8
7
8
6
6
2
2
1
1
0
2
1
3
1
1
0
0
0
1
0
0
0
4
2
11
15
15
7
4
2
2
0
0
0
0
3
3
4
0
1
0
0
1
2
2
4
9
7
4
4
22
8
3
8
2
2
1
1
0
0
1
0
1
0
1
0
4
0
1
5
3
10
8
19
17
17
16
5
3
8
1
0
0
3
1
0
2
0
1
6
3
2
2
5
7
10
10
22
24
36
44
28
25
18
3
0
0
3
2
4
3
4
4
5
7
4
6
8
7
18
19
24
50
47
58
43
37
23
8
3
2
1
2
10
3
3
3
5
3
4
4
5
9
9
12
14
15
7
6
6
1
2
4
0
3
0
4
3
2
1
1
7
0
2
2
1
5
1
3
15
14
6
4
6
1
1
2
0
0
1
0
1
1
3
2
1
1
0
0
2
3
7
4
14
12
