962
788
626
584
443
310
198
169
100
126
214
331
393
485
490
485
418
453
538
509
502
570
513
401
347
199
134
97
67
86
307
480
629
639
423
392
377
402
363
368
306
346
525
582
550
608
633
501
493
297
227
137
115
112
321
507
749
751
442
370
366
415
357
407
325
393
620
669
717
874
908
847
713
535
415
256
147
111
328
533
745
776
547
390
457
406
412
411
374
426
667
914
995
1079
1298
1479
1667
1456
1233
888
457
119
94
148
214
333
451
458
620
595
589
640
596
642
880
1111
1079
1115
1466
1785
2041
1880
1608
1106
527
154
89
105
180
258
379
485
575
560
590
602
562
593
602
594
622
588
539
482
397
261
207
126
142
117
369
585
660
742
431
351
340
329
391
371
286
333
562
610
636
597
683
584
405
290
235
162
106
115
340
613
666
824
536
382
357
362
378
379
307
396
552
589
706
808
831
690
499
342
221
144
108
98
362
618
749
804
518
394
378
353
460
417
273
382
590
636
715
911
1020
849
628
413
282
175
132
98
353
630
751
838
584
401
398
395
412
429
322
421
665
819
892
1024
1250
1217
982
745
511
320
186
107
369
611
712
867
598
453
434
439
466
500
368
516
822
1111
1155
1144
1246
1334
1575
1591
1238
972
523
139
92
135
280
415
539
551
656
666
723
701
651
720
954
1177
1194
1299
1459
1720
1745
1845
1656
1297
664
181
117
140
198
292
434
619
691
705
660
600
594
625
706
615
645
609
573
601
344
276
179
136
113
116
362
630
667
789
467
376
355
369
372
387
291
342
509
593
606
778
860
690
484
317
238
183
136
118
360
613
755
862
540
409
414
410
458
419
330
434
623
726
753
929
995
951
680
500
342
205
126
128
328
607
532
804
651
469
476
418
459
418
335
410
642
743
819
970
1102
921
700
474
328
197
157
147
384
651
718
851
557
400
451
447
465
444
358
498
669
883
947
1098
1303
1365
1176
718
639
391
239
155
400
633
725
872
623
468
496
459
497
444
371
534
737
918
1110
1210
1477
1614
1801
1655
1416
1012
577
175
107
182
291
413
482
583
588
634
642
615
570
651
902
1084
1095
1221
1511
1807
1862
1934
1593
1226
684
169
97
122
157
278
362
498
614
648
700
617
639
678
976
807
901
976
1112
1034
975
736
490
329
225
103
163
172
376
463
465
462
467
459
506
515
450
453
560
658
607
594
663
460
360
193
157
141
99
117
356
671
700
820
595
462
407
452
457
514
370
429
721
777
819
941
983
709
516
322
158
109
84
100
395
658
749
948
633
463
474
485
508
522
408
457
749
877
945
1028
1090
845
600
406
281
199
111
105
339
620
608
889
599
451
447
454
438
490
400
540
790
974
1053
1224
1276
1187
1031
711
528
342
193
124
376
645
753
922
647
491
526
496
527
512
437
483
708
918
1125
1144
1229
1222
1181
1230
1229
985
494
144
115
159
322
460
524
677
757
837
728
727
631
803
1074
1350
1451
1560
1528
1555
1625
1650
1589
1212
642
179
100
148
231
336
447
657
724
709
719
658
606
625
787
783
749
717
734
589
374
262
173
127
118
124
365
615
675
809
555
365
432
437
479
470
345
388
497
641
653
717
704
517
359
227
194
122
96
128
359
633
691
754
558
408
399
464
464
466
368
425
762
819
782
900
934
759
549
364
244
158
101
87
357
625
707
911
530
421
422
421
448
461
309
407
648
788
757
914
987
953
714
433
283
140
101
125
308
626
687
875
599
471
471
415
484
454
418
515
780
910
1065
1146
1183
1173
1149
854
568
362
223
125
384
615
677
867
660
500
515
494
492
480
395
539
877
1114
1314
1427
1407
1515
1641
1725
1660
1214
608
146
115
162
323
510
604
666
828
889
855
784
705
830
1116
1401
1336
1403
1504
1588
1622
1668
1646
1263
613
164
115
119
219
312
487
639
705
664
703
687
680
903
982
581
577
614
756
843
443
288
184
107
113
115
350
634
653
807
553
355
417
414
401
421
342
397
589
632
682
766
695
584
380
244
177
148
104
114
380
612
679
845
562
417
419
428
463
445
346
412
577
747
855
958
1129
868
605
429
253
117
110
107
395
615
733
909
586
451
474
478
538
430
377
548
768
817
934
1098
1116
1109
729
427
281
125
110
135
346
642
695
851
621
508
482
526
511
527
410
513
768
937
1050
1164
1225
1282
1233
881
657
441
236
126
362
647
732
856
669
466
525
466
485
432
307
344
459
597
603
640
714
487
320
256
252
233
131
61
45
75
137
241
343
413
522
555
596
639
654
764
944
1172
1224
1338
1559
1633
1563
1412
1352
1186
566
223
121
132
215
371
471
613
728
755
717
675
590
720
860
801
809
751
717
632
412
340
270
152
116
155
342
519
404
712
568
451
430
379
432
466
351
461
595
650
655
775
846
609
469
305
177
155
132
123
363
627
738
813
581
468
419
396
471
462
353
460
760
881
954
1099
1115
1114
850
530
386
216
163
134
377
605
716
818
593
469
448
493
457
433
375
469
669
927
1026
1033
1191
1222
817
577
355
172
142
138
365
693
793
864
621
473
435
467
478
459
325
495
827
1078
1124
1325
1255
1195
1335
852
738
465
261
183
362
669
717
866
580
448
415
446
463
404
366
491
750
979
1051
1217
1267
1403
1414
1515
1320
1004
533
167
152
150
285
394
515
543
654
698
728
735
606
780
924
1200
1284
1380
1668
1625
1662
1936
1597
1202
640
203
112
100
150
283
435
588
659
774
809
711
644
721
909
1036
1038
1125
1309
1148
941
807
567
337
198
102
122
175
315
456
428
434
514
576
534
531
443
495
636
669
643
710
669
552
364
308
158
146
118
120
341
620
727
748
486
371
410
472
405
383
338
389
592
619
698
804
782
683
527
328
232
139
94
116
400
632
761
837
588
418
455
444
535
438
369
479
681
836
936
1106
1118
996
640
414
305
153
137
106
375
702
740
894
596
464
424
446
427
451
392
480
765
934
1042
1209
1241
1321
1063
784
587
331
207
127
394
645
759
845
621
498
457
503
524
472
382
506
761
1048
1197
1326
1451
1642
1593
1772
1561
1106
539
186
127
173
327
532
623
731
835
903
943
861
685
785
1018
1328
1345
1458
1676
1653
1595
1567
1523
1181
588
234
122
155
239
325
487
590
701
688
747
734
660
660
881
820
665
621
672
505
664
256
209
111
131
122
383
647
574
766
459
349
378
409
401
415
329
364
523
567
666
750
789
587
383
234
165
152
138
113
392
605
685
778
566
423
396
419
448
437
360
460
624
900
918
1008
1089
924
596
394
302
138
115
130
351
535
537
812
640
428
432
404
411
413
324
393
619
830
849
1008
1111
954
700
434
264
160
109
145
374
619
761
885
558
469
444
435
431
442
353
447
767
827
988
1069
1124
1231
1212
926
712
382
258
143
385
652
747
843
580
469
494
489
487
474
408
519
830
1095
1240
1372
1451
1517
1486
1638
1641
1178
570
168
143
151
292
444
487
588
734
812
784
793
700
865
1217
1398
1460
1544
1608
1721
1666
1578
1460
1232
651
223
115
143
205
324
473
623
753
764
747
695
534
695
809
808
735
848
777
586
393
236
175
122
132
110
384
594
683
755
524
354
373
384
418
454
368
400
584
656
779
823
819
621
435
277
192
156
135
116
381
594
734
789
524
409
375
410
441
480
368
493
656
752
799
954
1009
841
649
379
246
159
110
123
382
643
755
852
614
483
450
460
478
459
353
441
669
722
931
1020
1074
979
622
452
231
159
128
133
387
649
740
931
648
467
468
504
515
508
408
557
775
950
1054
1115
1145
1172
1180
856
569
322
181
143
352
501
518
657
586
495
461
432
480
520
403
506
817
1081
1079
1170
1373
1547
1717
1609
1371
1096
531
155
137
157
286
427
524
619
668
745
685
700
647
761
1075
1406
1435
1505
1632
1750
1525
1272
1093
532
336
167
144
170
285
427
561
626
741
741
699
554
588
695
786
724
803
766
563
445
263
222
163
118
130
326
538
539
774
557
390
400
353
402
471
356
365
514
610
613
740
726
661
440
279
189
135
146
146
327
480
522
758
717
513
502
465
510
495
334
403
562
693
716
870
906
786
589
435
279
163
98
107
348
551
587
846
592
466
456
462
484
479
389
421
664
846
959
1067
1123
1086
905
588
419
214
134
131
368
596
602
868
628
498
514
487
481
460
315
496
718
1010
1066
1116
1157
1237
1189
913
685
416
249
173
357
581
525
813
675
476
498
469
490
485
391
512
778
1030
1111
1265
1402
1461
1295
1591
1455
1078
567
169
145
141
276
418
536
600
757
852
878
806
647
768
1126
1377
1437
1431
1517
1596
1649
1642
1552
1145
598
206
127
120
204
361
456
623
684
774
753
738
574
691
798
871
799
850
846
709
478
345
247
147
131
128
365
557
704
789
603
421
411
398
431
399
359
410
587
724
669
648
688
601
380
248
168
114
97
115
355
620
720
862
583
534
431
357
364
380
307
385
601
755
797
923
1071
779
591
383
271
146
127
120
378
568
735
856
571
400
399
406
397
375
369
439
568
771
855
1046
1119
990
776
476
356
177
127
134
384
627
770
880
652
434
451
454
370
398
258
409
629
807
1028
1051
1069
1141
1223
767
555
328
194
126
362
633
713
840
637
468
447
491
495
453
387
533
721
1028
1216
1285
1449
1492
1533
1632
1482
1140
511
174
134
169
263
468
532
615
705
791
782
740
595
781
951
1383
1278
1480
1639
1553
1418
1514
1534
1284
644
199
87
118
156
300
462
581
612
689
706
658
554
669
735
790
741
765
726
584
489
313
199
146
129
115
344
567
726
742
541
413
364
429
456
409
378
425
569
593
662
651
712
527
398
241
172
143
102
101
340
580
778
745
525
409
384
398
444
378
304
420
626
773
899
967
1037
912
685
412
265
172
122
106
348
569
763
791
570
396
420
406
459
400
379
429
653
969
960
1036
1150
1148
893
601
399
224
139
128
375
640
743
835
589
484
463
456
506
409
381
482
765
1046
1090
1240
1242
1104
1323
1111
793
547
295
124
177
290
578
754
609
498
554
522
573
511
450
566
770
1081
1166
1232
1464
1643
1731
1663
1481
1038
543
142
119
130
234
360
446
526
617
678
699
630
573
693
897
1078
1069
1187
1488
1660
1772
1639
1458
1044
602
197
97
96
197
296
452
549
672
753
720
592
536
608
698
776
870
755
659
425
355
254
176
101
126
131
357
567
616
679
461
359
365
347
399
425
395
422
498
607
746
838
800
615
476
247
174
128
130
137
375
639
804
810
547
463
459
454
477
432
350
426
658
851
859
1072
1056
926
589
392
246
153
114
101
380
661
742
842
570
462
432
419
498
448
348
480
692
830
980
1038
1132
1066
713
486
299
148
146
126
376
663
751
903
624
496
466
486
475
464
370
483
825
950
1012
1105
1090
1133
1185
930
733
376
227
150
339
627
705
853
601
464
466
488
480
479
372
528
757
1084
1276
1438
1441
1408
1380
1636
1583
1040
524
149
113
269
326
475
584
651
685
791
746
700
535
605
1011
1227
1294
1292
1362
1244
1339
1203
1371
1218
664
185
122
138
207
344
539
647
727
742
819
667
508
586
762
765
781
722
713
628
401
240
163
133
118
148
352
622
627
762
423
359
354
361
399
411
353
396
600
648
718
763
791
772
520
300
190
161
149
120
385
666
695
780
526
439
392
394
434
445
353
420
643
764
846
973
1053
960
686
457
279
167
126
125
381
663
709
781
559
443
436
423
458
430
347
494
694
1131
916
900
1029
882
679
417
266
156
114
137
380
621
674
867
596
482
416
455
437
430
361
513
771
995
1032
1127
1225
1226
1122
800
600
380
206
182
350
556
530
786
783
580
513
454
512
468
365
479
807
999
1131
1202
1384
1447
1385
1558
1296
962
472
138
139
204
306
446
531
567
675
732
736
643
550
681
974
1325
1316
1413
1651
1551
1511
1263
1449
1203
717
184
135
159
221
329
500
518
673
697
695
664
543
570
749
805
821
849
774
634
430
328
171
135
127
139
379
628
652
704
540
409
398
370
391
407
335
421
633
638
694
787
777
612
420
288
174
158
131
140
372
663
665
743
502
428
437
405
450
477
367
406
605
746
872
968
1011
948
643
386
283
152
128
133
402
646
713
857
560
421
412
447
488
396
346
437
723
838
864
1053
1059
1154
825
552
319
198
146
135
406
648
686
849
583
495
482
494
491
473
339
533
809
939
984
1130
1133
1184
1250
923
615
418
232
165
378
631
628
847
626
484
505
445
471
489
385
555
790
1014
1167
1253
1419
1306
1244
1584
1492
1059
472
172
148
186
293
473
553
662
716
749
783
720
683
774
976
1280
1398
1507
1588
1404
1413
1363
1564
1171
608
181
118
169
241
348
456
588
716
712
736
622
560
603
724
773
798
847
829
696
503
319
201
146
139
142
365
565
581
727
545
400
388
383
467
437
338
393
562
617
692
873
835
718
504
284
203
139
130
134
380
634
698
838
573
462
426
409
461
506
324
488
612
799
877
936
955
957
661
453
251
138
137
133
382
651
694
793
535
418
437
403
425
424
345
475
652
784
889
1014
1121
1051
810
522
308
185
143
136
406
671
736
886
582
457
417
410
417
406
346
457
724
871
1050
1091
1227
1085
1291
977
795
502
247
166
390
648
702
771
543
487
461
441
467
489
346
486
762
977
1164
1329
1377
1388
1308
1422
1485
1116
587
167
155
211
335
461
545
746
675
717
720
731
540
716
1088
1267
1417
1484
1608
1412
1376
1259
1489
1224
628
199
114
157
216
331
485
543
658
686
736
660
599
685
832
892
851
852
756
681
501
293
216
143
97
152
391
610
644
793
567
401
419
418
469
401
335
395
614
612
698
712
776
642
467
302
233
192
117
121
385
654
755
805
541
389
424
386
453
429
364
470
634
708
845
1032
1123
1110
