171
129
85
56
47
42
22
17
10
22
27
36
33
47
29
56
38
44
36
34
37
22
19
23
15
22
10
6
1
3
14
31
51
67
61
50
71
73
95
78
84
144
161
110
69
47
96
52
33
22
26
15
14
9
14
26
52
73
61
79
86
116
113
151
137
191
249
215
218
138
108
93
65
60
41
45
28
6
13
25
55
79
81
93
101
139
141
165
148
201
225
235
217
139
132
76
78
122
193
146
85
10
8
12
19
32
47
84
159
187
246
237
151
150
168
189
180
131
126
73
92
165
202
182
90
15
6
14
30
36
52
92
158
214
274
263
179
117
110
63
58
41
72
58
45
32
19
23
7
11
18
25
81
69
91
114
166
185
212
219
173
160
175
154
123
80
117
51
29
14
18
11
7
10
15
28
74
78
107
156
196
214
223
219
170
150
248
193
180
114
125
88
48
21
25
21
12
4
21
21
53
95
76
84
100
81
127
102
115
167
204
153
136
91
100
87
52
38
29
29
19
9
19
36
80
82
88
107
109
87
95
100
114
171
263
258
184
115
131
95
103
75
77
61
48
9
17
37
64
75
93
107
139
129
132
134
142
179
170
198
147
129
107
77
87
128
155
111
51
4
6
9
24
36
55
90
76
85
130
143
136
134
131
119
84
68
116
102
123
145
237
167
84
11
8
10
32
50
114
164
236
286
288
366
277
189
157
107
82
71
76
40
38
34
27
22
8
9
21
45
98
153
202
388
545
503
617
502
269
165
229
196
109
92
96
73
51
23
10
11
6
6
15
48
110
159
269
575
698
681
665
406
187
139
147
187
154
136
104
89
77
40
22
27
10
7
25
39
94
116
232
271
268
238
185
154
116
137
215
203
150
122
128
76
107
121
139
61
42
28
29
35
70
88
79
93
101
110
130
138
112
142
276
211
164
114
120
84
101
62
54
78
37
14
17
33
74
107
133
157
157
180
246
267
221
202
341
274
219
149
119
85
174
206
271
216
139
24
12
14
30
42
58
159
275
330
395
370
237
182
212
144
125
128
96
70
126
179
256
210
124
20
11
8
11
31
81
153
237
340
338
363
179
131
119
88
67
81
73
108
76
75
60
80
25
4
6
29
36
60
77
135
132
136
144
150
128
165
121
87
64
49
98
33
26
16
8
8
4
2
25
38
90
81
110
138
172
166
161
168
150
171
229
187
171
142
97
97
51
31
17
17
17
7
20
34
74
79
92
99
105
130
128
108
129
156
249
227
178
121
114
84
64
63
81
96
68
21
24
41
75
79
84
104
118
125
141
135
164
180
255
291
210
149
107
85
91
59
45
40
39
10
18
34
79
90
106
137
153
176
186
245
218
152
110
135
176
142
137
76
96
145
186
153
99
19
10
17
27
52
74
118
177
212
235
272
238
157
150
139
191
330
163
120
172
195
219
208
121
11
10
22
34
48
67
138
271
283
309
278
129
92
116
68
57
55
100
90
65
39
28
18
8
6
19
46
82
90
147
254
352
419
451
314
189
212
223
212
120
103
136
77
45
8
10
13
3
5
16
39
84
108
170
274
334
367
437
333
198
187
189
196
196
109
132
92
46
19
13
14
13
8
12
32
76
101
164
244
324
341
270
223
164
201
226
238
205
165
120
101
99
86
69
63
43
18
15
38
65
91
90
121
107
120
142
134
126
164
276
301
185
154
137
80
108
60
57
62
31
12
23
42
68
89
82
116
119
107
132
128
127
177
187
195
105
91
106
90
125
193
190
155
68
10
8
16
21
38
50
57
61
79
63
65
75
68
87
79
78
82
114
112
120
177
212
211
101
16
13
6
13
15
32
49
73
55
68
59
67
67
67
56
49
59
62
61
35
25
35
23
19
2
25
31
65
74
74
107
103
140
137
142
121
180
234
188
137
106
85
74
43
25
11
8
6
5
18
27
74
92
83
108
137
120
154
119
134
185
220
208
175
135
112
99
49
28
12
18
5
9
16
40
84
87
86
123
120
119
126
136
136
167
234
200
162
131
123
96
72
35
98
134
85
14
21
52
83
113
112
115
148
130
135
140
141
184
305
301
227
149
132
88
90
74
72
46
25
10
28
38
81
93
104
130
170
154
194
190
129
91
135
103
51
54
66
44
44
37
28
18
5
0
4
11
11
30
40
75
109
114
135
153
153
196
227
192
178
126
143
91
140
151
177
166
91
17
11
13
29
53
83
174
251
256
293
274
158
126
113
97
48
61
75
63
66
53
24
25
7
3
20
44
111
123
158
255
369
394
408
338
207
172
172
202
121
95
114
44
63
33
29
10
4
11
24
52
79
138
197
352
386
433
405
305
185
169
188
229
185
127
109
91
111
41
45
24
16
12
15
35
102
122
216
338
347
358
298
250
152
154
247
262
213
135
152
170
154
130
91
77
37
9
14
33
101
97
115
126
129
140
131
127
117
146
184
184
135
102
125
124
158
153
135
82
59
12
24
40
72
82
101
116
118
128
103
127
91
111
179
187
148
116
116
119
114
162
195
183
100
23
24
24
32
47
100
104
167
127
106
127
117
138
158
144
137
69
113
94
157
185
266
217
119
23
17
20
31
64
107
122
183
134
131
162
121
130
140
140
92
59
97
70
86
86
83
62
34
6
12
12
28
39
51
58
54
68
62
69
76
98
100
72
49
46
68
52
24
16
8
7
2
1
16
36
66
64
88
108
125
129
110
117
107
181
225
159
130
121
97
77
61
23
17
14
11
4
13
38
78
99
106
109
123
95
109
122
118
146
242
186
142
100
68
118
150
104
80
80
44
13
21
38
64
95
95
103
132
122
121
145
131
180
272
284
222
120
116
109
89
92
94
74
26
10
15
41
75
110
81
121
128
110
146
144
169
192
268
221
136
95
133
96
141
157
212
147
98
21
7
12
28
62
80
134
183
186
232
230
202
154
182
195
122
128
159
134
148
225
234
201
103
21
12
16
60
95
91
164
203
296
333
319
217
142
152
153
60
67
89
51
41
19
33
15
14
7
19
39
93
113
167
237
342
381
443
438
231
176
220
213
133
80
99
70
43
14
17
14
3
2
17
40
95
130
215
324
397
451
425
291
169
119
221
271
160
135
127
81
65
27
24
26
9
4
11
41
84
92
120
105
106
75
115
112
121
151
176
204
147
139
96
86
68
68
81
81
52
9
20
38
75
72
94
104
107
102
122
107
116
134
296
309
246
159
158
119
116
108
92
61
38
14
23
34
57
87
89
97
114
109
125
125
145
194
260
195
157
181
216
116
157
170
211
188
104
16
15
20
25
38
37
59
77
105
112
108
134
108
96
84
81
69
89
82
124
203
264
246
101
20
7
19
17
44
37
70
125
185
201
196
159
83
63
59
42
71
104
70
59
32
36
22
7
8
24
46
68
77
91
123
168
237
300
273
187
166
233
169
102
72
129
130
82
35
10
13
6
7
18
35
74
59
87
139
196
236
253
212
164
168
223
197
197
117
94
104
62
43
22
23
18
6
16
35
64
79
85
109
129
124
117
137
114
172
249
175
140
114
118
90
75
90
99
64
51
19
14
45
75
75
100
103
145
135
136
153
121
145
254
296
251
189
124
115
118
153
106
103
40
20
19
47
57
92
112
105
154
142
187
170
165
208
235
212
126
95
104
103
113
150
220
235
105
13
15
16
30
55
70
107
132
165
207
197
130
134
129
104
77
84
104
103
151
195
235
137
37
20
15
24
33
46
69
93
109
153
152
132
97
100
59
64
74
115
73
55
50
55
23
13
6
25
29
65
76
90
104
115
130
161
149
142
201
272
171
140
92
91
56
43
21
13
16
8
6
23
41
74
91
97
157
153
161
176
180
151
159
203
178
160
128
97
74
50
38
28
24
13
4
11
28
69
82
95
105
131
111
145
175
134
163
280
254
163
165
111
82
75
76
78
66
56
21
21
34
108
117
150
205
251
222
240
205
181
140
222
245
200
144
107
87
93
112
119
93
41
11
29
53
106
138
179
280
321
308
287
195
140
108
168
194
109
92
110
86
115
204
269
221
123
19
21
9
40
67
100
203
247
312
310
184
98
112
110
85
67
58
114
74
106
155
222
245
128
19
11
15
21
74
73
146
206
239
210
183
127
100
122
86
94
90
104
96
75
43
31
26
16
5
18
39
64
87
91
107
110
117
103
121
115
155
255
223
128
89
71
57
32
12
28
7
7
4
23
33
65
87
91
114
142
96
107
135
110
173
229
235
119
116
112
111
79
37
24
18
19
8
23
30
80
112
105
91
105
113
105
121
116
152
226
212
165
132
86
97
111
67
74
85
40
9
19
33
76
101
114
118
117
116
110
104
98
131
201
231
183
131
114
97
119
113
107
90
48
11
17
39
65
80
81
125
122
119
121
128
124
178
208
187
127
95
115
114
151
187
271
226
156
13
11
28
26
45
48
65
58
59
64
89
75
93
106
117
69
62
139
111
180
217
254
230
95
23
20
20
25
26
46
59
54
73
65
80
76
63
73
92
65
73
90
79
57
47
41
21
11
10
27
59
67
84
70
87
109
103
97
136
141
179
265
196
149
100
101
77
52
17
13
6
2
6
26
54
64
87
88
110
118
111
133
166
152
211
270
238
148
139
129
86
72
45
33
23
16
17
28
68
77
108
140
203
276
233
257
247
219
194
249
269
164
151
122
114
84
90
106
78
38
19
23
54
88
104
162
231
292
258
216
178
147
189
289
290
305
262
248
156
158
166
132
105
41
16
21
36
47
80
147
175
249
298
283
251
182
200
252
257
235
178
164
84
143
200
224
216
96
19
13
8
25
27
59
149
267
287
362
291
198
209
248
278
220
222
177
86
131
196
292
214
76
14
10
12
10
27
51
96
175
256
312
291
177
151
174
172
70
53
87
36
32
27
18
24
12
7
27
32
52
66
69
109
147
189
206
227
226
259
274
264
239
220
165
71
39
25
9
11
1
8
13
35
67
99
117
144
230
257
252
266
203
272
359
350
292
190
122
74
57
36
29
19
15
9
21
38
69
94
103
122
185
204
251
250
179
134
276
300
320
245
153
81
83
76
54
75
31
13
19
44
71
85
98
131
180
198
229
195
172
202
325
385
390
256
170
105
112
100
82
89
23
10
21
30
60
86
94
139
207
188
213
212
174
185
283
320
271
223
144
87
120
168
192
186
121
18
8
11
34
34
50
122
222
264
264
199
145
102
106
100
110
132
139
106
149
189
247
216
158
17
14
9
21
16
41
134
180
205
205
128
132
118
130
117
135
111
119
73
48
43
35
18
14
7
26
38
76
72
85
83
90
101
108
117
112
145
204
193
117
89
82
57
33
26
11
13
13
8
22
46
65
68
76
96
106
113
104
139
107
142
217
215
263
134
107
72
59
25
23
20
15
12
16
42
66
74
78
88
121
89
132
109
94
128
217
248
178
110
126
85
89
94
81
69
54
14
28
38
72
89
101
101
106
95
115
133
129
150
231
212
166
93
115
98
90
89
90
96
44
14
21
49
67
117
123
156
162
144
139
185
150
138
196
192
147
105
113
81
125
120
183
167
75
12
13
14
29
58
87
160
202
180
195
182
125
118
182
108
114
78
118
146
157
173
211
246
119
26
10
23
31
66
106
251
356
336
264
196
151
130
123
146
78
75
82
68
46
45
31
24
12
6
26
33
80
97
145
227
351
335
302
235
146
134
169
187
133
100
125
81
84
44
64
25
14
7
24
34
73
96
128
235
251
225
227
220
124
143
228
221
166
117
95
79
71
33
30
19
11
6
18
38
80
66
95
98
100
129
135
134
92
111
178
224
142
116
98
96
69
70
80
96
40
17
24
35
67
100
89
140
167
154
142
150
125
107
173
266
240
113
117
103
165
144
89
76
33
8
22
38
54
66
97
88
97
134
118
104
79
111
154
188
155
125
127
104
163
197
247
232
111
17
16
13
39
37
48
81
85
54
88
120
112
126
153
139
109
101
122
131
164
182
211
198
115
17
8
10
21
38
40
64
78
78
108
97
111
101
119
104
88
84
103
79
60
40
25
16
8
4
20
24
71
73
91
110
122
142
172
173
144
189
248
183
142
85
82
54
54
20
21
8
6
8
13
37
62
91
123
187
236
199
205
218
152
148
264
190
125
104
102
85
109
74
30
24
19
9
22
45
70
92
115
169
288
291
267
196
130
128
158
185
197
145
124
116
110
107
99
100
52
14
26
33
68
87
102
182
254
259
239
153
122
130
211
240
205
139
111
86
134
109
119
115
66
18
13
21
65
77
106
96
137
141
130
117
78
101
207
219
169
128
102
109
151
203
241
237
101
15
8
11
16
40
34
52
76
77
112
165
172
205
224
204
180
125
150
111
152
186
233
206
132
19
12
10
11
44
49
50
81
85
127
109
142
133
104
131
116
87
104
83
74
36
30
18
10
4
15
37
74
87
76
106
105
104
101
135
127
151
220
172
137
93
114
84
48
24
11
11
6
10
17
33
81
70
89
118
116
105
122
125
106
153
241
205
170
122
118
115
