952
1096
915
561
358
182
146
157
143
186
327
539
716
696
727
714
718
765
793
609
467
424
265
237
124
87
41
29
66
115
406
757
1020
931
871
914
987
1007
1016
1048
919
1193
1236
1098
870
592
455
327
239
111
65
53
71
135
359
728
1082
1285
1036
983
1083
1168
1182
1130
1029
1328
1502
1301
955
811
585
368
254
118
72
61
67
103
330
732
1218
1144
956
964
1136
1048
1164
1124
1076
1338
1389
1389
1080
872
801
584
502
280
171
134
121
61
102
203
307
493
710
913
1054
1096
1110
1164
1206
1303
1403
1243
1008
807
761
690
538
314
210
143
124
64
91
140
231
419
555
740
975
1014
965
968
959
951
921
799
559
406
328
250
134
141
50
32
46
125
427
1042
1390
1014
838
926
1008
888
1090
1028
923
1166
1263
1226
967
680
489
318
180
128
61
50
51
121
379
1052
1423
1158
957
971
1109
1069
1185
1093
975
1301
1456
1371
1130
860
612
357
187
99
61
43
61
101
407
1069
1438
1183
973
1057
1188
1191
1336
1215
938
1295
1671
1433
1061
1007
681
416
210
131
92
57
96
126
403
1106
1537
1235
1080
1041
1153
1109
1286
1123
996
1397
1628
1540
1215
1091
751
486
314
178
110
87
77
108
433
1022
1525
1136
1041
1143
1179
1303
1293
1216
795
904
1214
1353
1124
1017
832
745
505
305
182
149
132
83
100
219
391
628
825
934
1028
1114
1069
1226
1086
1233
1246
1191
1106
975
835
785
586
396
360
193
190
73
113
166
267
449
655
874
954
986
1056
942
893
911
816
678
538
412
351
296
198
101
52
29
53
155
401
1037
1472
1161
905
930
1030
1035
1093
1080
960
1197
1310
1198
1052
855
680
407
219
120
72
59
48
127
400
1127
1481
1195
1061
1100
1135
1123
1187
1166
1074
1711
2236
2120
1396
1082
810
438
254
127
81
61
100
152
520
1243
1705
1339
1098
1178
1183
1116
1275
1080
979
1321
1605
1469
1178
953
697
435
244
137
87
61
75
183
415
1057
1604
1241
1075
1083
1193
1218
1348
1169
1023
1401
1595
1532
1223
1102
852
559
342
185
119
91
89
138
409
1140
1654
1302
1085
1155
1226
1270
1253
1130
973
1328
1692
1432
1118
988
889
706
575
337
199
151
151
109
164
324
396
580
789
870
1046
1048
1016
982
1026
1132
1301
1122
923
812
797
804
548
349
202
170
161
82
106
128
246
366
590
707
850
924
933
926
908
935
934
727
641
563
490
351
294
124
95
65
58
88
137
297
529
746
746
917
1035
1035
1133
1130
1029
1139
1168
930
747
574
431
286
158
70
43
43
56
108
441
1144
1577
1273
1105
1129
1153
1172
1299
1297
1061
1464
1639
1456
1292
968
726
396
240
91
62
52
82
134
474
1255
1703
1444
1226
1148
1251
1191
1393
1281
1018
1493
1827
1542
1473
1110
770
476
254
134
79
44
74
132
430
1242
1668
1404
1110
1195
1160
1272
1325
1269
1103
1546
1920
1798
1752
1356
1042
648
320
159
105
69
84
125
475
1169
1725
1358
1198
1239
1297
1275
1382
1251
1132
1533
1522
1401
1103
987
872
696
528
324
185
151
135
65
124
260
464
685
894
1032
1127
1373
1252
1358
1170
1103
1275
1086
1106
1052
975
925
683
344
259
151
175
91
101
204
295
494
726
895
1120
1108
1082
1036
916
1069
1049
787
546
502
346
248
130
100
59
32
39
107
404
1092
1561
1410
972
1036
1257
1032
1214
1251
1029
1178
1414
1319
1050
821
685
461
231
124
81
39
50
110
410
1165
1577
1274
1065
1048
1093
1127
1297
1195
1013
1423
1895
1808
1405
1035
814
548
239
152
115
68
54
110
497
1168
1543
1305
1036
1086
1115
1183
1330
1149
928
1310
1712
1573
1264
936
767
606
351
151
98
54
90
139
494
1185
1533
1258
1063
1091
1189
1119
1305
1231
1073
1485
1855
1810
1555
1481
1122
787
372
228
151
86
109
130
436
1141
1570
1376
1150
1383
1418
1347
1440
1272
1066
1602
1900
1607
1383
1124
1060
917
643
326
244
145
142
91
134
220
423
736
978
1100
1247
1329
1352
1401
1162
1396
1505
1115
1188
1054
928
834
571
329
245
155
132
67
92
153
250
466
693
838
1068
1002
1042
1018
1069
1173
1129
609
611
553
580
694
213
99
73
58
70
128
448
1128
1616
1373
979
984
1151
1156
1194
1124
1024
1254
1426
1318
1048
879
615
294
172
114
46
32
58
129
456
1218
1663
1280
1126
1068
1113
1173
1340
1118
969
1375
1546
1579
1439
980
715
457
233
126
67
50
58
113
423
1206
1559
1257
1042
1135
1222
1191
1293
1143
1066
1406
1789
1595
1284
1140
838
517
321
157
95
80
79
144
425
1217
1667
1307
1150
1115
1231
1154
1325
1243
997
1411
1733
1759
1359
1148
1020
601
369
204
110
96
99
157
441
1114
1484
1224
1070
1140
1168
1109
1137
847
648
775
917
752
588
488
484
369
221
149
87
75
70
42
54
129
204
341
472
640
803
824
938
998
1006
1154
1255
1180
1060
918
855
737
623
349
265
169
139
120
129
178
309
478
802
885
1022
978
980
988
928
1021
985
804
802
500
350
303
134
73
70
33
50
158
517
1269
1651
1377
1072
1059
988
892
1093
1019
951
1302
1518
1336
1090
865
619
352
176
97
84
47
72
140
435
1091
1511
1168
1053
1061
1133
1157
1301
1134
1036
1401
1792
1515
1276
1124
679
478
273
142
92
75
84
130
409
1154
1529
1368
1059
1074
1228
1208
1357
1179
1054
1407
1766
1598
1312
1020
811
572
314
147
97
67
82
133
470
1096
1546
1294
1057
1108
1139
1255
1268
1114
950
1419
1616
1578
1322
1128
959
673
391
180
147
87
104
148
442
945
1351
1152
1011
1038
1076
1087
1215
1027
956
1333
1481
1311
1072
890
869
747
529
334
212
174
143
94
162
258
443
658
856
1001
1060
1148
1140
1222
1133
1301
1394
1162
1130
967
869
885
652
420
256
186
183
77
119
171
268
447
683
879
1060
1145
1122
1045
1020
1124
1159
934
721
655
492
421
262
159
115
76
56
77
213
379
726
878
904
1001
1093
1103
1179
1220
1108
1210
1304
985
751
666
518
314
176
73
46
36
71
126
386
762
1130
1127
976
933
1162
1397
1241
1058
1017
1301
1541
1230
1122
873
627
402
194
98
46
50
66
145
448
1119
1529
1261
1056
1169
1304
1263
1300
1207
1085
1406
1720
1607
1264
1174
789
493
264
143
63
46
59
155
454
1158
1436
1336
1146
1110
1182
1210
1326
1177
1038
1453
1923
1716
1397
1135
955
619
337
182
128
82
87
141
420
1114
1503
1258
1029
1107
1240
1140
1273
1215
1063
1418
1709
1472
1137
985
875
770
593
391
240
151
173
122
167
256
509
792
1016
1277
1298
1333
1345
1268
1050
1243
1378
1193
1170
926
934
883
668
392
264
189
175
102
116
210
317
489
762
1003
1028
1129
1107
1042
926
1048
1082
861
522
497
528
318
453
120
59
50
51
116
425
1075
1443
1145
926
963
989
1029
1040
1127
913
1285
1380
1166
1032
807
574
327
181
89
54
46
55
128
438
1076
1534
1169
1021
1062
1082
1161
1185
1176
1039
1305
1520
1609
1554
1104
869
437
271
127
77
54
73
198
548
1482
1868
1367
1116
1075
1124
1036
1232
1061
877
1333
1590
1515
1264
1064
856
589
368
146
76
50
76
128
462
1194
1518
1232
1050
1042
1192
1162
1248
1038
891
1322
1765
1554
1263
1213
927
597
390
216
120
83
108
143
439
1049
1429
1179
1021
1130
1209
1150
1271
1157
980
1480
1670
1494
1216
1039
978
760
585
363
239
175
152
106
167
285
527
747
991
1146
1195
1269
1294
1286
1170
1452
1367
1220
1057
1103
968
803
723
456
317
192
193
83
141
232
327
577
783
988
1097
1080
1078
1094
914
1091
1066
956
751
556
406
298
168
84
52
54
55
148
430
1103
1417
1232
1019
1005
1032
1033
1150
1125
1063
1344
1522
1344
1127
821
578
343
198
114
59
42
47
137
422
1155
1469
1314
1052
1077
1156
1056
1230
1128
926
1411
1651
1578
1511
1449
845
528
264
135
86
67
67
131
445
1160
1495
1295
1132
1140
1301
1247
1291
1172
1005
1403
1634
1520
1350
1041
783
485
267
145
68
84
66
124
464
1165
1583
1333
1124
1067
1259
1203
1469
1299
1126
1643
1880
1815
1490
1144
1021
568
341
197
121
85
109
142
485
1203
1653
1295
1110
1090
1113
1112
1151
1185
1044
1495
1592
1436
1149
940
910
701
582
357
242
159
160
99
157
297
522
766
995
1076
1268
1244
1239
1286
1040
1288
1387
1005
1126
948
918
935
661
437
312
254
169
120
203
275
490
680
880
1014
1133
1136
1127
870
1079
1156
912
705
535
405
285
169
78
54
36
56
141
351
1068
1455
1262
1028
975
1066
989
1111
1156
1054
1290
1430
1328
1104
812
577
365
224
100
61
44
56
130
499
1347
1622
1381
1211
1142
1172
1232
1206
1067
825
1357
1508
1337
1159
967
714
433
247
127
70
71
71
123
462
1101
1920
1703
1161
1072
1235
1173
1307
1158
1082
1467
1697
1562
1380
1081
813
577
291
176
113
79
86
132
448
1188
1773
1518
1261
1253
1287
1326
1293
1173
971
1479
1781
1734
1612
1413
1045
687
369
214
127
106
110
159
428
1118
1578
1350
1164
1086
1221
1173
1250
1154
901
1490
1533
1458
1236
1074
1055
755
545
338
242
184
167
88
185
266
456
653
849
947
1155
1173
1072
974
893
1333
1265
1040
992
906
993
814
668
468
258
189
196
110
216
227
304
478
726
967
1183
1121
1152
1111
960
1065
1031
838
663
599
414
303
183
91
75
54
67
103
375
829
1256
1100
984
919
992
1031
1076
1062
1024
1404
1556
1418
1237
1052
668
388
193
75
51
48
56
147
433
970
1333
1146
1057
1171
1081
956
1043
973
925
1170
1351
1341
1191
1046
719
441
230
122
80
61
72
148
411
880
1316
1411
1037
1019
1120
1088
1094
1133
960
1291
1450
1431
1192
1079
779
531
274
123
89
51
81
109
414
876
1327
1265
1037
1037
1117
1152
1041
984
772
1133
1366
1302
1217
1122
861
594
370
196
135
90
123
126
397
796
1247
1096
986
1007
1122
1001
1185
1083
949
1408
1478
1343
1049
1002
891
662
634
317
209
174
186
90
157
263
411
634
873
978
1189
1177
1155
1286
1016
1273
1416
1140
1149
1051
919
818
694
365
275
161
208
96
122
201
258
394
739
831
955
998
1031
924
916
1009
944
838
635
559
374
265
178
96
54
48
58
130
397
762
1113
1028
927
997
957
1013
1142
1054
929
1295
1322
994
841
793
735
466
247
122
79
39
64
88
365
702
1034
1002
839
893
1022
920
1058
1085
919
1202
1365
1078
1045
927
748
580
265
141
96
59
68
139
377
733
1070
1043
948
915
1080
1071
1090
1002
977
1252
1425
1331
1208
924
744
567
333
172
108
78
83
124
379
768
1190
1160
1058
1024
1074
1163
1227
1109
920
1374
1617
1402
1208
906
772
659
422
233
167
119
124
131
255
472
791
935
905
971
1083
979
1103
1138
1001
1241
1403
1235
945
726
692
590
468
288
174
128
162
89
126
188
286
519
685
846
989
984
985
1052
1078
1126
1151
1123
961
772
712
571
437
271
178
150
143
73
114
161
262
424
635
764
865
940
993
839
788
752
743
712
602
465
414
218
116
73
72
40
58
114
367
740
1003
939
826
843
970
945
1016
1111
1098
1448
1230
1173
1051
771
538
354
183
95
41
51
58
128
427
1026
1362
1211
1011
1018
1104
1070
1292
1140
1007
1316
1511
1407
1493
1056
723
449
222
104
76
53
65
136
430
1112
1433
1311
1056
1146
1224
1224
1296
1173
963
1496
1806
1721
1466
1324
905
496
269
133
89
81
87
120
448
1139
1511
1304
1137
1153
1228
1236
1323
1211
994
1550
1853
1796
1412
1180
951
585
382
200
130
97
108
125
439
1100
1486
1265
1071
1107
1173
1139
1257
1118
933
1502
1707
1506
1291
1096
1032
820
544
379
245
162
185
84
147
300
495
703
874
1061
1174
1189
1249
1274
1050
1270
1371
989
908
915
926
847
746
468
281
197
165
84
112
178
261
508
748
867
1057
1020
1027
1006
871
1031
1099
776
537
563
413
273
151
66
51
38
51
125
420
1001
1380
1057
840
900
1026
976
1089
1099
903
1259
1310
1279
1063
822
505
359
217
81
61
41
62
121
383
1234
1427
1105
1006
1008
1097
1109
1236
1106
943
1339
1714
1333
1182
932
839
499
285
130
89
57
80
110
445
1188
1441
1246
989
1102
1098
1100
1229
1160
994
1525
1843
1654
1613
1017
1008
525
280
139
79
62
69
133
479
1152
1435
1292
1128
1012
1182
1175
1321
1218
1011
1391
1791
1619
1440
1134
923
638
445
195
111
92
80
147
428
1244
1746
1522
1268
1188
1180
1102
1201
1093
865
1528
1726
1431
1199
948
917
763
592
323
239
164
142
80
159
283
455
677
922
997
1184
1344
1184
1265
1031
1249
1357
1138
1093
942
942
902
710
426
309
201
169
84
127
220
276
529
712
925
1105
1057
982
992
890
1061
962
913
701
508
416
297
133
95
65
41
57
126
432
1110
1461
1084
931
945
1037
1038
1168
1096
989
1375
1451
1298
1119
989
704
457
248
117
73
38
50
120
470
1131
1498
1252
1044
1059
1143
1166
1226
1196
989
1337
1492
1406
1275
1023
874
587
323
133
88
57
69
127
479
1204
1485
1275
1138
1075
1142
1163
1213
1154
1008
1467
1649
1556
1327
1183
952
668
347
150
107
67
89
140
454
1121
1550
1259
1077
1114
1117
1258
1289
1173
898
1436
1651
1598
1296
1071
1086
712
394
220
139
91
104
149
420
995
1445
1161
1071
1088
1194
1117
1182
1120
906
1584
1610
1369
1181
1015
1012
849
660
360
235
183
196
82
175
291
519
780
968
1131
1258
1272
1314
1202
1059
1326
1338
1292
1130
1027
1099
901
690
466
343
204
167
98
125
227
398
539
739
930
1062
1044
993
1023
867
1013
967
869
720
596
387
277
179
72
79
23
48
118
420
1020
1443
1093
921
924
1046
1050
1145
1119
983
1266
1342
1255
1114
997
691
374
182
119
64
38
63
131
452
1152
1594
1212
1154
1168
1196
1130
1262
1174
945
1366
1654
1402
1190
1056
847
470
239
138
67
71
78
111
451
1103
1351
1193
1056
1066
1168
1132
1203
1161
976
1387
1731
1498
1345
1131
922
565
325
167
103
73
92
132
419
1115
1463
1176
1047
1092
1209
1095
1297
1125
976
1419
1626
1475
1520
1118
1000
633
370
207
132
91
109
150
425
1004
1402
1162
966
1076
1103
1053
1154
1089
941
1381
1629
1395
1105
978
988
818
568
429
236
156
154
91
151
246
448
707
847
978
1105
1059
1148
1183
1006
1213
1310
1215
1060
972
900
815
684
405
294
155
156
76
118
182
292
490
655
860
1022
949
1015
941
914
1096
955
881
678
561
427
262
129
83
60
44
47
142
425
1032
1512
1332
945
1011
1105
1108
1162
1055
930
1167
1482
1164
1126
916
594
372
222
105
58
37
72
127
448
1105
1395
1181
1030
1036
1104
1101
1283
1053
950
1303
1636
1413
1301
1134
857
478
