287
290
287
161
90
49
36
36
43
47
88
131
189
167
171
196
171
172
175
148
111
96
93
51
41
22
12
8
13
22
78
158
223
199
171
165
162
199
199
173
163
184
179
152
135
109
92
49
42
21
10
10
14
22
96
172
239
242
210
193
211
213
221
195
182
196
228
189
142
144
143
81
54
31
15
9
11
23
85
203
231
243
210
197
209
173
198
212
174
210
196
268
175
174
173
149
92
52
37
25
8
17
20
41
93
181
164
197
223
227
200
234
199
232
230
231
184
143
223
155
110
77
43
42
20
14
22
34
87
103
162
167
206
205
200
196
204
190
191
153
108
108
99
66
34
16
16
9
14
31
109
236
256
205
192
185
154
193
201
191
158
205
186
223
127
107
96
101
47
21
17
3
14
27
120
225
265
261
202
170
180
207
220
205
149
187
237
239
152
146
133
67
64
18
11
7
7
27
122
255
302
271
206
194
225
196
205
233
146
184
213
216
194
189
133
92
53
35
11
8
15
26
118
234
288
233
232
186
200
202
226
217
165
209
246
255
195
158
173
85
53
31
25
13
12
22
104
252
299
265
200
192
218
236
214
212
174
241
250
320
260
202
229
207
126
81
41
31
16
20
24
50
108
182
207
219
266
258
234
214
227
246
225
272
240
221
208
182
151
93
65
48
19
12
24
49
80
121
176
217
249
247
252
217
180
201
184
136
102
94
85
77
31
18
9
4
6
28
113
224
254
233
205
168
177
164
183
191
159
170
210
202
153
170
112
57
35
18
10
5
12
26
110
218
279
243
225
189
227
202
213
200
180
227
263
244
207
184
154
86
36
18
19
7
7
24
112
204
262
238
203
195
217
200
230
205
166
191
227
223
210
203
169
85
57
30
12
9
11
40
106
235
288
264
216
204
211
214
227
240
156
227
275
298
204
196
192
107
64
26
15
9
22
32
112
241
282
236
205
225
223
239
231
227
174
222
260
276
207
208
205
176
163
79
52
22
16
17
46
60
113
173
187
226
238
237
202
186
174
224
260
249
189
204
219
211
138
75
66
34
17
11
21
36
77
126
123
182
226
235
222
229
213
221
209
139
133
123
149
112
67
53
28
8
11
22
43
78
126
157
190
203
230
209
208
208
193
196
205
160
126
115
77
66
38
16
13
3
10
33
121
247
304
239
224
224
194
183
232
223
195
253
230
246
269
179
125
83
38
21
15
8
10
21
137
261
311
264
258
222
221
180
246
219
203
201
260
234
195
166
146
81
44
10
18
8
18
30
118
228
309
240
254
188
229
190
220
243
209
230
315
279
208
226
168
112
63
34
14
6
16
23
103
267
316
277
222
234
234
235
234
218
164
219
251
280
220
180
239
168
118
69
36
17
21
15
34
76
121
187
245
300
323
308
293
266
244
248
289
305
248
234
280
242
161
117
73
57
36
11
33
51
101
149
358
268
253
264
288
228
223
208
205
162
159
126
108
71
27
17
9
10
7
44
105
206
248
207
192
199
177
165
210
272
177
180
212
214
161
113
120
50
30
24
6
12
9
42
132
244
273
273
205
202
227
196
250
201
166
252
294
245
178
198
135
91
48
20
9
7
9
26
128
283
296
249
213
212
182
205
206
222
173
181
261
227
175
157
125
91
52
17
12
5
4
37
107
220
280
256
215
199
210
201
226
237
185
180
310
323
216
183
188
111
64
36
13
14
13
31
105
233
304
264
214
229
213
220
243
179
203
248
283
305
243
234
237
187
159
103
61
34
21
16
30
65
112
196
214
239
263
270
247
239
234
215
297
281
247
195
253
207
158
117
62
34
16
10
26
51
87
184
235
229
256
277
205
209
219
305
275
135
142
153
144
195
53
17
15
11
22
32
112
226
269
228
202
194
199
191
204
209
186
222
211
217
136
134
112
49
30
16
5
3
14
38
130
252
287
255
235
224
225
190
226
201
184
239
225
230
156
153
151
65
31
22
9
11
9
33
139
227
309
230
222
206
230
201
217
211
184
189
262
241
163
173
151
87
61
22
13
10
13
28
128
277
331
239
241
179
235
211
230
225
177
201
268
306
209
211
190
104
54
31
12
11
14
30
97
241
268
228
219
207
195
200
170
149
143
124
130
135
104
94
91
91
65
34
21
14
6
7
15
24
42
75
120
157
188
222
204
216
234
223
303
249
228
209
229
193
144
101
47
39
24
17
27
43
79
133
205
228
241
246
243
226
202
219
199
194
133
137
88
57
31
12
11
8
11
26
121
209
200
163
203
155
202
165
220
224
186
225
263
249
183
163
100
72
37
13
4
3
10
26
121
237
258
245
242
197
235
220
197
196
153
245
296
255
188
173
176
95
60
25
15
6
10
25
129
264
256
269
216
201
193
216
216
223
178
241
271
244
222
207
156
130
47
22
20
6
18
28
116
258
305
227
202
212
222
222
248
219
183
224
287
301
262
228
214
138
95
38
24
10
20
32
94
258
275
249
234
217
209
201
184
194
149
215
252
224
177
193
194
186
134
102
43
31
29
20
27
51
109
148
180
173
249
229
212
212
203
215
242
280
203
198
190
190
166
83
66
46
45
16
20
38
77
127
190
197
244
269
251
237
202
188
238
195
167
149
148
105
55
29
25
7
12
18
52
71
108
153
159
208
221
224
208
221
199
217
213
182
128
133
104
74
48
20
9
7
13
23
92
190
262
232
196
185
214
222
203
223
167
194
230
218
190
148
122
68
42
22
4
7
7
24
123
258
287
226
225
227
226
207
202
213
196
224
264
244
215
178
150
85
45
26
13
8
10
35
118
254
267
273
217
192
222
223
220
229
188
234
302
257
229
212
153
96
77
47
21
12
6
30
93
265
313
265
224
202
241
179
216
217
156
235
281
254
254
211
203
186
147
83
62
24
17
18
32
64
125
203
254
214
264
273
265
202
200
223
289
288
241
226
217
219
287
164
116
75
13
10
21
47
97
148
236
204
238
261
255
228
208
205
229
191
100
100
103
67
143
17
14
13
9
39
113
255
279
227
194
157
176
166
240
192
206
190
242
205
128
139
113
64
34
7
6
6
9
33
117
242
258
247
234
213
222
210
206
213
164
201
261
269
190
168
138
71
55
26
14
7
7
30
121
226
272
241
244
242
233
190
163
202
168
209
249
258
196
165
140
83
62
19
16
4
13
31
121
236
307
273
266
207
224
211
205
202
200
215
299
262
214
213
148
106
75
36
50
21
11
19
122
244
294
284
240
203
196
218
199
207
190
227
285
276
224
219
196
237
152
89
69
41
24
17
31
74
126
226
212
231
271
265
278
224
209
245
269
277
239
235
244
268
176
108
93
39
27
18
18
49
95
138
205
212
268
267
270
230
195
236
236
211
129
150
116
71
35
15
13
14
13
37
114
245
275
235
199
196
176
162
213
192
195
202
256
242
206
145
96
51
43
28
11
5
9
40
126
260
285
291
252
243
210
176
225
190
193
220
314
239
203
170
132
82
47
23
3
3
12
31
120
274
301
271
240
231
239
230
246
224
175
189
263
247
185
187
155
112
76
25
9
10
15
32
129
263
335
286
202
229
220
247
227
261
187
211
275
249
183
197
133
113
49
37
11
12
16
25
112
219
222
195
209
200
214
170
206
180
173
230
287
273
207
194
212
180
144
89
57
28
27
8
38
62
125
207
254
233
297
233
277
283
232
197
327
302
234
237
280
297
228
142
80
54
21
28
37
85
136
182
223
251
290
258
289
205
196
266
167
155
160
82
50
39
15
12
9
14
41
89
218
264
236
218
193
194
181
212
224
187
194
234
215
166
134
107
78
42
20
10
3
6
26
132
196
270
251
228
213
214
261
240
224
193
226
234
236
180
153
123
97
54
34
12
8
14
33
109
257
267
237
236
212
232
212
212
222
188
219
276
216
183
176
177
110
92
34
14
7
10
37
99
231
298
247
232
265
206
248
257
231
193
226
285
281
207
240
213
127
84
36
26
13
18
32
111
247
276
231
239
228
221
210
251
241
150
217
265
266
234
218
240
184
176
108
59
27
20
11
38
70
104
168
223
201
226
249
231
189
144
201
254
278
185
236
223
203
196
104
90
41
19
22
46
81
92
135
198
213
246
256
240
244
223
225
225
197
148
110
111
78
31
8
14
3
17
39
108
218
227
212
242
166
181
172
180
168
153
185
228
218
150
125
104
74
29
15
12
6
8
34
111
193
244
233
231
205
201
168
186
184
149
178
210
236
169
177
113
86
48
18
16
13
14
36
99
201
275
227
209
209
215
225
197
188
148
184
233
232
204
249
181
127
50
28
12
5
15
46
104
237
278
268
221
221
195
222
182
192
150
163
231
242
208
174
144
97
68
28
27
16
9
32
92
212
272
253
216
216
193
216
189
195
160
216
265
251
219
211
174
190
130
84
42
17
15
14
33
50
87
168
183
178
251
235
192
227
210
208
240
250
214
206
186
222
153
124
57
32
23
17
23
28
84
106
154
203
219
242
226
231
190
199
189
164
135
146
106
70
41
16
17
4
9
25
106
195
234
250
186
207
205
207
222
197
175
218
231
173
137
167
126
118
54
22
11
7
11
31
92
173
250
225
188
171
182
197
208
210
153
214
189
241
210
204
164
116
56
24
10
7
15
26
98
207
235
236
206
181
220
189
214
203
164
217
214
232
183
171
163
109
56
29
8
5
15
27
96
200
245
244
212
216
216
246
210
227
172
226
240
291
191
191
152
141
105
62
28
18
11
14
51
114
177
230
215
202
236
222
249
254
183
243
240
245
201
167
172
166
150
78
44
37
29
15
29
53
93
133
166
182
198
245
245
241
202
224
252
250
210
170
190
185
130
70
47
29
22
13
29
42
85
115
168
199
246
247
263
233
204
184
205
148
175
136
99
55
31
27
6
5
9
27
109
192
212
204
179
204
175
163
197
216
190
215
200
184
148
147
131
64
30
16
11
6
13
32
138
237
279
253
219
210
232
233
227
271
208
246
253
271
179
172
150
80
39
26
10
6
11
27
141
284
279
230
225
204
232
242
203
230
172
266
273
275
200
187
147
102
35
22
6
4
10
39
155
266
283
230
229
234
240
231
247
229
194
272
285
275
197
203
199
129
66
41
26
7
17
35
125
242
305
259
233
193
228
222
226
231
195
288
283
304
244
225
231
227
135
108
44
15
13
17
45
123
159
345
221
289
292
267
215
242
182
183
271
258
236
214
257
258
202
121
47
31
35
11
22
46
93
163
203
272
267
268
215
218
207
217
266
204
149
111
115
72
37
17
7
9
15
33
117
227
255
239
179
166
186
184
215
219
198
200
197
228
182
137
123
72
40
16
12
3
14
31
124
242
262
239
229
234
226
196
225
247
192
257
309
231
183
203
178
100
63
24
12
6
16
30
123
263
300
244
234
224
229
243
252
233
209
247
319
405
320
221
229
92
39
19
16
4
16
35
116
239
308
242
228
223
223
214
224
229
195
230
269
313
223
198
150
139
85
52
22
15
25
30
124
260
321
245
239
267
216
231
243
234
165
249
292
315
258
288
252
198
144
81
40
23
19
12
27
81
124
223
234
231
304
316
271
254
207
227
279
295
247
213
223
226
179
93
59
34
17
9
28
62
104
150
289
371
316
313
271
237
191
241
255
184
164
131
102
63
37
22
14
6
8
31
142
243
280
218
201
211
191
179
214
203
163
198
279
213
180
148
110
68
38
23
10
11
10
28
122
255
285
236
210
202
230
226
223
235
209
237
267
228
205
177
140
74
40
26
18
10
15
38
129
234
311
263
239
241
270
181
206
226
194
256
283
271
219
161
163
105
54
31
15
5
18
31
126
253
278
263
252
209
244
228
272
279
234
269
290
293
232
222
192
116
78
32
16
12
18
28
111
262
280
259
223
224
243
226
244
234
206
244
287
324
234
230
280
205
135
93
47
23
25
13
32
78
108
214
230
286
293
258
289
257
245
220
309
306
246
230
306
273
196
118
67
44
28
11
26
47
122
208
215
251
269
285
274
251
196
238
251
202
146
126
109
67
39
18
8
4
11
26
114
220
242
218
181
215
203
176
200
226
206
201
268
229
182
160
102
75
45
13
5
9
6
32
97
248
271
240
280
246
228
229
239
223
185
248
284
246
204
163
146
89
38
31
10
9
12
33
117
269
273
234
192
249
234
213
279
216
177
233
303
275
234
176
151
104
49
28
19
7
12
36
122
251
307
250
222
209
230
227
218
211
174
229
305
278
254
186
208
132
67
48
37
15
20
29
112
221
289
249
209
193
235
187
211
208
188
237
302
322
243
235
281
208
131
82
55
23
17
16
26
71
127
190
214
291
310
297
295
290
231
238
346
293
273
222
283
247
155
94
57
20
19
11
29
56
78
184
229
237
274
278
288
261
226
244
246
196
159
127
133
80
42
24
12
6
15
43
108
236
275
241
181
173
193
191
228
204
196
212
239
228
158
156
116
67
35
17
19
11
13
29
120
258
286
235
202
194
219
175
217
233
175
246
263
240
193
151
156
100
