77 2
0.497272 0.528442 
0.459816 0.621836 
0.488333 0.553608 
0.481886 0.56629 
0.449024 0.650156 
0.10766 0.53523 
0.480492 0.569856 
0.495015 0.534933 
0.493657 0.538275 
0.455366 0.634106 
0.454979 0.639684 
0.574225 0.354961 
0.473012 0.589201 
0.455343 0.634179 
0.471176 0.594188 
0.445927 0.663237 
0.458813 0.624278 
0.450966 0.644471 
0.496294 0.531724 
0.496081 0.532288 
0.465691 0.612059 
0.592114 0.319159 
0.555283 0.395265 
0.494679 0.53572 
0.48154 0.567156 
0.458541 0.624971 
0.562016 0.379861 
0.466555 0.609177 
0.0914325 0.432975 
0.576921 0.348993 
0.456577 0.635155 
0.440756 0.671119 
0.496667 0.532223 
0.445784 0.659189 
0.456143 0.63172 
0.464844 0.613905 
0.476031 0.58068 
0.446456 0.655949 
0.472282 0.590496 
0.110629 0.553939 
0.451936 0.642472 
0.477945 0.57576 
0.880045 0.0200459 
0.471787 0.592346 
0.478642 0.575468 
0.496393 0.530637 
0.498894 0.524392 
0.474122 0.591126 
0.459229 0.628681 
0.448926 0.650103 
0.452052 0.641944 
0.471007 0.594354 
0.449665 0.647989 
0.115437 0.578601 
0.456735 0.634894 
0.108297 0.542771 
0.450788 0.645529 
0.441431 0.669348 
0.450297 0.647254 
0.541299 0.429079 
0.4607 0.619521 
0.449669 0.648022 
0.610649 0.28523 
0.445304 0.660464 
0.473012 0.588222 
0.541536 0.425149 
0.461534 0.6197 
0.516605 0.485663 
0.472826 0.588676 
0.455897 0.632339 
0.476285 0.580394 
0.478296 0.575517 
0.107171 0.530996 
0.477001 0.578558 
0.603209 0.2983 
0.44159 0.671015 
0.593782 0.316529 
