224 2
0.00828696 0.238006 
7.22243e-06 0.145396 
2.12859e-05 0.209865 
2.57818e-05 0.247137 
0.00488368 0.222572 
0.00412106 0.288124 
0.0101099 0.190017 
4.52743e-05 0.300262 
0.0114967 0.247742 
0.0083629 0.0998661 
4.635e-05 0.28608 
1.82443e-05 0.174431 
0.0220332 0.110368 
0.0144278 0.209628 
9.73264e-06 0.0283314 
0.00675423 0.140397 
3.90102e-06 0.0257817 
0.00639901 0.330477 
0.00478175 0.237085 
8.88074e-05 0.358528 
6.59898e-05 0.343075 
0.0186052 0.138773 
0.0115977 0.267432 
0.000230948 0.322272 
0.00862771 0.356844 
0.00886467 0.232546 
0.0081161 0.354965 
0.0168799 0.158025 
0.00973537 0.226784 
0.00479727 0.238364 
0.0167972 0.1613 
5.69455e-05 0.291913 
0.0158491 0.184449 
0.00451519 0.252113 
0.0062421 0.266536 
0.0112716 0.15913 
0.0119642 0.235602 
2.80821e-05 0.297071 
0.0114677 0.146017 
0.00803584 0.213492 
0.0105056 0.296121 
0.0130776 0.2062 
0.00467383 0.2413 
9.62015e-05 0.237553 
3.4625e-05 0.335913 
0.00975402 0.0820216 
0.00786648 0.116727 
0.00464792 0.24508 
0.0112718 0.17604 
0.00675084 0.140147 
0.00955821 0.205419 
0.00385128 0.329282 
0.0100095 0.192413 
0.00508193 0.219365 
0.00998918 0.111021 
0.0105135 0.289737 
0.0117666 0.188459 
0.0102363 0.119936 
3.0629e-05 0.215019 
0.00451558 0.249903 
0.00587533 0.170537 
7.5374e-05 0.246485 
0.00388738 0.32263 
0.00489966 0.221545 
0.00414437 0.285706 
0.013152 0.204906 
0.0140376 0.116738 
0.0165769 0.153427 
3.16405e-05 0.318323 
1.90697e-05 0.216167 
3.27073e-05 0.277616 
0.0176647 0.0664371 
5.13329e-05 0.336481 
4.13956e-05 0.351738 
0.0147673 0.121822 
0.0076786 0.278445 
0.0146014 0.163419 
3.01477e-05 0.362997 
0.0113168 0.191486 
0.000146609 0.305467 
0.0044695 0.2597 
0.0126652 0.223066 
6.08072e-05 0.323379 
0.0140125 0.0881914 
0.000156535 0.357533 
5.55892e-05 0.262642 
0.0128308 0.183197 
0.0049918 0.231679 
0.0141885 0.101842 
0.00474354 0.243489 
0.000175969 0.317873 
0.0182514 0.063699 
1.99238e-05 0.327227 
6.61671e-05 0.326859 
0.0169337 0.157516 
0.0129554 0.220365 
0.000208747 0.345364 
0.00640213 0.152772 
2.76557e-05 0.206794 
0.00932863 0.326062 
0.00344392 0.345388 
5.08271e-05 0.196419 
3.34136e-05 0.300052 
0.0162726 0.169468 
0.00918851 0.0905744 
8.1091e-05 0.321086 
3.83264e-05 0.265532 
1.4895e-05 0.12433 
0.00813749 0.349014 
0.0068424 0.106931 
0.0138397 0.195235 
0.00997962 0.309572 
0.00659658 0.155656 
0.0103031 0.180461 
0.0162298 0.173305 
0.00735133 0.132296 
0.00500971 0.215922 
3.55701e-05 0.200111 
3.33579e-05 0.308824 
6.08881e-05 0.293579 
2.8903e-05 0.184084 
0.00942573 0.175584 
5.87636e-05 0.324577 
6.31273e-05 0.263785 
0.00525602 0.214151 
3.73356e-05 0.336584 
0.0122845 0.150661 
0.0192361 0.138531 
0.0190772 0.125693 
0.0210917 0.103644 
3.60083e-05 0.27447 
6.07954e-05 0.236238 
0.000162407 0.282906 
0.00908954 0.1591 
0.00841446 0.0984661 
0.000205119 0.339499 
0.00607913 0.166235 
4.61446e-05 0.214334 
3.52537e-05 0.361283 
0.0139131 0.183749 
1.10587e-05 0.0820103 
0.0108013 0.278778 
0.0124889 0.229118 
0.00460297 0.249539 
4.35901e-05 0.182534 
0.000180619 0.291017 
2.09642e-05 0.0721726 
0.0161836 0.169296 
0.00343326 0.346763 
2.20313e-05 0.268939 
8.36104e-06 0.294895 
0.0103152 0.305854 
0.00897647 0.0950753 
0.0076674 0.343084 
0.0101332 0.183905 
0.0129105 0.212553 
6.15128e-05 0.250481 
0.011762 0.188803 
0.00454006 0.249599 
0.00671521 0.142045 
5.42042e-05 0.349685 
1.77191e-05 0.17434 
8.16401e-05 0.29424 
5.43257e-05 0.261702 
6.54118e-05 0.217996 
2.96489e-05 0.266041 
0.0286479 0.0586313 
1.51406e-05 0.134304 
1.34471e-05 0.104541 
1.82694e-05 0.221769 
0.0119003 0.0686115 
0.0108615 0.115962 
0.0139634 0.0912409 
5.63407e-05 0.357877 
0.0115414 0.182572 
0.0138142 0.262075 
5.10376e-05 0.0878218 
0.00911817 0.0923847 
7.60922e-05 0.352788 
0.0104247 0.295725 
0.00663659 0.146186 
0.00646754 0.156181 
1.37496e-05 0.265506 
0.00904598 0.0934402 
0.00677767 0.139228 
0.000109303 0.27703 
7.12991e-05 0.298817 
3.19188e-05 0.244381 
0.0108809 0.258888 
0.00526268 0.213962 
0.0173342 0.143277 
0.0119995 0.190112 
0.0085055 0.0959826 
3.91315e-05 0.178747 
1.8083e-05 0.351491 
0.00936108 0.322092 
0.00585355 0.171356 
0.00503547 0.213656 
0.00490296 0.243528 
0.00937867 0.367951 
0.00689562 0.365902 
0.00836061 0.317625 
0.0114994 0.269327 
0.000126077 0.169494 
0.0141763 0.120677 
0.00510087 0.218306 
0.00633761 0.151927 
2.91993e-05 0.0316454 
6.17157e-05 0.3321 
4.12378e-05 0.311814 
4.01522e-05 0.308079 
0.0160502 0.0295913 
0.00586177 0.282969 
0.00620404 0.156191 
2.35613e-05 0.175453 
0.00814905 0.345175 
0.00636647 0.160986 
6.92585e-05 0.23141 
0.0120445 0.141142 
0.00416256 0.28352 
4.88035e-05 0.27152 
7.7581e-05 0.29445 
3.28486e-05 0.0603354 
0.00640513 0.159114 
