64 2
0.361932 0.867116 
0.395688 0.789214 
0.396749 0.786635 
0.417209 0.735804 
0.345765 0.900464 
0.343718 0.904459 
0.322787 0.940874 
0.396783 0.786338 
0.360797 0.868673 
0.339039 0.912932 
0.380898 0.824552 
0.353471 0.884783 
0.333796 0.922911 
0.340212 0.911558 
0.426901 0.710896 
0.347402 0.897859 
0.391004 0.80044 
0.433933 0.687478 
0.38503 0.814956 
0.430782 0.700369 
0.3964 0.787564 
0.387019 0.810026 
0.437325 0.68453 
0.440701 0.672808 
0.41817 0.733026 
0.432077 0.692045 
0.436188 0.684101 
0.438148 0.682357 
0.370572 0.846911 
0.37155 0.846029 
0.378192 0.830674 
0.412345 0.747456 
0.427116 0.710664 
0.363602 0.863736 
0.386283 0.811931 
0.432805 0.696173 
0.290844 0.961858 
0.363876 0.862646 
0.371691 0.844967 
0.362751 0.865358 
0.3876 0.808474 
0.400118 0.778456 
0.439228 0.679169 
0.368326 0.853303 
0.312628 0.956651 
0.402135 0.773247 
0.406745 0.761642 
0.359326 0.872547 
0.43909 0.679885 
0.359604 0.872187 
0.375324 0.837636 
0.391972 0.79819 
0.424771 0.716587 
0.326289 0.935883 
0.361783 0.865958 
0.398552 0.782282 
0.437593 0.68047 
0.426474 0.711884 
0.389011 0.805632 
0.318973 0.94741 
0.42291 0.721212 
0.388365 0.806982 
0.42897 0.703068 
0.394039 0.793259 
