73 2
0.0155327 0.0932234 
0.0131346 0.138157 
0.023216 0.0840803 
0.00557204 0.344335 
0.0266984 0.0389297 
0.00991058 0.216036 
0.0270087 0.0613294 
0.00923808 0.287769 
0.0319039 0.0491254 
0.00858722 0.264037 
0.0173196 0.0934046 
0.0314121 0.05268 
0.0225379 0.0354164 
0.0271292 0.0666023 
0.0299854 0.054525 
0.0147021 0.0924588 
0.0133172 0.13379 
0.0122762 0.126703 
0.00659905 0.340874 
0.0075335 0.313128 
0.0349397 0.0422512 
0.00620233 0.34812 
0.0268828 0.0566884 
0.0200405 0.0657682 
0.02769 0.0641059 
0.00619442 0.364695 
0.0189745 0.0463486 
0.00663083 0.360948 
0.0334175 0.03645 
0.0079585 0.261422 
0.0083591 0.356286 
0.0311368 0.0508562 
0.014854 0.0842917 
0.00891294 0.23588 
0.0114753 0.156486 
0.0200084 0.0416872 
0.0151078 0.142456 
0.0117223 0.150912 
0.0154986 0.0906032 
0.021111 0.0490992 
0.0191331 0.0556645 
0.0143258 0.127138 
0.00680581 0.318812 
0.00551115 0.35411 
0.0112342 0.0956131 
0.0240425 0.0451177 
0.017329 0.103888 
0.011039 0.203437 
0.0229318 0.0355664 
0.0107496 0.195139 
0.0124171 0.117669 
0.00771284 0.291912 
0.00821934 0.25719 
0.00826364 0.251088 
0.00859142 0.322698 
0.00707421 0.302794 
0.0344295 0.0577969 
0.0274855 0.0616425 
0.0119859 0.135775 
0.00817729 0.280801 
0.0167622 0.0809325 
0.00768007 0.294625 
0.00500466 0.357243 
0.0300108 0.0485448 
0.0283397 0.0580441 
0.0111017 0.168783 
0.00804492 0.262351 
0.0339346 0.0387363 
0.0138524 0.11382 
0.0100221 0.18335 
0.0344979 0.0560441 
0.00913916 0.240127 
0.0188163 0.0642506 
