10
8
3
0
1
3
10
23
16
14
13
11
8
6
11
8
9
7
23
30
31
21
21
18
19
8
4
0
0
3
9
34
23
27
7
18
11
13
14
13
12
14
39
54
30
22
29
30
27
11
12
5
0
1
2
6
11
13
12
15
18
20
19
10
17
19
26
27
20
18
28
29
30
25
21
13
4
0
1
1
4
9
14
15
15
16
13
16
15
25
37
8
15
19
14
38
4
2
2
0
1
2
12
25
26
16
9
4
4
11
9
7
10
8
32
28
21
21
13
11
4
1
0
0
0
5
15
24
21
17
11
7
7
6
13
8
6
12
28
30
29
26
26
12
14
3
2
3
1
1
13
40
20
18
8
11
10
6
6
6
5
10
34
47
37
28
35
27
11
5
2
0
0
0
18
25
26
26
9
9
11
11
15
12
11
13
24
43
49
39
41
28
23
8
6
1
0
1
8
20
16
10
13
6
7
8
6
6
5
8
14
14
13
4
2
5
3
2
0
1
0
0
0
2
5
6
5
6
9
8
10
8
14
12
15
14
18
18
18
23
29
30
14
5
3
0
2
4
5
10
10
19
18
17
11
13
12
14
15
13
5
6
19
9
7
0
1
1
0
5
16
19
17
22
9
4
6
11
8
4
10
9
22
29
27
26
19
15
8
4
1
0
0
1
10
29
23
21
7
6
16
10
7
7
6
12
32
30
34
35
27
29
11
6
1
0
0
2
13
14
13
18
9
11
12
9
13
5
10
17
25
25
41
35
27
25
10
5
3
1
1
2
16
24
19
19
13
10
12
10
5
7
8
19
43
41
42
37
26
26
16
11
3
3
2
2
12
20
27
17
20
9
7
13
12
9
9
26
39
39
34
29
33
34
32
16
19
14
6
0
4
13
5
11
14
12
12
10
13
13
13
23
25
28
21
19
18
27
23
18
19
6
6
2
2
3
4
9
13
11
11
10
13
20
13
16
11
13
17
9
7
14
9
3
1
1
1
1
2
4
13
12
8
7
14
5
12
8
9
13
14
21
16
20
13
5
4
4
0
0
0
4
18
30
15
16
11
5
12
10
10
6
3
13
22
35
30
25
26
6
10
4
1
0
0
2
7
24
18
19
10
8
10
3
7
7
8
12
17
28
48
42
39
31
15
3
2
0
1
3
12
28
11
13
5
11
14
10
6
15
14
10
19
31
41
21
44
24
20
10
5
3
0
1
12
32
26
24
13
14
14
17
21
17
14
19
25
40
31
34
39
43
40
22
21
11
3
0
2
8
13
14
23
11
12
18
13
14
11
10
27
23
17
16
29
15
23
24
11
14
4
2
1
4
8
10
13
8
11
22
22
15
5
11
28
16
7
24
11
14
24
4
5
0
0
1
13
25
13
11
8
6
15
11
6
12
5
15
19
31
24
24
16
12
6
0
1
1
1
2
8
18
18
14
6
3
9
13
10
6
7
10
30
36
38
32
22
36
12
6
3
1
0
3
20
30
15
17
11
4
6
8
9
6
10
17
27
33
25
25
36
16
13
10
4
2
0
2
13
24
21
19
10
7
7
14
14
5
10
7
26
31
39
23
40
31
24
13
2
2
1
2
14
31
19
22
14
11
15
17
14
15
4
30
33
48
35
38
35
39
35
17
19
3
2
0
3
4
14
11
14
15
23
19
15
13
14
22
35
36
26
34
32
32
37
27
14
10
2
1
1
4
6
12
18
15
17
13
12
11
13
13
23
23
8
7
12
8
9
0
0
0
0
3
17
20
18
19
7
9
8
16
11
10
13
14
16
28
25
18
26
15
9
7
4
0
0
2
7
25
22
20
15
5
12
15
11
12
9
15
24
39
36
31
46
25
23
6
7
2
0
3
11
27
20
22
16
18
7
11
12
9
6
17
17
32
29
34
34
19
10
5
2
0
1
2
16
29
26
17
9
7
12
8
6
11
8
17
32
43
43
38
45
27
21
13
4
0
1
1
14
29
15
14
10
10
10
6
7
9
6
23
34
37
28
33
36
29
22
15
6
4
5
3
2
7
6
10
14
16
16
21
16
18
19
19
41
39
24
20
37
34
36
26
19
13
6
1
3
3
11
16
21
19
15
11
20
19
20
18
15
9
14
10
5
5
7
1
1
0
1
14
29
22
22
12
6
14
10
14
7
5
10
17
27
24
25
23
15
12
4
0
1
0
3
15
28
26
24
17
8
7
7
7
3
10
13
23
35
34
39
33
20
8
5
5
1
1
4
15
33
27
25
16
15
15
14
13
9