53
46
39
27
46
27
23
22
31
18
17
9
8
14
21
12
19
34
49
35
29
62
96
130
168
201
269
260
344
357
422
414
462
471
469
492
436
472
423
347
390
423
202
112
61
64
66
42
53
40
37
20
17
13
9
7
14
11
8
6
17
7
8
9
27
41
50
50
68
102
141
181
197
202
282
241
274
263
300
309
303
264
251
287
266
238
272
266
370
154
97
76
57
42
47
45
53
35
20
14
21
21
6
12
18
7
12
9
6
10
7
11
12
41
58
74
68
120
174
187
234
293
336
327
394
404
461
363
395
382
381
358
408
319
347
387
478
181
107
71
63
46
67
56
58
25
37
23
12
22
16
4
15
5
12
8
17
7
6
17
18
33
53
64
67
119
183
210
271
254
317
344
355
333
393
341
337
339
338
356
425
321
345
359
464
181
112
80
63
47
66
67
80
55
42
26
18
25
28
5
17
10
11
10
13
10
9
11
15
36
63
55
64
103
165
182
193
288
309
331
340
387
398
375
379
315
379
322
351
311
368
334
466
245
171
85
80
61
53
74
88
39
36
33
28
21
15
6
14
12
7
8
7
14
13
8
20
49
51
79
62
107
155
207
314
353
360
406
440
408
501
417
386
391
427
374
410
419
457
431
437
490
200
109
73
67
55
84
74
65
47
28
35
20
26
21
21
19
21
11
7
9
15
17
31
47
54
74
59
127
174
204
248
289
327
328
384
387
417
435
474
454
507
448
481
500
429
439
458
547
197
96
82
53
57
53
