yd yk ek
0.949970 0.954954 -0.004984
0.999391 0.996517 0.002874
1.042955 1.040651 0.002304
1.080991 1.087750 -0.006759
1.114258 1.131541 -0.017282
1.143486 1.163759 -0.020273
1.169194 1.181511 -0.012317
1.191693 1.190274 0.001419
1.211180 1.199457 0.011723
1.227900 1.214555 0.013345
1.242351 1.233459 0.008892
1.255494 1.250376 0.005118
1.268777 1.262859 0.005918
1.283551 1.274776 0.008775
1.299456 1.291895 0.007561
1.312548 1.312694 -0.000146
1.315768 1.323039 -0.007271
1.303045 1.307769 -0.004724
1.272984 1.269255 0.003729
1.228367 1.220672 0.007695
1.173542 1.168783 0.004759
1.112603 1.112620 -0.000017
1.048769 1.051799 -0.003030
0.984392 0.988519 -0.004127
0.921125 0.922287 -0.001162
0.860095 0.854156 0.005939
0.802019 0.792569 0.009450
0.747278 0.741536 0.005742
0.695950 0.694817 0.001133
0.647840 0.647933 -0.000093
0.602597 0.600896 0.001701
0.559983 0.555661 0.004322
0.520213 0.515222 0.004991
0.484090 0.480797 0.003293
0.452926 0.451724 0.001202
0.428546 0.429003 -0.000457
0.413541 0.415258 -0.001717
0.411605 0.412682 -0.001077
0.427403 0.425375 0.002028
0.465031 0.462208 0.002823
0.524694 0.526636 -0.001942
0.600183 0.607609 -0.007426
0.680985 0.689209 -0.008224
0.757380 0.761389 -0.004009
0.823400 0.821947 0.001453
0.876636 0.872711 0.003925
0.916875 0.914562 0.002313
0.944950 0.945388 -0.000438
0.962113 0.962070 0.000043
0.969794 0.965094 0.004700
0.969564 0.961261 0.008303
0.963160 0.958797 0.004363
0.952535 0.958062 -0.005527
0.939978 0.950822 -0.010844
0.928289 0.932601 -0.004312
0.920924 0.911258 0.009666
0.921794 0.901545 0.020249
0.934387 0.915320 0.019067
0.960262 0.953775 0.006487
0.997573 1.004394 -0.006821
1.040434 1.049058 -0.008624
1.080435 1.079440 0.000995
1.110659 1.101706 0.008953
1.128743 1.124339 0.004404
1.136424 1.143481 -0.007057
1.137345 1.147107 -0.009762
1.135347 1.138652 -0.003305
1.133635 1.133558 0.000077
1.134454 1.133986 0.000468
1.138977 1.138039 0.000938
1.147274 1.147767 -0.000493
1.158403 1.162353 -0.003950
1.170578 1.176213 -0.005635
1.181287 1.184090 -0.002803
1.187140 1.185822 0.001318
1.183658 1.182311 0.001347
1.166262 1.168268 -0.002006
1.133325 1.133823 -0.000498
1.088209 1.078278 0.009931
1.036990 1.018332 0.018658
0.985104 0.970375 0.014729
0.936083 0.934680 0.001403
0.891692 0.900908 -0.009216
0.852333 0.860775 -0.008442
0.817424 0.820194 -0.002770
0.785759 0.786656 -0.000897
0.755919 0.755566 0.000353
0.726675 0.725056 0.001619
0.697304 0.697234 0.000070
0.667726 0.671919 -0.004193
0.638507 0.645988 -0.007481
0.610854 0.616621 -0.005767
0.586767 0.586370 0.000397
0.569334 0.563278 0.006055
0.562818 0.555974 0.006844
0.571918 0.570169 0.001749
0.599797 0.606902 -0.007105
0.645706 0.662497 -0.016791
0.704581 0.723437 -0.018856
0.769454 0.777578 -0.008124
0.834287 0.832272 0.002015
0.895128 0.890915 0.004213
0.949828 0.950388 -0.000560
0.997348 1.005721 -0.008373
1.037216 1.051357 -0.014141
1.069265 1.082993 -0.013728
1.093572 1.100795 -0.007223
1.110494 1.110218 0.000276
1.120738 1.117587 0.003151
1.125452 1.124479 0.000973
1.126368 1.128016 -0.001648
1.125937 1.126734 -0.000798
1.127300 1.124671 0.002629
1.133811 1.129770 0.004041
1.147964 1.147850 0.000114
1.169959 1.176684 -0.006725
1.196418 1.206309 -0.009891
1.220203 1.225578 -0.005375
1.232763 1.229211 0.003552
1.228389 1.220100 0.008289
1.206609 1.201829 0.004780
1.170928 1.171600 -0.000672
1.126237 1.129728 -0.003491
1.077081 1.082751 -0.005670
1.027030 1.033612 -0.006582
0.978648 0.985606 -0.006958
0.933616 0.936775 -0.003159
0.892802 0.888009 0.004793
0.856204 0.850558 0.005646
0.822842 0.824584 -0.001742
0.790829 0.797668 -0.006839
0.757900 0.765029 -0.007129
0.722417 0.728181 -0.005764
0.684313 0.688262 -0.003949
0.645225 0.646403 -0.001178
0.607779 0.605842 0.001937
0.574847 0.571645 0.003202
0.549362 0.547492 0.001870
0.534491 0.534967 -0.000476
0.533631 0.535486 -0.001855
0.549728 0.550668 -0.000940
0.583843 0.581987 0.001856
0.633844 0.629133 0.004711
0.694682 0.686321 0.008361
0.760306 0.750397 0.009909
0.825595 0.818805 0.006790
0.887105 0.885055 0.002050
0.942748 0.944085 -0.001337
0.991132 0.993731 -0.002599
1.031117 1.032912 -0.001795
1.061854 1.061347 0.000507
1.083120 1.080310 0.002810
1.095533 1.092392 0.003141
1.100498 1.099557 0.000941
1.100046 1.101790 -0.001744
1.096737 1.099052 -0.002315
1.093590 1.094175 -0.000585
1.093900 1.092873 0.001027
1.100744 1.101061 -0.000317
1.116125 1.120989 -0.004864
1.139905 1.148558 -0.008653
1.168756 1.175246 -0.006490
1.195822 1.193744 0.002078
1.212527 1.202044 0.010483
1.212562 1.201811 0.010751
1.194830 1.191160 0.003670
1.162783 1.162399 0.000384
1.121749 1.117060 0.004689
1.076805 1.069451 0.007354
1.031900 1.026510 0.005390
0.989755 0.990162 -0.000408
0.951981 0.956013 -0.004032
0.919137 0.919627 -0.000490
0.890684 0.888016 0.002668
0.864967 0.863679 0.001288
0.839431 0.838676 0.000755
0.811293 0.809752 0.001541
0.778628 0.777490 0.001138
0.741375 0.740950 0.000425
0.701504 0.699712 0.001792
0.662170 0.657304 0.004866
0.626763 0.620350 0.006413
0.598569 0.593894 0.004675
0.580854 0.579936 0.000918
0.576768 0.579028 -0.002260
0.588654 0.590371 -0.001717
0.616909 0.613814 0.003095
0.659285 0.655550 0.003735
0.711517 0.712738 -0.001221
0.768886 0.764764 0.004122
0.827543 0.813893 0.013650
0.884930 0.872992 0.011938
0.939475 0.933406 0.006069
0.989946 0.986128 0.003818
1.034888 1.029034 0.005854
1.072591 1.062868 0.009722
1.101698 1.089385 0.012313
1.121850 1.109902 0.011948
1.133856 1.124419 0.009437
1.139481 1.132319 0.007161
1.141198 1.134649 0.006549
1.141964 1.135302 0.006662
1.144913 1.139503 0.005410
1.152826 1.151223 0.001603
1.167386 1.170873 -0.003487
1.188371 1.194611 -0.006240
1.212954 1.216766 -0.003812
1.235501 1.233098 0.002403
1.248672 1.241970 0.006702
1.246163 1.242325 0.003838
1.225539 1.228904 -0.003365
1.188901 1.194909 -0.006008
1.141154 1.145122 -0.003968
1.087670 1.090782 -0.003112
1.032871 1.037503 -0.004632
0.979841 0.988666 -0.008825
0.930445 0.940239 -0.009794
0.885487 0.888119 -0.002632
0.844804 0.842736 0.002068
0.807341 0.809807 -0.002466
0.771411 0.778130 -0.006719
0.735227 0.741906 -0.006679
0.697622 0.703306 -0.005684
0.658592 0.663841 -0.005249
0.619338 0.623783 -0.004445
0.581853 0.584341 -0.002488
0.548513 0.548827 -0.000314
0.522021 0.521349 0.000672
0.505616 0.505341 0.000275
0.503155 0.503995 -0.000840
0.518416 0.519790 -0.001374
0.553303 0.553311 -0.000008
0.605900 0.602744 0.003156
0.670512 0.663843 0.006669
0.740072 0.732671 0.007401
0.808628 0.803648 0.004980
0.872237 0.870784 0.001453
0.928582 0.930422 -0.001840
0.976282 0.980579 -0.004297
1.014470 1.019408 -0.004938
1.042750 1.045707 -0.002957
1.061323 1.060945 0.000378
1.071046 1.069469 0.001577
1.073374 1.074960 -0.001585
1.070284 1.076869 -0.006585
1.064269 1.072709 -0.008440
1.058368 1.063775 -0.005407
1.056069 1.056853 -0.000784
1.060826 1.060618 0.000208
1.075121 1.079778 -0.004657
1.099292 1.110616 -0.011324
1.130425 1.142467 -0.012042
1.161841 1.165283 -0.003442
1.184671 1.176289 0.008382
1.191972 1.179056 0.012916
1.182064 1.175218 0.006846
1.158030 1.157804 0.000226
1.124990 1.121527 0.003463
1.087941 1.078816 0.009125
1.050873 1.041821 0.009052
1.016634 1.013428 0.003206
0.986986 0.991208 -0.004222
0.962600 0.968559 -0.005959
0.942937 0.945710 -0.002773
0.926138 0.925369 0.000769
0.909166 0.904394 0.004772
0.888442 0.880392 0.008050
0.861061 0.852680 0.008381
0.826252 0.818706 0.007546
0.786015 0.777386 0.008629
0.744177 0.733786 0.010391
0.704870 0.695873 0.008996
0.671754 0.667600 0.004154
0.647974 0.649232 -0.001258
0.636155 0.641687 -0.005532
0.638018 0.645542 -0.007524
0.653753 0.656742 -0.002989
0.681674 0.673480 0.008194
0.718660 0.705569 0.013091
0.761181 0.761608 -0.000427
0.806288 0.812992 -0.006704
0.852158 0.840716 0.011442
0.898148 0.881108 0.017040
0.944347 0.932266 0.012081
0.990603 0.980280 0.010323
1.035452 1.023069 0.012383
1.076128 1.061586 0.014542
1.109982 1.095901 0.014081
1.135815 1.124608 0.011207
1.154117 1.146286 0.007831
1.166630 1.161482 0.005148
1.175832 1.173322 0.002510
1.184442 1.185759 -0.001317
1.194910 1.201200 -0.006289
1.208863 1.219702 -0.010839
1.226614 1.239386 -0.012772
1.246858 1.257725 -0.010867
1.266653 1.273055 -0.006402
1.281786 1.284647 -0.002861
1.287502 1.291167 -0.003665
1.279509 1.288169 -0.008660
1.255291 1.267939 -0.012648
1.215451 1.226514 -0.011063
1.163721 1.169112 -0.005391
1.105176 1.105519 -0.000343
1.044330 1.045136 -0.000806
0.984348 0.991492 -0.007144
0.927063 0.939476 -0.012413
0.873215 0.883168 -0.009953
0.822711 0.827596 -0.004885
0.774904 0.779964 -0.005060
0.728958 0.735829 -0.006871
0.684227 0.690409 -0.006182
0.640539 0.644890 -0.004351
0.598266 0.601700 -0.003434
0.558202 0.562430 -0.004228
0.521433 0.527324 -0.005891
0.489343 0.495765 -0.006422
0.463840 0.468917 -0.005077
0.447703 0.450710 -0.003007
0.444831 0.445752 -0.000921
0.459791 0.458284 0.001507
0.495944 0.493284 0.002660
0.552533 0.551985 0.000548
0.623504 0.626089 -0.002585
0.700006 0.703439 -0.003433
0.774080 0.775812 -0.001732
0.840430 0.840007 0.000423
0.896253 0.895699 0.000554
0.940463 0.942390 -0.001927
0.973052 0.977725 -0.004673
0.994702 0.999026 -0.004324
1.006545 1.007148 -0.000603
1.010022 1.008361 0.001661
1.006812 1.009508 -0.002696
0.998856 1.010375 -0.011519
0.988482 1.004508 -0.016026
0.978573 0.989459 -0.010886
0.972635 0.972772 -0.000137
0.974471 0.967387 0.007084
0.987238 0.982975 0.004263
1.012118 1.018846 -0.006728
1.047061 1.062917 -0.015856
1.086070 1.100037 -0.013968
1.120417 1.123512 -0.003095
1.142703 1.137496 0.005207
1.150470 1.147383 0.003087
1.145937 1.149770 -0.003833
1.133455 1.137613 -0.004158
1.117482 1.116972 0.000510
1.101704 1.101197 0.000507
1.088799 1.091802 -0.003003
1.080376 1.087244 -0.006868
1.076906 1.086924 -0.010018
1.077630 1.088292 -0.010662
1.080538 1.087556 -0.007017
1.082462 1.082157 0.000305
1.079271 1.072757 0.006514
1.066467 1.059414 0.007053
1.040867 1.036583 0.004284
1.002936 0.996928 0.006008
0.957065 0.943239 0.013826
0.909010 0.891145 0.017865
0.863563 0.852313 0.011250
0.823933 0.825250 -0.001317
0.791918 0.802996 -0.011078
0.768092 0.780539 -0.012447
0.751913 0.757692 -0.005779
0.741892 0.739208 0.002684
0.735942 0.729358 0.006584
0.731873 0.727779 0.004094
0.727942 0.730259 -0.002317
0.723327 0.729480 -0.006153
0.718466 0.720840 -0.002374
0.715267 0.710180 0.005087
0.717209 0.709185 0.008024
0.729004 0.725568 0.003436
0.754927 0.760885 -0.005958
0.795810 0.810971 -0.015161
0.847475 0.866492 -0.019017
0.903071 0.917967 -0.014896
0.956785 0.962241 -0.005456
1.005484 1.003198 0.002286
1.048307 1.046286 0.002021
1.085647 1.092401 -0.006754
1.118326 1.135686 -0.017360
1.147127 1.167925 -0.020798
1.172608 1.185959 -0.013350
1.195097 1.194954 0.000143
1.214795 1.204224 0.010571
1.231928 1.219421 0.012507
1.246945 1.238617 0.008328
1.260706 1.256051 0.004655
1.274506 1.269112 0.005394
1.289478 1.281288 0.008190
1.304976 1.297843 0.007133
1.316779 1.316680 0.000099
1.317832 1.323516 -0.005684
1.302524 1.304554 -0.002030
1.270071 1.263684 0.006387
1.223615 1.213643 0.009972
1.167563 1.160268 0.007295
1.105900 1.102952 0.002948
1.041700 1.041998 -0.000298
0.977178 0.978992 -0.001814
0.913885 0.912798 0.001087
0.852870 0.845163 0.007707
0.794805 0.784610 0.010195
0.740046 0.733775 0.006271
0.688670 0.686455 0.002215
0.640512 0.639074 0.001438
0.595272 0.591936 0.003336
0.552778 0.547131 0.005647
0.513296 0.507531 0.005765
0.477657 0.473888 0.003769
0.447194 0.445510 0.001684
0.423782 0.423771 0.000011
0.410114 0.411344 -0.001230
0.410015 0.410317 -0.000302
0.428211 0.425391 0.002820
0.468572 0.465788 0.002784
0.530663 0.533314 -0.002651
0.607561 0.615428 -0.007867
0.688522 0.696423 -0.007901
0.764101 0.767213 -0.003112
0.828750 0.826371 0.002379
0.880381 0.875889 0.004492
0.918974 0.916344 0.002630
0.945469 0.945349 0.000120
0.961184 0.959967 0.001217
0.967595 0.961411 0.006184
0.966308 0.957112 0.009196
0.959087 0.954875 0.004212
0.947919 0.953782 -0.005863
0.935139 0.945137 -0.009998
0.923617 0.925641 -0.002024
0.916880 0.904493 0.012387
0.918858 0.896711 0.022147
0.932917 0.913370 0.019547
0.960311 0.954164 0.006147
0.998764 1.005278 -0.006514
1.041999 1.048874 -0.006875
1.081574 1.078345 0.003229
1.111008 1.101068 0.009940
1.128474 1.124862 0.003612
1.136008 1.144142 -0.008134
1.137307 1.146984 -0.009677
1.136130 1.138987 -0.002857
1.135547 1.135193 0.000354
1.137647 1.136552 0.001095
1.143437 1.141687 0.001750
1.152838 1.152764 0.000074
1.164794 1.168433 -0.003639
1.177464 1.182717 -0.005253
1.188316 1.190650 -0.002334
1.193925 1.192475 0.001450
1.189748 1.188741 0.001007
1.171267 1.173372 -0.002105
1.137203 1.136598 0.000605
1.091280 1.079553 0.011727
1.039638 1.020270 0.019369
0.987570 0.973899 0.013671
0.938427 0.939101 -0.000674
0.893812 0.904785 -0.010973
0.854008 0.862924 -0.008916
0.818358 0.820809 -0.002451
0.785650 0.786391 -0.000741
0.754525 0.754639 -0.000114
0.723874 0.723317 0.000557
0.693107 0.694270 -0.001163
0.662260 0.667329 -0.005069
0.631964 0.639738 -0.007774
0.603448 0.609190 -0.005742
0.578711 0.578371 0.000340
0.560820 0.555010 0.005810
0.553997 0.547397 0.006600
0.562879 0.561087 0.001792
0.590599 0.597121 -0.006522
0.636464 0.651797 -0.015333
0.695514 0.712035 -0.016521
0.760834 0.767399 -0.006565
0.826335 0.824082 0.002253
0.887941 0.884101 0.003840
0.943356 0.944182 -0.000826
0.991410 0.999580 -0.008170
1.031542 1.045150 -0.013608
1.063551 1.076889 -0.013338
1.087533 1.094946 -0.007413
1.103901 1.104528 -0.000627
1.113433 1.111756 0.001677
1.117346 1.118142 -0.000796
1.117431 1.120833 -0.003402
1.116187 1.118494 -0.002307
1.116785 1.115379 0.001406
1.122620 1.119613 0.003007
1.136277 1.137139 -0.000862
1.158163 1.165854 -0.007691
1.185226 1.195834 -0.010608
1.210609 1.216040 -0.005431
1.225664 1.221398 0.004266
1.224184 1.214712 0.009472
1.205181 1.199321 0.005860
1.171927 1.171522 0.000405
1.129324 1.130301 -0.000977
1.082018 1.083937 -0.001919
1.033693 1.036691 -0.002998
0.987009 0.991579 -0.004570
0.943718 0.946793 -0.003075
0.904728 0.901174 0.003554
0.870041 0.864454 0.005587
0.838628 0.838915 -0.000287
0.808489 0.813404 -0.004915
0.777173 0.782441 -0.005268
0.742816 0.747088 -0.004272
0.705170 0.708154 -0.002984
0.665849 0.666382 -0.000533
0.627600 0.624906 0.002694
0.593445 0.589228 0.004217
0.566393 0.563577 0.002816
0.549570 0.549554 0.000016
0.546248 0.548049 -0.001801
0.559258 0.560142 -0.000884
0.589729 0.587396 0.002333
0.635901 0.631643 0.004258
0.693277 0.686484 0.006793
0.756274 0.745487 0.010787
0.820015 0.810045 0.009970
0.881117 0.876164 0.004953
0.937465 0.936759 0.000706
0.987588 0.988360 -0.000772
1.030164 1.029817 0.000347
1.064020 1.061092 0.002928
1.088545 1.083320 0.005225
1.104031 1.098462 0.005569
1.111678 1.107985 0.003693
1.113405 1.112022 0.001383
1.111703 1.110977 0.000726
1.109525 1.107757 0.001768
1.110090 1.107586 0.002504
1.116430 1.115714 0.000716
1.130607 1.134265 -0.003658
1.152734 1.159921 -0.007187
1.179991 1.185396 -0.005405
1.206174 1.204077 0.002097
1.223011 1.213469 0.009542
1.223715 1.214124 0.009591
1.206262 1.203536 0.002726
1.173457 1.174289 -0.000832
1.130520 1.127996 0.002524
1.082729 1.078221 0.004508
1.034289 1.031623 0.002666
0.988124 0.990520 -0.002396
0.946006 0.951233 -0.005227
0.908662 0.909023 -0.000361
0.875775 0.872130 0.003645
0.845989 0.845216 0.000773
0.817097 0.818888 -0.001791
0.786629 0.788233 -0.001604
0.752795 0.754438 -0.001643
0.715376 0.717533 -0.002157
0.675927 0.676988 -0.001061
0.637155 0.635042 0.002113
0.602131 0.597435 0.004696
0.573989 0.569603 0.004386
0.556029 0.554215 0.001814
0.551694 0.552512 -0.000818
0.563898 0.564984 -0.001086
0.593665 0.592036 0.001629
0.639007 0.635839 0.003168
0.695307 0.689660 0.005647
0.757112 0.745210 0.011902
0.819818 0.806496 0.013322
0.880285 0.872150 0.008135
0.936536 0.933894 0.002642
0.987123 0.986717 0.000406
1.030656 1.028941 0.001715
1.065813 1.060724 0.005089
1.091779 1.083701 0.008078
1.108642 1.100128 0.008514
1.117454 1.111211 0.006243
1.120063 1.116526 0.003537
1.118949 1.116190 0.002759
1.117105 1.113308 0.003797
1.117809 1.113489 0.004321
1.124119 1.122145 0.001974
1.138074 1.141103 -0.003029
1.159750 1.166589 -0.006839
1.186372 1.191312 -0.004940
1.211924 1.209185 0.002739
1.228340 1.218265 0.010075
1.228808 1.219226 0.009582
1.211028 1.209010 0.002018
1.177547 1.179570 -0.002023
1.133513 1.132607 0.000906
1.084265 1.081527 0.002738
1.034114 1.032951 0.001163
0.986077 0.989586 -0.003509
0.942006 0.947900 -0.005894
0.902698 0.903140 -0.000442
0.867916 0.864167 0.003749
0.836385 0.836204 0.000181
0.805997 0.809059 -0.003062
0.774399 0.777290 -0.002891
0.739897 0.742480 -0.002583
0.702280 0.705174 -0.002894
0.662987 0.664946 -0.001960
0.624543 0.623574 0.000969
0.589860 0.586202 0.003658
0.561987 0.558150 0.003837
0.544232 0.542367 0.001865
0.540169 0.540605 -0.000436
0.552964 0.553981 -0.001017
0.583896 0.582954 0.000942
0.631015 0.627873 0.003142
0.689446 0.681950 0.007496
0.753322 0.740740 0.012582
0.817690 0.805912 0.011778
0.879197 0.872839 0.006358
0.935760 0.934472 0.001288
0.985916 0.986915 -0.000999
1.028368 1.028504 -0.000136
1.062005 1.059052 0.002954
1.086261 1.080134 0.006127
1.101426 1.094514 0.006912
1.108657 1.104036 0.004621
1.109837 1.108327 0.001511
1.107452 1.106949 0.000503
1.104512 1.102561 0.001951
1.104359 1.100991 0.003368
1.110167 1.108401 0.001766
1.124103 1.127313 -0.003210
1.146315 1.153923 -0.007608
1.173973 1.180064 -0.006091
1.200837 1.198671 0.002166
1.218561 1.207676 0.010885
1.220254 1.208650 0.011604
1.203800 1.199763 0.004037
1.171967 1.172734 -0.000767
1.129956 1.127421 0.002535
1.083047 1.077730 0.005317
1.035467 1.031417 0.004050
0.990190 0.991106 -0.000916
0.949047 0.953445 -0.004398
0.912817 0.913230 -0.000413
0.881204 0.877783 0.003421
0.852805 0.851802 0.001003
0.825290 0.826328 -0.001038
0.796017 0.796473 -0.000456
0.763035 0.763390 -0.000355
0.726043 0.727032 -0.000989
0.686634 0.686729 -0.000095
0.647623 0.644717 0.002906
0.612194 0.606876 0.005318
0.583551 0.578773 0.004778
0.565003 0.563082 0.001921
0.559943 0.560920 -0.000977
0.571206 0.572497 -0.001291
0.599768 0.597978 0.001790
0.643687 0.640794 0.002893
0.698489 0.695358 0.003131
0.758890 0.749033 0.009857
0.820438 0.806293 0.014145
0.880119 0.870169 0.009950
0.936064 0.931959 0.004105
0.986906 0.985315 0.001591
1.031253 1.028266 0.002987
1.067657 1.061054 0.006603
1.095092 1.085358 0.009734
1.113448 1.103233 0.010215
1.123644 1.115617 0.008027
1.127457 1.122023 0.005434
1.127339 1.122722 0.004617
1.126255 1.120919 0.005337
1.127450 1.122082 0.005368
1.133941 1.131306 0.002635
1.147731 1.150198 -0.002467
1.168898 1.175111 -0.006213
1.194743 1.199210 -0.004467
1.219435 1.216804 0.002631
1.235131 1.225906 0.009225
1.235069 1.226778 0.008291
1.216747 1.215986 0.000762
1.182454 1.185744 -0.003290
1.137223 1.138238 -0.001015
1.086431 1.086115 0.000316
1.034469 1.035615 -0.001146
0.984422 0.989803 -0.005381
0.938190 0.945318 -0.007128
0.896617 0.897545 -0.000928
0.859538 0.855921 0.003617
0.825796 0.826322 -0.000526
0.793448 0.797964 -0.004516
0.760323 0.764832 -0.004509
0.724865 0.728760 -0.003895
0.686880 0.690773 -0.003893
0.647680 0.650672 -0.002992
0.609580 0.609916 -0.000336
0.575301 0.572986 0.002315
0.547769 0.544873 0.002896
0.530272 0.528742 0.001530
0.526497 0.526882 -0.000385
0.539872 0.541033 -0.001161
0.571970 0.571661 0.000309
0.620927 0.617688 0.003239
0.681608 0.673406 0.008202
0.747692 0.736229 0.011463
0.813817 0.804490 0.009327
0.876368 0.872059 0.004309
0.933139 0.933298 -0.000159
0.982668 0.985191 -0.002523
1.023792 1.026037 -0.002245
1.055650 1.055243 0.000407
1.077960 1.074277 0.003683
1.091222 1.086459 0.004763
1.096705 1.094372 0.002333
1.096323 1.097693 -0.001370
1.092559 1.095279 -0.002720
1.088430 1.089215 -0.000785
1.087335 1.085571 0.001764
1.092568 1.091416 0.001152
1.106448 1.110156 -0.003708
1.129237 1.138113 -0.008875
1.158109 1.166191 -0.008082
1.186665 1.186147 0.000518
1.206312 1.195606 0.010706
1.210052 1.197000 0.013052
1.195883 1.190004 0.005880
1.166692 1.166541 0.000151
1.127681 1.124003 0.003678
1.084047 1.076236 0.007810
1.039944 1.032855 0.007089
0.998314 0.996582 0.001732
0.960981 0.964447 -0.003466
0.928710 0.930434 -0.001724
0.901141 0.899231 0.001909
0.876725 0.875169 0.001556
0.852876 0.851441 0.001435
0.826601 0.823836 0.002765
0.795602 0.792820 0.002782
0.759416 0.757546 0.001870
0.719780 0.717130 0.002650
0.679863 0.674505 0.005358
0.643183 0.636242 0.006941
0.613118 0.607818 0.005300
0.592940 0.591521 0.001419
0.585787 0.588125 -0.002338
0.594100 0.596892 -0.002792
0.618575 0.616479 0.002096
0.657391 0.652277 0.005114
0.706625 0.708976 -0.002351
0.761692 0.764788 -0.003096
0.818717 0.808449 0.010268
0.875097 0.860751 0.014346
0.929303 0.920500 0.008803
0.980265 0.974908 0.005357
1.026681 1.020013 0.006668
1.066787 1.056217 0.010570
1.098885 1.085248 0.013637
1.122160 1.108420 0.013740
1.137040 1.125676 0.011364
1.145046 1.136225 0.008821
1.148496 1.140735 0.007761
1.150249 1.142728 0.007521
1.153397 1.147263 0.006134
1.160766 1.158399 0.002367
1.174215 1.177029 -0.002814
1.193864 1.200035 -0.006171
1.217420 1.222237 -0.004817
1.239905 1.239427 0.000478
1.254449 1.249595 0.004854
1.254554 1.251584 0.002970
1.236863 1.240833 -0.003970
1.202405 1.210220 -0.007815
1.155512 1.161996 -0.006484
1.101565 1.106677 -0.005112
1.045277 1.050882 -0.005605
0.990056 0.999235 -0.009179
0.938030 0.949512 -0.011482
0.890232 0.895946 -0.005714
0.846724 0.845970 0.000754
0.806699 0.808900 -0.002201
0.768700 0.775921 -0.007221
0.731083 0.738839 -0.007756
0.692668 0.699077 -0.006409
0.653271 0.658855 -0.005584
0.613808 0.618852 -0.005045
0.575984 0.579857 -0.003873
0.541928 0.544059 -0.002131
0.514109 0.514927 -0.000818
0.495564 0.496073 -0.000509
0.490080 0.491119 -0.001039
0.501750 0.503200 -0.001450
0.533330 0.533762 -0.000432
0.583946 0.582008 0.001938
0.648375 0.643944 0.004431
0.719179 0.714106 0.005073
0.789637 0.786077 0.003560
0.855151 0.854012 0.001139
0.913045 0.914577 -0.001532
0.961846 0.966093 -0.004247
1.000760 1.006649 -0.005889
1.029514 1.034387 -0.004873
1.048399 1.049927 -0.001528
1.058295 1.057642 0.000653
1.060615 1.062472 -0.001857
1.057243 1.064912 -0.007669
1.050543 1.061625 -0.011083
1.043426 1.052022 -0.008596
1.039332 1.042044 -0.002712
1.041867 1.041309 0.000558
1.053933 1.056813 -0.002880
1.076534 1.087174 -0.010640
1.107583 1.122159 -0.014576
1.141149 1.149757 -0.008608
1.168483 1.164765 0.003718
1.181824 1.170206 0.011618
1.178302 1.169847 0.008455
1.160168 1.159521 0.000647
1.132234 1.131320 0.000914
1.099526 1.092397 0.007129
1.066199 1.057564 0.008635
1.035303 1.031210 0.004093
1.008808 1.012600 -0.003792
0.987595 0.995856 -0.008261
0.971328 0.977823 -0.006495
0.958325 0.960065 -0.001740
0.945608 0.941470 0.004138
0.929379 0.920202 0.009177
0.906106 0.895481 0.010625
0.874125 0.864223 0.009902
0.834814 0.823854 0.010960
0.792012 0.778891 0.013121
0.750238 0.738909 0.011329
0.713477 0.708832 0.004645
0.684957 0.687446 -0.002489
0.667208 0.673804 -0.006596
0.661869 0.670502 -0.008633
0.669255 0.677059 -0.007804
0.688078 0.687776 0.000302
0.715730 0.702976 0.012754
0.749073 0.730983 0.018090
0.785328 0.774960 0.010368
0.822722 0.812880 0.009842
0.860785 0.842380 0.018405
0.900234 0.884140 0.016094
0.942193 0.931270 0.010923
0.986673 0.977326 0.009347
1.031396 1.021460 0.009936
1.072636 1.062876 0.009760
1.107397 1.099558 0.007839
1.134636 1.129637 0.004999
1.155119 1.153160 0.001959
1.170756 1.172542 -0.001786
1.183953 1.190983 -0.007030
1.197038 1.210080 -0.013042
1.211752 1.229382 -0.017630
1.228845 1.247725 -0.018880
1.247882 1.264132 -0.016250
1.267292 1.278164 -0.010872
1.284637 1.290045 -0.005408
1.296902 1.299929 -0.003027
1.300621 1.305818 -0.005197
1.292029 1.301464 -0.009435
1.268102 1.278300 -0.010198
1.228616 1.232985 -0.004369
1.176880 1.172127 0.004753
1.117885 1.107471 0.010414
1.056120 1.048124 0.007996
0.994687 0.995871 -0.001184
0.935326 0.945086 -0.009760
0.878724 0.888687 -0.009963
0.824855 0.829272 -0.004417
0.773339 0.775477 -0.002138
0.723770 0.726789 -0.003019
0.675966 0.678793 -0.002827
0.630060 0.631561 -0.001501
0.586459 0.587291 -0.000832
0.545750 0.547781 -0.002031
0.508689 0.513233 -0.004544
0.476326 0.482187 -0.005861
0.450272 0.454910 -0.004638
0.433051 0.435330 -0.002279
0.428350 0.428179 0.000171
0.440751 0.437696 0.003055
0.474150 0.470073 0.004077
0.528853 0.528412 0.000441
0.599653 0.604239 -0.004586
0.677582 0.683553 -0.005971
0.753802 0.757041 -0.003239
0.822098 0.821433 0.000665
0.879148 0.876773 0.002375
0.923787 0.923091 0.000696
0.956190 0.958386 -0.002196
0.977301 0.979827 -0.002526
0.988465 0.987533 0.000932
0.991239 0.987340 0.003899
0.987323 0.986945 0.000378
0.978614 0.987502 -0.008888
0.967343 0.982255 -0.014912
0.956261 0.966733 -0.010472
0.948760 0.947173 0.001587
0.948660 0.937079 0.011581
0.959384 0.948040 0.011344
0.982660 0.981965 0.000695
1.017201 1.028427 -0.011226
1.057810 1.071205 -0.013395
1.096130 1.100808 -0.004678
1.124334 1.120108 0.004226
1.139091 1.135978 0.003113
1.141868 1.146697 -0.004829
1.136582 1.143570 -0.006988
1.127498 1.129374 -0.001876
1.118231 1.118502 -0.000271
1.111429 1.114020 -0.002591
1.108685 1.113181 -0.004496
1.110464 1.116836 -0.006372
1.116078 1.124295 -0.008217
1.123739 1.131273 -0.007534
1.130667 1.133328 -0.002661
1.133149 1.130174 0.002975
1.126672 1.122886 0.003786
1.107072 1.107026 0.000046
1.073179 1.073459 -0.000280
1.028427 1.020257 0.008170
0.978768 0.961710 0.017058
0.929593 0.914134 0.015459
0.884527 0.879512 0.005015
0.845517 0.850415 -0.004898
0.813163 0.821457 -0.008294
0.786971 0.793408 -0.006437
0.765620 0.766340 -0.000720
0.747318 0.741271 0.006047
0.730254 0.722161 0.008093
0.713049 0.709719 0.003330
0.695114 0.699644 -0.004530
0.676826 0.684818 -0.007992
0.659614 0.662969 -0.003355
0.646106 0.641914 0.004192
0.640297 0.633102 0.007195
0.647189 0.644308 0.002881
0.670993 0.677875 -0.006882
0.712233 0.729993 -0.017760
0.766472 0.790966 -0.024494
0.826625 0.845547 -0.018922
0.886457 0.890594 -0.004137
0.942193 0.936929 0.005264
0.992224 0.988561 0.003663
1.036215 1.042009 -0.005794
1.074355 1.089766 -0.015411
1.106932 1.124197 -0.017265
1.134162 1.143167 -0.009005
1.156201 1.152274 0.003927
1.173270 1.160304 0.012966
1.185840 1.171881 0.013959
1.194860 1.184922 0.009938
1.201967 1.195045 0.006922
1.209561 1.201660 0.007901
1.220366 1.210156 0.010210
1.236146 1.227575 0.008571
1.255800 1.255067 0.000733
1.274110 1.283665 -0.009555
1.283117 1.296987 -0.013870
1.276276 1.284670 -0.008394
1.251741 1.253220 -0.001479
1.211949 1.215017 -0.003068
1.161234 1.174086 -0.012852
1.103960 1.125560 -0.021600
1.043729 1.066890 -0.023161
0.983242 1.003199 -0.019957
0.924403 0.936482 -0.012079
0.868457 0.868582 -0.000125
0.816087 0.811110 0.004977
0.767437 0.769180 -0.001743
0.722097 0.731703 -0.009606
0.679200 0.690776 -0.011576
0.637776 0.646789 -0.009013
0.597352 0.602447 -0.005095
0.558378 0.560950 -0.002572
0.522135 0.524419 -0.002284
0.490396 0.493461 -0.003065
0.465328 0.469202 -0.003874
0.449725 0.454194 -0.004469
0.447300 0.451550 -0.004250
0.462427 0.464656 -0.002229
0.498556 0.498583 -0.000027
0.555314 0.556177 -0.000863
0.626793 0.630634 -0.003841
0.703731 0.709325 -0.005594
0.777667 0.782292 -0.004625
0.843230 0.845686 -0.002456
0.897967 0.899949 -0.001982
0.941230 0.945524 -0.004294
0.973258 0.980462 -0.007204
0.994715 1.001901 -0.007186
1.006591 1.010158 -0.003567
1.010202 1.010982 -0.000780
1.007182 1.011275 -0.004093
0.999485 1.011545 -0.012060
0.989452 1.005867 -0.016415
0.979938 0.991642 -0.011704
0.974388 0.975864 -0.001476
0.976566 0.970980 0.005586
0.989663 0.986720 0.002943
1.014893 1.022915 -0.008022
1.050079 1.067487 -0.017408
1.088963 1.104520 -0.015557
1.122776 1.126995 -0.004219
1.144436 1.139643 0.004793
1.151778 1.148605 0.003173
1.147037 1.150725 -0.003688
1.134439 1.138577 -0.004138
1.118349 1.117939 0.000410
1.102412 1.101835 0.000576
1.089286 1.091745 -0.002459
1.080564 1.086754 -0.006190
1.076694 1.086361 -0.009667
1.076914 1.087601 -0.010687
1.079232 1.086382 -0.007150
1.080490 1.080340 0.000150
1.076544 1.070330 0.006214
1.062891 1.056204 0.006687
1.036452 1.032216 0.004236
0.997918 0.991361 0.006557
0.951800 0.937304 0.014496
0.903774 0.885844 0.017930
0.858489 0.847752 0.010737
0.819055 0.820920 -0.001865
0.787232 0.798425 -0.011193
0.763595 0.775613 -0.012018
0.747622 0.752852 -0.005230
0.737855 0.735184 0.002671
0.732239 0.726364 0.005875
0.728620 0.725464 0.003156
0.725280 0.728122 -0.002842
0.721414 0.727231 -0.005817
0.717470 0.718895 -0.001425
0.715383 0.709518 0.005865
0.718689 0.710544 0.008145
0.732106 0.729172 0.002934
0.759727 0.766515 -0.006788
0.801978 0.817874 -0.015896
0.854339 0.873637 -0.019298
0.909936 0.924738 -0.014802
0.963159 0.968683 -0.005524
1.011101 1.009568 0.001533
1.053068 1.052634 0.000434
1.089550 1.098333 -0.008783
1.121430 1.140522 -0.019092
1.149521 1.171271 -0.021750
1.174396 1.188117 -0.013721
1.196396 1.196731 -0.000335
1.215733 1.206299 0.009434
1.232648 1.221830 0.010818
1.247607 1.240884 0.006723
1.261487 1.257843 0.003644
1.275558 1.270715 0.004843
1.290800 1.283353 0.007447
1.306213 1.300538 0.005675
1.317137 1.318783 -0.001646
1.316430 1.322841 -0.006411
1.298971 1.300401 -0.001430
1.264608 1.257518 0.007090
1.216819 1.206912 0.009907
1.160038 1.153402 0.006636
1.098134 1.096051 0.002083
1.034039 1.035308 -0.001269
0.969844 0.972332 -0.002488
0.907002 0.905777 0.001225
0.846494 0.838475 0.008019
0.788941 0.779225 0.009716
0.734663 0.729247 0.005416
0.683713 0.682103 0.001611
0.635911 0.634810 0.001101
0.590972 0.587863 0.003109
0.548774 0.543485 0.005289
0.509656 0.504468 0.005188
0.474522 0.471321 0.003201
0.444771 0.443514 0.001257
0.422362 0.422690 -0.000328
mean vector ..
0.757836 0.826340 1.122896 1.243182 
1.093705 0.715149 0.539343 0.457070 
0.665072 0.486067 0.532418 0.835523 
0.336781 0.860819 0.953798 0.881288 
1.330372 1.141283 0.746765 0.484918 
1.038106 1.239816 1.398696 1.080121 
1.053380 1.198689 1.125753 1.156625 
1.137868 1.119952 0.964969 0.905278 
0.707573 1.070608 0.926177 1.052843 
0.691811 0.921063 1.210742 1.255486 
0.880232 0.799175 1.029358 1.154828 
0.791089 1.046265 1.317998 1.304724 
0.710302 1.000020 1.108944 1.220718 
0.856285 1.096684 1.048229 1.271762 
1.133539 0.851631 0.667323 0.570769 
1.150735 1.164770 0.807585 0.698104 
1.245477 1.353723 1.075948 0.706887 
1.104741 1.018851 1.016099 0.779352 
1.300228 1.152802 0.676889 0.480413 
1.192880 0.923382 0.851199 0.623153 
sigma and ck 
0.510120 0.937008
0.532714 0.772808
0.323336 0.312724
0.309987 0.299486
0.658115 -0.053965
0.386455 0.206310
0.119296 -0.119269
0.180255 -0.180363
0.162548 -0.100316
0.146979 0.168714
0.183767 0.117649
0.194516 0.109382
0.114493 -0.102388
0.117452 -0.083655
0.399242 -0.005688
0.168109 -0.083584
0.173170 0.045467
0.127503 0.096884
0.156783 -0.092508
0.057394 0.069476
Mean of absolute error =     0.0054
Simulation Results of a Network with GKFs
adaptation of sigmas, mean vectors and output weights

time delay = 6

input dimension = 4

forward prediction step = 6

number of total time series data = 1103

number of training data = 539

number of test data = 540

initial error margin = 1.500000

upper-bound of standard deviation = 1.000000

number of epochs for recruiting GKFs = 20

number of epochs for parameter estimation = 2

number of potential functions = 20

rms error for trainig-samples = 0.006858

standard deviation of trainig-samples = 0.230675

normlized rms error for trainig-samples = 2.972841 percent

rms error for test-samples = 0.007101

standard deviation of test-samples = 0.226987

normlized rms error for test-samples = 3.128543 percent

