12
11
7
9
6
17
50
126
153
110
101
134
134
108
164
149
123
146
189
140
73
72
47
45
35
12
6
7
6
15
15
35
63
109
98
120
135
106
77
101
109
110
127
100
101
67
89
63
29
18
13
3
4
10
12
19
43
82
86
91
121
115
91
63
82
130
122
66
72
46
39
73
16
3
3
5
6
15
54
134
117
70
105
93
117
117
116
180
119
154
152
127
55
47
36
17
11
3
2
1
2
18
44
137
149
101
104
93
119
115
180
194
139
153
158
119
78
32
36
16
8
5
2
3
4
16
43
172
149
111
128
110
130
94
125
179
128
164
177
140
87
42
41
29
13
1
3
3
1
12
40
156
158
117
130
115
135
102
128
191
127
154
170
147
117
86
44
34
14
11
3
4
4
16
37
133
185
164
131
165
119
109
151
152
78
87
68
45
43
31
35
36
21
16
10
2
1
3
2
9
19
40
66
68
77
83
84
101
108
124
126
95
83
71
95
66
43
12
7
7
5
4
20
28
41
85
89
115
108
122
127
98
126
103
87
74
63
28
39
26
11
6
0
3
2
20
56
109
123
58
101
116
103
111
115
187
118
150
156
121
125
50
23
21
10
3
1
2
4
12
37
158
135
94
106
119
131
120
107
177
168
179
164
125
79
46
25
25
8
3
2
3
2
14
64
158
134
94
106
110
115
113
143
189
136
147
150
118
120
62
39
21
9
4
4
2
2
10
51
141
169
130
102
123
119
109
127
188
148
157
179
155
131
113
54
31
22
8
5
2
3
20
45
121
145
122
106
115
104
115
161
154
104
123
107
103
57
56
72
49
32
24
15
16
5
2
11
18
43
90
74
100
99
71
77
108
81
93
114
84
64
60
55
45
21
20
9
10
9
9
13
20
49
64
66
91
95
103
104
86
117
119
87
75
49
45
39
22
17
6
6
6
2
10
12
34
65
80
88
87
106
95
85
97
101
105
95
78
43
43
21
18
8
3
1
0
2
8
40
90
92
93
107
108
111
105
119
107
75
114
106
85
47
41
38
12
10
3
1
1
3
13
57
136
142
99
112
108
127
112
147
187
144
150
154
138
95
64
52
34
13
1
1
2
3
15
47
142
152
119
125
122
147
109
128
173
157
181
157
159
70
73
38
28
8
4
5
4
8
16
49
135
152
105
116
121
110
145
157
152
104
115
144
110
88
62
77
66
45
20
7
9
10
5
15
35
68
89
102
110
129
127
123
107
116
124
111
91
87
55
61
55
30
25
10
6
9
1
10
28
44
83
110
111
104
111
98
102
108
108
86
89
57
26
40
27
53
2
1
1
4
13
48
131
139
97
95
102
103
131
161
181
125
133
143
92
64
52
27
16
6
8
2
1
0
10
45
151
142
125
114
107
134
101
128
215
168
156
166
111
93
47
43
20
7
1
3
4
6
19
44
142
146
86
109
120
114
89
121
168
126
166
148
119
88
57
40
26
16
12
1
3
2
10
44
148
135
124
119
135
144
114
143
196
136
156
196
123
77
65
50
31