1 1.084470
2 1.070834
3 1.044115
4 1.005183
5 0.958722
6 0.910504
7 0.865187
8 0.825818
9 0.794036
10 0.770262
11 0.753821
12 0.743143
13 0.736128
14 0.730652
15 0.725099
16 0.718811
17 0.712390
18 0.707889
19 0.708907
20 0.720235
21 0.746132
22 0.787304
23 0.839433
24 0.895599
25 0.949970
26 0.999391
27 1.042955
28 1.080991
29 1.114258
30 1.143486
31 1.169194
32 1.191693
33 1.211180
34 1.227900
35 1.242351
36 1.255494
37 1.268777
38 1.283551
39 1.299456
40 1.312548
41 1.315768
42 1.303045
43 1.272984
44 1.228367
45 1.173542
46 1.112603
47 1.048769
48 0.984392
49 0.921125
50 0.860095
51 0.802019
52 0.747278
53 0.695950
54 0.647840
55 0.602597
56 0.559983
57 0.520213
58 0.484090
59 0.452926
60 0.428546
61 0.413541
62 0.411605
63 0.427403
64 0.465031
65 0.524694
66 0.600183
67 0.680985
68 0.757380
69 0.823400
70 0.876636
71 0.916875
72 0.944950
73 0.962113
74 0.969794
75 0.969564
76 0.963160
77 0.952535
78 0.939978
79 0.928289
80 0.920924
81 0.921794
82 0.934387
83 0.960262
84 0.997573
85 1.040434
86 1.080435
87 1.110659
88 1.128743
89 1.136424
90 1.137345
91 1.135347
92 1.133635
93 1.134454
94 1.138977
95 1.147274
96 1.158403
97 1.170578
98 1.181287
99 1.187140
100 1.183658
101 1.166262
102 1.133325
103 1.088209
104 1.036990
105 0.985104
106 0.936083
107 0.891692
108 0.852333
109 0.817424
110 0.785759
111 0.755919
112 0.726675
113 0.697304
114 0.667726
115 0.638507
116 0.610854
117 0.586767
118 0.569334
119 0.562818
120 0.571918
121 0.599797
122 0.645706
123 0.704581
124 0.769454
125 0.834287
126 0.895128
127 0.949828
128 0.997348
129 1.037216
130 1.069265
131 1.093572
132 1.110494
133 1.120738
134 1.125452
135 1.126368
136 1.125937
137 1.127300
138 1.133811
139 1.147964
140 1.169959
141 1.196418
142 1.220203
143 1.232763
144 1.228389
145 1.206609
146 1.170928
147 1.126237
148 1.077081
149 1.027030
150 0.978648
151 0.933616
152 0.892802
153 0.856204
154 0.822842
155 0.790829
156 0.757900
157 0.722417
158 0.684313
159 0.645225
160 0.607779
161 0.574847
162 0.549362
163 0.534491
164 0.533631
165 0.549728
166 0.583843
167 0.633844
168 0.694682
169 0.760306
170 0.825595
171 0.887105
172 0.942748
173 0.991132
174 1.031117
175 1.061854
176 1.083120
177 1.095533
178 1.100498
179 1.100046
180 1.096737
181 1.093590
182 1.093900
183 1.100744
184 1.116125
185 1.139905
186 1.168756
187 1.195822
188 1.212527
189 1.212562
190 1.194830
191 1.162783
192 1.121749
193 1.076805
194 1.031900
195 0.989755
196 0.951981
197 0.919137
198 0.890684
199 0.864967
200 0.839431
201 0.811293
202 0.778628
203 0.741375
204 0.701504
205 0.662170
206 0.626763
207 0.598569
208 0.580854
209 0.576768
210 0.588654
211 0.616909
212 0.659285
213 0.711517
214 0.768886
215 0.827543
216 0.884930
217 0.939475
218 0.989946
219 1.034888
220 1.072591
221 1.101698
222 1.121850
223 1.133856
224 1.139481
225 1.141198
226 1.141964
227 1.144913
228 1.152826
229 1.167386
230 1.188371
231 1.212954
232 1.235501
233 1.248672
234 1.246163
235 1.225539
236 1.188901
237 1.141154
238 1.087670
239 1.032871
240 0.979841
241 0.930445
242 0.885487
243 0.844804
244 0.807341
245 0.771411
246 0.735227
247 0.697622
248 0.658592
249 0.619338
250 0.581853
251 0.548513
252 0.522021
253 0.505616
254 0.503155
255 0.518416
256 0.553303
257 0.605900
258 0.670512
259 0.740072
260 0.808628
261 0.872237
262 0.928582
263 0.976282
264 1.014470
265 1.042750
266 1.061323
267 1.071046
268 1.073374
269 1.070284
270 1.064269
271 1.058368
272 1.056069
273 1.060826
274 1.075121
275 1.099292
276 1.130425
277 1.161841
278 1.184671
279 1.191972
280 1.182064
281 1.158030
282 1.124990
283 1.087941
284 1.050873
285 1.016634
286 0.986986
287 0.962600
288 0.942937
289 0.926138
290 0.909166
291 0.888442
292 0.861061
293 0.826252
294 0.786015
295 0.744177
296 0.704870
297 0.671754
298 0.647974
299 0.636155
300 0.638018
301 0.653753
302 0.681674
303 0.718660
304 0.761181
305 0.806288
306 0.852158
307 0.898148
308 0.944347
309 0.990603
310 1.035452
311 1.076128
312 1.109982
313 1.135815
314 1.154117
315 1.166630
316 1.175832
317 1.184442
318 1.194910
319 1.208863
320 1.226614
321 1.246858
322 1.266653
323 1.281786
324 1.287502
325 1.279509
326 1.255291
327 1.215451
328 1.163721
329 1.105176
330 1.044330
331 0.984348
332 0.927063
333 0.873215
334 0.822711
335 0.774904
336 0.728958
337 0.684227
338 0.640539
339 0.598266
340 0.558202
341 0.521433
342 0.489343
343 0.463840
344 0.447703
345 0.444831
346 0.459791
347 0.495944
348 0.552533
349 0.623504
350 0.700006
351 0.774080
352 0.840430
353 0.896253
354 0.940463
355 0.973052
356 0.994702
357 1.006545
358 1.010022
359 1.006812
360 0.998856
361 0.988482
362 0.978573
363 0.972635
364 0.974471
365 0.987238
366 1.012118
367 1.047061
368 1.086070
369 1.120417
370 1.142703
371 1.150470
372 1.145937
373 1.133455
374 1.117482
375 1.101704
376 1.088799
377 1.080376
378 1.076906
379 1.077630
380 1.080538
381 1.082462
382 1.079271
383 1.066467
384 1.040867
385 1.002936
386 0.957065
387 0.909010
388 0.863563
389 0.823933
390 0.791918
391 0.768092
392 0.751913
393 0.741892
394 0.735942
395 0.731873
396 0.727942
397 0.723327
398 0.718466
399 0.715267
400 0.717209
401 0.729004
402 0.754927
403 0.795810
404 0.847475
405 0.903071
406 0.956785
407 1.005484
408 1.048307
409 1.085647
410 1.118326
411 1.147127
412 1.172608
413 1.195097
414 1.214795
415 1.231928
416 1.246945
417 1.260706
418 1.274506
419 1.289478
420 1.304976
421 1.316779
422 1.317832
423 1.302524
424 1.270071
425 1.223615
426 1.167563
427 1.105900
428 1.041700
429 0.977178
430 0.913885
431 0.852870
432 0.794805
433 0.740046
434 0.688670
435 0.640512
436 0.595272
437 0.552778
438 0.513296
439 0.477657
440 0.447194
441 0.423782
442 0.410114
443 0.410015
444 0.428211
445 0.468572
446 0.530663
447 0.607561
448 0.688522
449 0.764101
450 0.828750
451 0.880381
452 0.918974
453 0.945469
454 0.961184
455 0.967595
456 0.966308
457 0.959087
458 0.947919
459 0.935139
460 0.923617
461 0.916880
462 0.918858
463 0.932917
464 0.960311
465 0.998764
466 1.041999
467 1.081574
468 1.111008
469 1.128474
470 1.136008
471 1.137307
472 1.136130
473 1.135547
474 1.137647
475 1.143437
476 1.152838
477 1.164794
478 1.177464
479 1.188316
480 1.193925
481 1.189748
482 1.171267
483 1.137203
484 1.091280
485 1.039638
486 0.987570
487 0.938427
488 0.893812
489 0.854008
490 0.818358
491 0.785650
492 0.754525
493 0.723874
494 0.693107
495 0.662260
496 0.631964
497 0.603448
498 0.578711
499 0.560820
500 0.553997
501 0.562879
502 0.590599
503 0.636464
504 0.695514
505 0.760834
506 0.826335
507 0.887941
508 0.943356
509 0.991410
510 1.031542
511 1.063551
512 1.087533
513 1.103901
514 1.113433
515 1.117346
516 1.117431
517 1.116187
518 1.116785
519 1.122620
520 1.136277
521 1.158163
522 1.185226
523 1.210609
524 1.225664
525 1.224184
526 1.205181
527 1.171927
528 1.129324
529 1.082018
530 1.033693
531 0.987009
532 0.943718
533 0.904728
534 0.870041
535 0.838628
536 0.808489
537 0.777173
538 0.742816
539 0.705170
540 0.665849
541 0.627600
542 0.593445
543 0.566393
544 0.549570
545 0.546248
546 0.559258
547 0.589729
548 0.635901
549 0.693277
550 0.756274
551 0.820015
552 0.881117
553 0.937465
554 0.987588
555 1.030164
556 1.064020
557 1.088545
558 1.104031
559 1.111678
560 1.113405
561 1.111703
562 1.109525
563 1.110090
564 1.116430
565 1.130607
566 1.152734
567 1.179991
568 1.206174
569 1.223011
570 1.223715
571 1.206262
572 1.173457
573 1.130520
574 1.082729
575 1.034289
576 0.988124
577 0.946006
578 0.908662
579 0.875775
580 0.845989
581 0.817097
582 0.786629
583 0.752795
584 0.715376
585 0.675927
586 0.637155
587 0.602131
588 0.573989
589 0.556029
590 0.551694
591 0.563898
592 0.593665
593 0.639007
594 0.695307
595 0.757112
596 0.819818
597 0.880285
598 0.936536
599 0.987123
600 1.030656
601 1.065813
602 1.091779
603 1.108642
604 1.117454
605 1.120063
606 1.118949
607 1.117105
608 1.117809
609 1.124119
610 1.138074
611 1.159750
612 1.186372
613 1.211924
614 1.228340
615 1.228808
616 1.211028
617 1.177547
618 1.133513
619 1.084265
620 1.034114
621 0.986077
622 0.942006
623 0.902698
624 0.867916
625 0.836385
626 0.805997
627 0.774399
628 0.739897
629 0.702280
630 0.662987
631 0.624543
632 0.589860
633 0.561987
634 0.544232
635 0.540169
636 0.552964
637 0.583896
638 0.631015
639 0.689446
640 0.753322
641 0.817690
642 0.879197
643 0.935760
644 0.985916
645 1.028368
646 1.062005
647 1.086261
648 1.101426
649 1.108657
650 1.109837
651 1.107452
652 1.104512
653 1.104359
654 1.110167
655 1.124103
656 1.146315
657 1.173973
658 1.200837
659 1.218561
660 1.220254
661 1.203800
662 1.171967
663 1.129956
664 1.083047
665 1.035467
666 0.990190
667 0.949047
668 0.912817
669 0.881204
670 0.852805
671 0.825290
672 0.796017
673 0.763035
674 0.726043
675 0.686634
676 0.647623
677 0.612194
678 0.583551
679 0.565003
680 0.559943
681 0.571206
682 0.599768
683 0.643687
684 0.698489
685 0.758890
686 0.820438
687 0.880119
688 0.936064
689 0.986906
690 1.031253
691 1.067657
692 1.095092
693 1.113448
694 1.123644
695 1.127457
696 1.127339
697 1.126255
698 1.127450
699 1.133941
700 1.147731
701 1.168898
702 1.194743
703 1.219435
704 1.235131
705 1.235069
706 1.216747
707 1.182454
708 1.137223
709 1.086431
710 1.034469
711 0.984422
712 0.938190
713 0.896617
714 0.859538
715 0.825796
716 0.793448
717 0.760323
718 0.724865
719 0.686880
720 0.647680
721 0.609580
722 0.575301
723 0.547769
724 0.530272
725 0.526497
726 0.539872
727 0.571970
728 0.620927
729 0.681608
730 0.747692
731 0.813817
732 0.876368
733 0.933139
734 0.982668
735 1.023792
736 1.055650
737 1.077960
738 1.091222
739 1.096705
740 1.096323
741 1.092559
742 1.088430
743 1.087335
744 1.092568
745 1.106448
746 1.129237
747 1.158109
748 1.186665
749 1.206312
750 1.210052
751 1.195883
752 1.166692
753 1.127681
754 1.084047
755 1.039944
756 0.998314
757 0.960981
758 0.928710
759 0.901141
760 0.876725
761 0.852876
762 0.826601
763 0.795602
764 0.759416
765 0.719780
766 0.679863
767 0.643183
768 0.613118
769 0.592940
770 0.585787
771 0.594100
772 0.618575
773 0.657391
774 0.706625
775 0.761692
776 0.818717
777 0.875097
778 0.929303
779 0.980265
780 1.026681
781 1.066787
782 1.098885
783 1.122160
784 1.137040
785 1.145046
786 1.148496
787 1.150249
788 1.153397
789 1.160766
790 1.174215
791 1.193864
792 1.217420
793 1.239905
794 1.254449
795 1.254554
796 1.236863
797 1.202405
798 1.155512
799 1.101565
800 1.045277
801 0.990056
802 0.938030
803 0.890232
804 0.846724
805 0.806699
806 0.768700
807 0.731083
808 0.692668
809 0.653271
810 0.613808
811 0.575984
812 0.541928
813 0.514109
814 0.495564
815 0.490080
816 0.501750
817 0.533330
818 0.583946
819 0.648375
820 0.719179
821 0.789637
822 0.855151
823 0.913045
824 0.961846
825 1.000760
826 1.029514
827 1.048399
828 1.058295
829 1.060615
830 1.057243
831 1.050543
832 1.043426
833 1.039332
834 1.041867
835 1.053933
836 1.076534
837 1.107583
838 1.141149
839 1.168483
840 1.181824
841 1.178302
842 1.160168
843 1.132234
844 1.099526
845 1.066199
846 1.035303
847 1.008808
848 0.987595
849 0.971328
850 0.958325
851 0.945608
852 0.929379
853 0.906106
854 0.874125
855 0.834814
856 0.792012
857 0.750238
858 0.713477
859 0.684957
860 0.667208
861 0.661869
862 0.669255
863 0.688078
864 0.715730
865 0.749073
866 0.785328
867 0.822722
868 0.860785
869 0.900234
870 0.942193
871 0.986673
872 1.031396
873 1.072636
874 1.107397
875 1.134636
876 1.155119
877 1.170756
878 1.183953
879 1.197038
880 1.211752
881 1.228845
882 1.247882
883 1.267292
884 1.284637
885 1.296902
886 1.300621
887 1.292029
888 1.268102
889 1.228616
890 1.176880
891 1.117885
892 1.056120
893 0.994687
894 0.935326
895 0.878724
896 0.824855
897 0.773339
898 0.723770
899 0.675966
900 0.630060
901 0.586459
902 0.545750
903 0.508689
904 0.476326
905 0.450272
906 0.433051
907 0.428350
908 0.440751
909 0.474150
910 0.528853
911 0.599653
912 0.677582
913 0.753802
914 0.822098
915 0.879148
916 0.923787
917 0.956190
918 0.977301
919 0.988465
920 0.991239
921 0.987323
922 0.978614
923 0.967343
924 0.956261
925 0.948760
926 0.948660
927 0.959384
928 0.982660
929 1.017201
930 1.057810
931 1.096130
932 1.124334
933 1.139091
934 1.141868
935 1.136582
936 1.127498
937 1.118231
938 1.111429
939 1.108685
940 1.110464
941 1.116078
942 1.123739
943 1.130667
944 1.133149
945 1.126672
946 1.107072
947 1.073179
948 1.028427
949 0.978768
950 0.929593
951 0.884527
952 0.845517
953 0.813163
954 0.786971
955 0.765620
956 0.747318
957 0.730254
958 0.713049
959 0.695114
960 0.676826
961 0.659614
962 0.646106
963 0.640297
964 0.647189
965 0.670993
966 0.712233
967 0.766472
968 0.826625
969 0.886457
970 0.942193
971 0.992224
972 1.036215
973 1.074355
974 1.106932
975 1.134162
976 1.156201
977 1.173270
978 1.185840
979 1.194860
980 1.201967
981 1.209561
982 1.220366
983 1.236146
984 1.255800
985 1.274110
986 1.283117
987 1.276276
988 1.251741
989 1.211949
990 1.161234
991 1.103960
992 1.043729
993 0.983242
994 0.924403
995 0.868457
996 0.816087
997 0.767437
998 0.722097
999 0.679200
1000 0.637776
1001 0.597352
1002 0.558378
1003 0.522135
1004 0.490396
1005 0.465328
1006 0.449725
1007 0.447300
1008 0.462427
1009 0.498556
1010 0.555314
1011 0.626793
1012 0.703731
1013 0.777667
1014 0.843230
1015 0.897967
1016 0.941230
1017 0.973258
1018 0.994715
1019 1.006591
1020 1.010202
1021 1.007182
1022 0.999485
1023 0.989452
1024 0.979938
1025 0.974388
1026 0.976566
1027 0.989663
1028 1.014893
1029 1.050079
1030 1.088963
1031 1.122776
1032 1.144436
1033 1.151778
1034 1.147037
1035 1.134439
1036 1.118349
1037 1.102412
1038 1.089286
1039 1.080564
1040 1.076694
1041 1.076914
1042 1.079232
1043 1.080490
1044 1.076544
1045 1.062891
1046 1.036452
1047 0.997918
1048 0.951800
1049 0.903774
1050 0.858489
1051 0.819055
1052 0.787232
1053 0.763595
1054 0.747622
1055 0.737855
1056 0.732239
1057 0.728620
1058 0.725280
1059 0.721414
1060 0.717470
1061 0.715383
1062 0.718689
1063 0.732106
1064 0.759727
1065 0.801978
1066 0.854339
1067 0.909936
1068 0.963159
1069 1.011101
1070 1.053068
1071 1.089550
1072 1.121430
1073 1.149521
1074 1.174396
1075 1.196396
1076 1.215733
1077 1.232648
1078 1.247607
1079 1.261487
1080 1.275558
1081 1.290800
1082 1.306213
1083 1.317137
1084 1.316430
1085 1.298971
1086 1.264608
1087 1.216819
1088 1.160038
1089 1.098134
1090 1.034039
1091 0.969844
1092 0.907002
1093 0.846494
1094 0.788941
1095 0.734663
1096 0.683713
1097 0.635911
1098 0.590972
1099 0.548774
1100 0.509656
1101 0.474522
1102 0.444771
1103 0.422362
