1 10
2 8
3 3
4 0
5 1
6 3
7 10
8 23
9 16
10 14
11 13
12 11
13 8
14 6
15 11
16 8
17 9
18 7
19 23
20 30
21 31
22 21
23 21
24 18
25 19
26 8
27 4
28 0
29 0
30 3
31 9
32 34
33 23
34 27
35 7
36 18
37 11
38 13
39 14
40 13
41 12
42 14
43 39
44 54
45 30
46 22
47 29
48 30
49 27
50 11
51 12
52 5
53 0
54 1
55 2
56 6
57 11
58 13
59 12
60 15
61 18
62 20
63 19
64 10
65 17
66 19
67 26
68 27
69 20
70 18
71 28
72 29
73 30
74 25
75 21
76 13
77 4
78 0
79 1
80 1
81 4
82 9
83 14
84 15
85 15
86 16
87 13
88 16
89 15
90 25
91 37
92 8
93 15
94 19
95 14
96 38
97 4
98 2
99 2
100 0
101 1
102 2
103 12
104 25
105 26
106 16
107 9
108 4
109 4
110 11
111 9
112 7
113 10
114 8
115 32
116 28
117 21
118 21
119 13
120 11
121 4
122 1
123 0
124 0
125 0
126 5
127 15
128 24
129 21
130 17
131 11
132 7
133 7
134 6
135 13
136 8
137 6
138 12
139 28
140 30
141 29
142 26
143 26
144 12
145 14
146 3
147 2
148 3
149 1
150 1
151 13
152 40
153 20
154 18
155 8
156 11
157 10
158 6
159 6
160 6
161 5
162 10
163 34
164 47
165 37
166 28
167 35
168 27
169 11
170 5
171 2
172 0
173 0
174 0
175 18
176 25
177 26
178 26
179 9
180 9
181 11
182 11
183 15
184 12
185 11
186 13
187 24
188 43
189 49
190 39
191 41
192 28
193 23
194 8
195 6
196 1
197 0
198 1
199 8
200 20
201 16
202 10
203 13
204 6
205 7
206 8
207 6
208 6
209 5
210 8
211 14
212 14
213 13
214 4
215 2
216 5
217 3
218 2
219 0
220 1
221 0
222 0
223 0
224 2
225 5
226 6
227 5
228 6
229 9
230 8
231 10
232 8
233 14
234 12
235 15
236 14
237 18
238 18
239 18
240 23
241 29
242 30
243 14
244 5
245 3
246 0
247 2
248 4
249 5
250 10
251 10
252 19
253 18
254 17
255 11
256 13
257 12
258 14
259 15
260 13
261 5
262 6
263 19
264 9
265 7
266 0
267 1
268 1
269 0
270 5
271 16
272 19
273 17
274 22
275 9
276 4
277 6
278 11
279 8
280 4
281 10
282 9
283 22
284 29
285 27
286 26
287 19
288 15
289 8
290 4
291 1
292 0
293 0
294 1
295 10
296 29
297 23
298 21
299 7
300 6
301 16
302 10
303 7
304 7
305 6
306 12
307 32
308 30
309 34
310 35
311 27
312 29
313 11
314 6
315 1
316 0
317 0
318 2
319 13
320 14
321 13
322 18
323 9
324 11
325 12
326 9
327 13
328 5
329 10
330 17
331 25
332 25
333 41
334 35
335 27
336 25
337 10
338 5
339 3
340 1
341 1
342 2
343 16
344 24
345 19
346 19
347 13
348 10
349 12
350 10
351 5
352 7
353 8
354 19
355 43
356 41
357 42
358 37
359 26
360 26
361 16
362 11
363 3
364 3
365 2
366 2
367 12
368 20
369 27
370 17
371 20
372 9
373 7
374 13
375 12
376 9
377 9
378 26
379 39
380 39
381 34
382 29
383 33
384 34
385 32
386 16
387 19
388 14
389 6
390 0
391 4
392 13
393 5
394 11
395 14
396 12
397 12
398 10
399 13
400 13
401 13
402 23
403 25
404 28
405 21
406 19
407 18
408 27
409 23
410 18
411 19
412 6
413 6
414 2
415 2
416 3
417 4
418 9
419 13
420 11
421 11
422 10
423 13
424 20
425 13
426 16
427 11
428 13
429 17
430 9
431 7
432 14
433 9
434 3
435 1
436 1
437 1
438 1
439 2
440 4
441 13
442 12
443 8
444 7
445 14
446 5
447 12
448 8
449 9
450 13
451 14
452 21
453 16
454 20
455 13
456 5
457 4
458 4
459 0
460 0
461 0
462 4
463 18
464 30
465 15
466 16
467 11
468 5
469 12
470 10
471 10
472 6
473 3
474 13
475 22
476 35
477 30
478 25
479 26
480 6
481 10
482 4
483 1
484 0
485 0
486 2
487 7
488 24
489 18
490 19
491 10
492 8
493 10
494 3
495 7
496 7
497 8
498 12
499 17
500 28
501 48
502 42
503 39
504 31
505 15
506 3
507 2
508 0
509 1
510 3
511 12
512 28
513 11
514 13
515 5
516 11
517 14
518 10
519 6
520 15
521 14
522 10
523 19
524 31
525 41
526 21
527 44
528 24
529 20
530 10
531 5
532 3
533 0
534 1
535 12
536 32
537 26
538 24
539 13
540 14
541 14
542 17
543 21
544 17
545 14
546 19
547 25
548 40
549 31
550 34
551 39
552 43
553 40
554 22
555 21
556 11
557 3
558 0
559 2
560 8
561 13
562 14
563 23
564 11
565 12
566 18
567 13
568 14
569 11
570 10
571 27
572 23
573 17
574 16
575 29
576 15
577 23
578 24
579 11
580 14
581 4
582 2
583 1
584 4
585 8
586 10
587 13
588 8
589 11
590 22
591 22
592 15
593 5
594 11
595 28
596 16
597 7
598 24
599 11
600 14
601 24
602 4
603 5
604 0
605 0
606 1
607 13
608 25
609 13
610 11
611 8
612 6
613 15
614 11
615 6
616 12
617 5
618 15
619 19
620 31
621 24
622 24
623 16
624 12
625 6
626 0
627 1
628 1
629 1
630 2
631 8
632 18
633 18
634 14
635 6
636 3
637 9
638 13
639 10
640 6
641 7
642 10
643 30
644 36
645 38
646 32
647 22
648 36
649 12
650 6
651 3
652 1
653 0
654 3
655 20
656 30
657 15
658 17
659 11
660 4
661 6
662 8
663 9
664 6
665 10
666 17
667 27
668 33
669 25
670 25
671 36
672 16
673 13
674 10
675 4
676 2
677 0
678 2
679 13
680 24
681 21
682 19
683 10
684 7
685 7
686 14
687 14
688 5
689 10
690 7
691 26
692 31
693 39
694 23
695 40
696 31
697 24
698 13
699 2
700 2
701 1
702 2
703 14
704 31
705 19
706 22
707 14
708 11
709 15
710 17
711 14
712 15
713 4
714 30
715 33
716 48
717 35
718 38
719 35
720 39
721 35
722 17
723 19
724 3
725 2
726 0
727 3
728 4
729 14
730 11
731 14
732 15
733 23
734 19
735 15
736 13
737 14
738 22
739 35
740 36
741 26
742 34
743 32
744 32
745 37
746 27
747 14
748 10
749 2
750 1
751 1
752 4
753 6
754 12
755 18
756 15
757 17
758 13
759 12
760 11
761 13
762 13
763 23
764 23
765 8
766 7
767 12
768 8
769 9
770 0
771 0
772 0
773 0
774 3
775 17
776 20
777 18
778 19
779 7
780 9
781 8
782 16
783 11
784 10
785 13
786 14
787 16
788 28
789 25
790 18
791 26
792 15
793 9
794 7
795 4
796 0
797 0
798 2
799 7
800 25
801 22
802 20
803 15
804 5
805 12
806 15
807 11
808 12
809 9
810 15
811 24
812 39
813 36
814 31
815 46
816 25
817 23
818 6
819 7
820 2
821 0
822 3
823 11
824 27
825 20
826 22
827 16
828 18
829 7
830 11
831 12
832 9
833 6
834 17
835 17
836 32
837 29
838 34
839 34
840 19
841 10
842 5
843 2
844 0
845 1
846 2
847 16
848 29
849 26
850 17
851 9
852 7
853 12
854 8
855 6
856 11
857 8
858 17
859 32
860 43
861 43
862 38
863 45
864 27
865 21
866 13
867 4
868 0
869 1
870 1
871 14
872 29
873 15
874 14
875 10
876 10
877 10
878 6
879 7
880 9
881 6
882 23
883 34
884 37
885 28
886 33
887 36
888 29
889 22
890 15
891 6
892 4
893 5
894 3
895 2
896 7
897 6
898 10
899 14
900 16
901 16
902 21
903 16
904 18
905 19
906 19
907 41
908 39
909 24
910 20
911 37
912 34
913 36
914 26
915 19
916 13
917 6
918 1
919 3
920 3
921 11
922 16
923 21
924 19
925 15
926 11
927 20
928 19
929 20
930 18
931 15
932 9
933 14
934 10
935 5
936 5
937 7
938 1
939 1
940 0
941 1
942 14
943 29
944 22
945 22
946 12
947 6
948 14
949 10
950 14
951 7
952 5
953 10
954 17
955 27
956 24
957 25
958 23
959 15
960 12
961 4
962 0
963 1
964 0
965 3
966 15
967 28
968 26
969 24
970 17
971 8
972 7
973 7
974 7
975 3
976 10
977 13
978 23
979 35
980 34
981 39
982 33
983 20
984 8
985 5
986 5
987 1
988 1
989 4
990 15
991 33
992 27
993 25
994 16
995 15
996 15
997 14
998 13
999 9
